10000 10000 50000
1
6 1250 8750
198
1 6 0 35632 5
0
2 6 0 35632 5
0
3 6 0 35632 5
0
4 6 0 35632 5
0
5 6 0 35632 5
0
6 6 0 35632 5
0
7 6 0 35632 5
0
8 6 0 35632 5
0
9 6 0 35632 5
0
10 6 0 35632 5
0
11 6 0 35632 5
0
12 6 0 35632 5
0
13 6 0 35632 5
0
14 6 0 35632 5
0
15 6 0 35632 5
0
16 6 0 35632 5
0
17 6 0 35632 5
0
18 6 0 35632 5
0
19 6 0 35632 5
0
20 6 0 35632 5
0
21 6 0 35632 5
0
22 6 0 35632 5
0
23 6 0 35632 5
0
24 6 0 35632 5
0
25 6 0 35632 5
0
26 6 0 35632 5
0
27 6 0 35632 5
0
28 6 0 35632 5
0
29 6 0 35632 5
0
30 6 0 35632 5
0
31 6 0 35632 5
0
32 6 0 35632 5
0
33 6 0 35632 5
0
34 6 0 35632 5
0
35 6 0 35632 5
0
36 6 0 35632 5
0
37 6 0 35632 5
0
38 6 0 35632 5
0
39 6 0 35632 5
0
40 6 0 35632 5
0
41 6 0 35632 5
0
42 6 0 35632 5
0
43 6 0 35632 5
0
44 6 0 35632 5
0
45 6 0 35632 5
0
46 6 0 35632 5
0
47 6 0 35632 5
0
48 6 0 35632 5
0
49 6 0 35632 5
0
50 6 0 35632 5
0
51 6 0 35632 5
0
52 6 0 35632 5
0
53 6 0 35632 5
0
54 6 0 35632 5
0
55 6 0 35632 5
0
56 6 0 35632 5
0
57 6 0 35632 5
0
58 6 0 35632 5
0
59 6 0 35632 5
0
60 6 0 35632 5
0
61 6 0 35632 5
0
62 6 0 35632 5
0
63 6 0 35632 5
0
64 6 0 35632 5
0
65 6 0 35632 5
0
66 6 0 35632 5
0
67 6 0 35632 5
0
68 6 0 35632 5
0
69 6 0 35632 5
0
70 6 0 35632 5
0
71 6 0 35632 5
0
72 6 0 35632 5
0
73 6 0 35632 5
0
74 6 0 35632 5
0
75 6 0 35632 5
0
76 6 0 35632 5
0
77 6 0 35632 5
0
78 6 0 35632 5
0
79 6 0 35632 5
0
80 6 0 35632 5
0
81 6 0 35632 5
0
82 6 0 35632 5
0
83 6 0 35632 5
0
84 6 0 35632 5
0
85 6 0 35632 5
0
86 6 0 35632 5
0
87 6 0 35632 5
0
88 6 0 35632 5
0
89 6 0 35632 5
0
90 6 0 35632 5
0
91 6 0 35632 5
0
92 6 0 35632 5
0
93 6 0 35632 5
0
94 6 0 35632 5
0
95 6 0 35632 5
0
96 6 0 35632 5
0
97 6 0 35632 5
0
98 6 0 35632 5
0
99 6 0 35632 5
0
100 6 0 35632 5
0
101 6 0 35632 5
0
102 6 0 35632 5
0
103 6 0 35632 5
0
104 6 0 35632 5
0
105 6 0 35632 5
0
106 6 0 35632 5
0
107 6 0 35632 5
0
108 6 0 35632 5
0
109 6 0 35632 5
0
110 6 0 35632 5
0
111 6 0 35632 5
0
112 6 0 35632 5
0
113 6 0 35632 5
0
114 6 0 35632 5
0
115 6 0 35632 5
0
116 6 0 35632 5
0
117 6 0 35632 5
0
118 6 0 35632 5
0
119 6 0 35632 5
0
120 6 0 35632 5
0
121 6 0 35632 5
0
122 6 0 35632 5
0
123 6 0 35632 5
0
124 6 0 35632 5
0
125 6 0 35632 5
0
126 6 0 35632 5
0
127 6 0 35632 5
0
128 6 0 35632 5
0
129 6 0 35632 5
0
130 6 0 35632 5
0
131 6 0 35632 5
0
132 6 0 35632 5
0
133 6 0 35632 5
0
134 6 0 35632 5
0
135 6 0 35632 5
0
136 6 0 35632 5
0
137 6 0 35632 5
0
138 6 0 35632 5
0
139 6 0 35632 5
0
140 6 0 35632 5
0
141 6 0 35632 5
0
142 6 0 35632 5
0
143 6 0 35632 5
0
144 6 0 35632 5
0
145 6 0 35632 5
0
146 6 0 35632 5
0
147 6 0 35632 5
0
148 6 0 35632 5
0
149 6 0 35632 5
0
150 6 0 35632 5
0
151 6 0 35632 5
0
152 6 0 35632 5
0
153 6 0 35632 5
0
154 6 0 35632 5
0
155 6 0 35632 5
0
156 6 0 35632 5
0
157 6 0 35632 5
0
158 6 0 35632 5
0
159 6 0 35632 5
0
160 6 0 35632 5
0
161 6 0 35632 5
0
162 6 0 35632 5
0
163 6 0 35632 5
0
164 6 0 35632 5
0
165 6 0 35632 5
0
166 6 0 35632 5
0
167 6 0 35632 5
0
168 6 0 35632 5
0
169 6 0 35632 5
0
170 6 0 35632 5
0
171 6 0 35632 5
0
172 6 0 35632 5
0
173 6 0 35632 5
0
174 6 0 35632 5
0
175 6 0 35632 5
0
176 6 0 35632 5
0
177 6 0 35632 5
0
178 6 0 35632 5
0
179 6 0 35632 5
0
180 6 0 35632 5
0
181 6 0 35632 5
0
182 6 0 35632 5
0
183 6 0 35632 5
0
184 6 0 35632 5
0
185 6 0 35632 5
0
186 6 0 35632 5
0
187 6 0 35632 5
0
188 6 0 35632 5
0
189 6 0 35632 5
0
190 6 0 35632 5
0
191 6 0 35632 5
0
192 6 0 35632 5
0
193 6 0 35632 5
0
194 6 0 35632 5
0
195 6 0 35632 5
0
196 6 0 35632 5
0
197 6 0 35632 5
0
198 6 0 35632 5
0
625
6 6 -1
1, 2203, 1035, 9999, 447, 1, 4192, 8385, 12576
22 6 -1
1, 2547, 618, 2114, 1450, 1, 633, 1266, 1898
38 6 -1
1, 2864, 850, 2695, 813, 1, 103, 207, 309
54 6 -1
1, 3013, 966, 2697, 884, 1, 199, 399, 597
70 6 -1
1, 3421, 1188, 2709, 708, 1, 596, 1193, 1788
86 6 -1
110, 2829, 895, 2422, 864, 219, 437, 657, 875
102 6 -1
541, 3008, 986, 3091, 1485, 1082, 1372, 1664, 1954
118 6 -1
890, 1753, 740, 1936, 649, 1779, 1915, 2053, 2189
134 6 -1
1248, 3471, 1300, 476, 6241, 2496, 6463, 10432, 14399
150 6 -1
1577, 3170, 1855, 2224, 574, 3153, 4266, 5380, 6493
166 6 -1
1858, 2374, 584, 2247, 1465, 3715, 4218, 4723, 5226
182 6 -1
2110, 2415, 2012, 9999, 8626, 4219, 11317, 18417, 25515
198 6 -1
2267, 3029, 1671, 3475, 770, 4534, 5207, 5881, 6554
214 6 -1
2492, 2984, 702, 2847, 676, 4983, 5064, 5146, 5227
230 6 -1
2706, 3039, 982, 2627, 923, 5411, 5646, 5882, 6117
246 6 -1
2865, 2015, 2041, 2246, 1416, 5730, 6157, 6586, 7013
262 6 -1
3057, 3070, 930, 549, 652, 6113, 7512, 8912, 10311
278 6 -1
3272, 3098, 1342, 2703, 1106, 6543, 6858, 7174, 7489
294 6 -1
3417, 2864, 1157, 2702, 349, 6834, 7318, 7804, 8288
310 6 -1
3563, 3831, 620, 3732, 835, 7125, 7281, 7439, 7595
326 6 -1
3687, 2744, 503, 3200, 1230, 7374, 7965, 8557, 9148
342 6 -1
3894, 3546, 731, 1916, 628, 7787, 8653, 9520, 10386
358 6 -1
4051, 2995, 1967, 2263, 333, 8102, 9284, 10468, 11650
374 6 -1
4199, 2601, 419, 3494, 639, 8398, 8954, 9511, 10067
390 6 -1
4354, 2996, 1134, 3520, 1006, 8707, 9032, 9359, 9684
406 6 -1
4546, 2546, 569, 3016, 1308, 9091, 9695, 10300, 10904
422 6 -1
4683, 3241, 192, 3317, 526, 9365, 9569, 9775, 9979
438 6 -1
4808, 2392, 1086, 2050, 92, 9616, 10283, 10952, 11619
454 6 -1
4897, 2156, 750, 2963, 1193, 9793, 10417, 11043, 11667
470 6 -1
5003, 3375, 777, 2678, 1087, 10006, 10509, 11013, 11516
486 6 -1
5172, 2319, 883, 2809, 857, 10343, 10600, 10859, 11116
502 6 -1
5268, 2979, 630, 2415, 509, 10535, 10877, 11220, 11562
518 6 -1
5394, 2945, 687, 322, 906, 10788, 12208, 13630, 15050
534 6 -1
5488, 2455, 717, 3115, 598, 10975, 11364, 11754, 12143
550 6 -1
5574, 3225, 1426, 3367, 1039, 11148, 11412, 11677, 11941
566 6 -1
5703, 3605, 859, 3194, 1146, 11405, 11753, 12103, 12451
582 6 -1
5869, 1807, 169, 3340, 639, 11738, 12739, 13741, 14742
598 6 -1
5941, 3559, 971, 3283, 639, 11882, 12185, 12490, 12793
614 6 -1
6073, 2297, 987, 3205, 1789, 12146, 13000, 13856, 14710
630 6 -1
6158, 2910, 737, 2938, 1500, 12316, 12711, 13107, 13502
646 6 -1
6249, 2937, 982, 2815, 1317, 12498, 12726, 12955, 13183
662 6 -1
6308, 3758, 221, 3470, 1151, 12616, 13224, 13834, 14442
678 6 -1
6412, 3526, 1164, 9999, 7102, 12823, 19028, 25234, 31439
694 6 -1
6497, 3059, 560, 3488, 1351, 12993, 13602, 14213, 14822
710 6 -1
6587, 2261, 1617, 2451, 1224, 13173, 13464, 13756, 14047
726 6 -1
6663, 3663, 1334, 3160, 1380, 13325, 13599, 13874, 14148
742 6 -1
6744, 3158, 1593, 2875, 924, 13487, 13962, 14439, 14914
758 6 -1
6818, 2891, 1676, 2108, 1261, 13635, 14233, 14833, 15431
774 6 -1
6872, 2329, 622, 2430, 1692, 13744, 14329, 14915, 15500
790 6 -1
6947, 2425, 1695, 2838, 1640, 13893, 14126, 14361, 14594
806 6 -1
7008, 2045, 696, 2416, 631, 14015, 14232, 14451, 14668
822 6 -1
7105, 2741, 2395, 2438, 971, 14209, 15072, 15936, 16799
838 6 -1
7170, 3185, 728, 2448, 123, 14340, 15010, 15682, 16352
854 6 -1
7264, 1662, 1040, 9999, 6636, 14527, 21493, 28460, 35426
870 6 -1
7364, 2941, 671, 2797, 1217, 14728, 15072, 15418, 15762
886 6 -1
7422, 2455, 874, 2705, 869, 14843, 14970, 15098, 15225
902 6 -1
7470, 2666, 1003, 2665, 875, 14939, 15003, 15068, 15132
918 6 -1
7507, 2827, 394, 3051, 1861, 15013, 15858, 16704, 17549
934 6 -1
7586, 3270, 1213, 1919, 1492, 15172, 15986, 16802, 17616
950 6 -1
7665, 3252, 580, 2243, 1765, 15329, 16425, 17523, 18619
966 6 -1
7724, 1791, 377, 3308, 1026, 15448, 16530, 17614, 18696
982 6 -1
7789, 2536, 529, 3191, 1223, 15578, 16252, 16927, 17601
998 6 -1
7843, 3001, 764, 3199, 1234, 15685, 16018, 16353, 16686
1014 6 -1
7878, 2087, 1527, 2787, 665, 15755, 16535, 17317, 18097
1030 6 -1
7925, 2278, 629, 2189, 700, 15850, 15929, 16010, 16089
1046 6 -1
7966, 2786, 1057, 3754, 288, 15932, 16800, 17669, 18537
1062 6 -1
8009, 1728, 553, 3712, 1123, 16017, 17293, 18571, 19847
1078 6 -1
8063, 3102, 830, 2355, 519, 16125, 16653, 17183, 17711
1094 6 -1
8123, 2899, 804, 3369, 1457, 16245, 16806, 17368, 17929
1110 6 -1
8173, 2268, 1051, 2334, 935, 16346, 16436, 16528, 16618
1126 6 -1
8234, 2685, 1840, 2675, 1220, 16468, 16782, 17098, 17412
1142 6 -1
8288, 3085, 692, 3902, 1095, 16575, 17184, 17795, 18404
1158 6 -1
8320, 3154, 1120, 3532, 1136, 16640, 16836, 17034, 17230
1174 6 -1
8354, 2631, 647, 3298, 1475, 16707, 17454, 18202, 18949
1190 6 -1
8377, 3147, 777, 2168, 2180, 16754, 17944, 19136, 20326
1206 6 -1
8428, 2369, 1653, 1262, 385, 16855, 18042, 19230, 20417
1222 6 -1
8473, 3716, 839, 2248, 1371, 16945, 17944, 18945, 19944
1238 6 -1
8519, 3523, 2465, 2428, 739, 17037, 18447, 19858, 21268
1254 6 -1
8557, 2151, 428, 2847, 1525, 17114, 18010, 18907, 19803
1270 6 -1
8605, 3380, 1426, 2055, 1691, 17209, 18003, 18799, 19593
1286 6 -1
8677, 3287, 1521, 2530, 842, 17354, 18071, 18790, 19507
1302 6 -1
8726, 3245, 2187, 2554, 741, 17452, 18520, 19589, 20657
1318 6 -1
8770, 3334, 655, 2770, 946, 17539, 17966, 18394, 18821
1334 6 -1
8831, 2800, 1356, 2670, 1621, 17662, 17859, 18057, 18254
1350 6 -1
8875, 1659, 1247, 2806, 702, 17749, 18594, 19441, 20286
1366 6 -1
8913, 3162, 486, 3418, 1965, 17826, 18693, 19561, 20428
1382 6 -1
8951, 2650, 1278, 2415, 790, 17902, 18263, 18625, 18986
1398 6 -1
8984, 3253, 967, 3220, 651, 17967, 18141, 18316, 18490
1414 6 -1
9024, 2917, 1906, 3219, 2266, 18048, 18378, 18710, 19040
1430 6 -1
9075, 2873, 1317, 3975, 349, 18150, 19184, 20220, 21254
1446 6 -1
9105, 3314, 760, 3513, 1027, 18209, 18441, 18675, 18907
1462 6 -1
9137, 2132, 1426, 3258, 826, 18273, 19135, 19999, 20861
1478 6 -1
9183, 2662, 2002, 2594, 29, 18365, 19385, 20406, 21426
1494 6 -1
9219, 3271, 322, 1000, 0, 18437, 19733, 21030, 22326
1510 6 -1
9272, 2787, 881, 2618, 1197, 18544, 18786, 19029, 19271
1526 6 -1
9324, 1931, 2267, 2706, 1033, 18647, 19651, 20656, 21660
1542 6 -1
9365, 2890, 1734, 2697, 1535, 18730, 18925, 19122, 19317
1558 6 -1
9415, 3706, 1545, 2799, 740, 18830, 19685, 20542, 21397
1574 6 -1
9449, 3310, 1765, 2678, 1520, 18897, 19335, 19774, 20212
1590 6 -1
9497, 2417, 762, 3139, 1497, 18993, 19721, 20450, 21178
1606 6 -1
9538, 2659, 946, 1817, 569, 19075, 19684, 20294, 20903
1622 6 -1
9585, 1939, 462, 2724, 1168, 19170, 19915, 20661, 21406
1638 6 -1
9650, 3001, 436, 2098, 972, 19299, 20018, 20738, 21457
1654 6 -1
9692, 3271, 1051, 2719, 900, 19383, 19734, 20086, 20437
1670 6 -1
9757, 2828, 1258, 3145, 531, 19514, 20035, 20558, 21079
1686 6 -1
9785, 2530, 1657, 3042, 1552, 19569, 19877, 20186, 20494
1702 6 -1
9828, 4050, 774, 9999, 8606, 19656, 26546, 33437, 40327
1718 6 -1
9867, 3047, 950, 2745, 1040, 19733, 19928, 20125, 20320
1734 6 -1
9906, 2511, 402, 3855, 1668, 19812, 21116, 22422, 23726
1750 6 -1
9938, 2682, 766, 3726, 740, 19875, 20409, 20945, 21479
1766 6 -1
9999, 2211, 720, 2945, 117, 19997, 20665, 21334, 22002
1782 6 -1
10040, 1529, 816, 2307, 1488, 20079, 20803, 21529, 22253
1798 6 -1
10089, 3100, 661, 3008, 1531, 20178, 20658, 21140, 21620
1814 6 -1
10128, 3094, 818, 3035, 1137, 20255, 20443, 20633, 20821
1830 6 -1
10155, 2842, 1381, 2795, 432, 20310, 20807, 21306, 21803
1846 6 -1
10206, 2795, 902, 2687, 1480, 20412, 20754, 21098, 21440
1862 6 -1
10231, 2955, 1022, 2429, 496, 20462, 20987, 21514, 22039
1878 6 -1
10273, 3240, 1963, 3287, 1577, 20546, 20762, 20979, 21195
1894 6 -1
10314, 2417, 551, 3205, 93, 20627, 21249, 21873, 22495
1910 6 -1
10355, 2396, 1661, 2589, 756, 20710, 21258, 21808, 22356
1926 6 -1
10406, 3063, 749, 2484, 651, 20812, 21150, 21489, 21827
1942 6 -1
10436, 1347, 747, 3024, 1380, 20871, 22025, 23181, 24335
1958 6 -1
10468, 2747, 1303, 3311, 1602, 20935, 21366, 21798, 22229
1974 6 -1
10506, 2762, 544, 2966, 1159, 21012, 21421, 21831, 22240
1990 6 -1
10538, 3068, 438, 2558, 1092, 21075, 21656, 22239, 22820
2006 6 -1
10569, 3388, 1255, 2640, 1230, 21137, 21523, 21910, 22296
2022 6 -1
10589, 2769, 639, 9999, 9167, 21178, 29056, 36936, 44814
2038 6 -1
10628, 3197, 1284, 3449, 629, 21255, 21708, 22162, 22615
2054 6 -1
10646, 3070, 147, 3083, 914, 21291, 21680, 22071, 22460
2070 6 -1
10674, 2761, 509, 2255, 358, 21347, 21675, 22004, 22332
2086 6 -1
10690, 2874, 1156, 2858, 856, 21379, 21536, 21695, 21852
2102 6 -1
10731, 2252, 1500, 3606, 2245, 21461, 22510, 23560, 24609
2118 6 -1
10759, 2501, 1272, 2349, 2202, 21518, 22058, 22600, 23140
2134 6 -1
10789, 2733, 722, 2396, 800, 21577, 21784, 21992, 22199
2150 6 -1
10830, 1893, 661, 2858, 1395, 21660, 22509, 23359, 24208
2166 6 -1
10861, 3144, 348, 3449, 549, 21721, 21973, 22227, 22479
2182 6 -1
10911, 2480, 1694, 2539, 1256, 21821, 22069, 22318, 22566
2198 6 -1
10949, 2319, 601, 2490, 737, 21897, 22050, 22204, 22357
2214 6 -1
10979, 4282, 967, 3044, 951, 21958, 22584, 23212, 23838
2230 6 -1
11018, 2497, 1064, 2773, 765, 22036, 22323, 22611, 22898
2246 6 -1
11044, 4037, 2197, 3403, 747, 22088, 23129, 24172, 25213
2262 6 -1
11086, 2513, 1589, 2339, 1006, 22172, 22550, 22929, 23307
2278 6 -1
11119, 2358, 488, 2780, 1223, 22237, 22815, 23394, 23972
2294 6 -1
11149, 3273, 397, 1504, 982, 22298, 23474, 24652, 25828
2310 6 -1
11174, 3191, 501, 2326, 449, 22347, 22805, 23264, 23722
2326 6 -1
11210, 3971, 1375, 1863, 1194, 22420, 23564, 24709, 25853
2342 6 -1
11241, 3183, 985, 2958, 1013, 22482, 22608, 22735, 22861
2358 6 -1
11270, 3389, 312, 2389, 1562, 22539, 23663, 24789, 25913
2374 6 -1
11312, 2679, 416, 2556, 680, 22623, 22816, 23010, 23203
2390 6 -1
11346, 3323, 978, 3821, 971, 22691, 22943, 23196, 23448
2406 6 -1
11371, 1952, 1279, 2500, 623, 22741, 23342, 23945, 24546
2422 6 -1
11406, 3095, 959, 3298, 1263, 22812, 23065, 23319, 23572
2438 6 -1
11439, 2664, 539, 2664, 1038, 22877, 23126, 23376, 23625
2454 6 -1
11465, 2689, 224, 2864, 1021, 22929, 23414, 23901, 24386
2470 6 -1
11499, 3432, 35, 2744, 410, 22998, 23529, 24061, 24592
2486 6 -1
11539, 3207, 980, 2230, 797, 23078, 23657, 24238, 24817
2502 6 -1
11563, 3070, 272, 3342, 545, 23126, 23398, 23671, 23943
2518 6 -1
11601, 3501, 671, 2468, 1072, 23201, 23917, 24635, 25351
2534 6 -1
11625, 2436, 953, 2923, 705, 23249, 23616, 23984, 24351
2550 6 -1
11656, 2966, 712, 2497, 1684, 23312, 24032, 24753, 25473
2566 6 -1
11678, 3523, 493, 3181, 271, 23356, 23637, 23920, 24201
2582 6 -1
11713, 2274, 1050, 2275, 890, 23426, 23506, 23587, 23667
2598 6 -1
11749, 3252, 1535, 2690, 922, 23498, 24085, 24673, 25260
2614 6 -1
11784, 2862, 845, 2320, 1897, 23568, 24364, 25162, 25958
2630 6 -1
11816, 2825, 962, 2949, 984, 23632, 23704, 23778, 23850
2646 6 -1
11840, 2435, 1402, 2339, 220, 23679, 24317, 24957, 25595
2662 6 -1
11878, 2891, 1580, 2920, 565, 23755, 24276, 24799, 25320
2678 6 -1
11908, 3120, 130, 3266, 778, 23815, 24211, 24609, 25005
2694 6 -1
11947, 2958, 1403, 2150, 899, 23894, 24549, 25206, 25861
2710 6 -1
11969, 2174, 440, 2579, 1023, 23938, 24431, 24926, 25419
2726 6 -1
11997, 2896, 1242, 3476, 1325, 23994, 24325, 24657, 24988
2742 6 -1
12040, 3463, 351, 2519, 235, 24079, 24608, 25139, 25668
2758 6 -1
12073, 2978, 2167, 3068, 1005, 24145, 24770, 25397, 26022
2774 6 -1
12093, 3011, 1055, 3146, 1343, 24186, 24397, 24609, 24820
2790 6 -1
12134, 2944, 1359, 3277, 1640, 24267, 24573, 24881, 25187
2806 6 -1
12153, 2990, 1189, 909, 8962, 24305, 29231, 34159, 39085
2822 6 -1
12186, 1880, 1307, 3267, 195, 24372, 25621, 26871, 28120
2838 6 -1
12213, 1983, 753, 2649, 582, 24425, 24843, 25262, 25680
2854 6 -1
12240, 2188, 1463, 3491, 71, 24479, 25826, 27174, 28521
2870 6 -1
12264, 2726, 734, 9999, 308, 24527, 28376, 32226, 36075
2886 6 -1
12301, 2721, 1221, 2508, 574, 24601, 25030, 25461, 25890
2902 6 -1
12325, 1767, 668, 2337, 566, 24650, 24985, 25322, 25657
2918 6 -1
12350, 2349, 1143, 2243, 1409, 24699, 24884, 25071, 25256
2934 6 -1
12377, 2481, 821, 2312, 1105, 24754, 24980, 25207, 25433
2950 6 -1
12396, 3594, 923, 2049, 1034, 24792, 25619, 26448, 27275
2966 6 -1
12420, 1626, 1374, 2355, 1007, 24840, 25387, 25936, 26483
2982 6 -1
12456, 2918, 1026, 2148, 831, 24911, 25393, 25876, 26358
2998 6 -1
12483, 2473, 1930, 2672, 599, 24965, 25729, 26495, 27259
3014 6 -1
12507, 3361, 803, 2570, 1189, 25013, 25601, 26190, 26778
3030 6 -1
12531, 2564, 350, 2695, 784, 25062, 25344, 25627, 25909
3046 6 -1
12556, 2327, 255, 3986, 1768, 25111, 26696, 28283, 29868
3062 6 -1
12578, 1873, 1120, 3188, 956, 25155, 25894, 26634, 27373
3078 6 -1
12601, 2997, 395, 2556, 559, 25201, 25503, 25806, 26108
3094 6 -1
12631, 2364, 1645, 1947, 1499, 25262, 25543, 25825, 26106
3110 6 -1
12665, 2337, 331, 2654, 712, 25329, 25677, 26027, 26375
3126 6 -1
12689, 2600, 567, 3849, 2446, 25377, 26940, 28505, 30068
3142 6 -1
12727, 2553, 838, 2291, 840, 25454, 25585, 25718, 25849
3158 6 -1
12748, 2774, 763, 2596, 1268, 25495, 25836, 26178, 26519
3174 6 -1
12773, 2924, 961, 2842, 153, 25546, 25990, 26436, 26880
3190 6 -1
12793, 2382, 1497, 2429, 809, 25586, 25953, 26321, 26688
3206 6 -1
12818, 2974, 918, 9999, 508, 25635, 29352, 33070, 36787
3222 6 -1
12834, 2348, 1196, 2394, 1623, 25668, 25904, 26141, 26377
3238 6 -1
12859, 2442, 1247, 3407, 339, 25718, 26654, 27591, 28527
3254 6 -1
12880, 3130, 1198, 2250, 1099, 25759, 26248, 26738, 27227
3270 6 -1
12900, 3120, 1085, 2779, 560, 25799, 26231, 26665, 27097
3286 6 -1
12922, 3193, 1063, 2176, 662, 25843, 26551, 27261, 27969
3302 6 -1
12952, 2812, 1577, 3862, 1283, 25904, 26575, 27248, 27919
3318 6 -1
12974, 3125, 1317, 3139, 485, 25947, 26369, 26793, 27215
3334 6 -1
13006, 2143, 953, 3398, 1048, 26012, 26686, 27362, 28036
3350 6 -1
13025, 2470, 807, 3260, 1072, 26049, 26576, 27104, 27631
3366 6 -1
13052, 3300, 933, 2065, 1004, 26103, 26755, 27409, 28061
3382 6 -1
13073, 2898, 1363, 3648, 1278, 26145, 26562, 26980, 27397
3398 6 -1
13099, 3070, 971, 2937, 218, 26197, 26639, 27083, 27525
3414 6 -1
13127, 3115, 2015, 3172, 857, 26254, 26861, 27469, 28076
3430 6 -1
13152, 1951, 1309, 3103, 640, 26303, 27213, 28124, 29034
3446 6 -1
13175, 2807, 623, 2072, 1082, 26350, 26946, 27544, 28140
3462 6 -1
13196, 3400, 1314, 1976, 1635, 26391, 27263, 28136, 29008
3478 6 -1
13221, 3054, 1166, 2345, 881, 26442, 26938, 27436, 27932
3494 6 -1
13266, 1853, 958, 2724, 722, 26531, 27084, 27638, 28191
3510 6 -1
13303, 2618, 1374, 2275, 290, 26605, 27318, 28032, 28745
3526 6 -1
13333, 2730, 1007, 1711, 441, 26666, 27458, 28251, 29043
3542 6 -1
13362, 3195, 982, 2179, 241, 26723, 27601, 28480, 29358
3558 6 -1
13384, 2261, 600, 2514, 672, 26768, 26930, 27093, 27255
3574 6 -1
13405, 2170, 1909, 3096, 1061, 26810, 27696, 28584, 29470
3590 6 -1
13430, 3432, 1220, 2975, 361, 26859, 27516, 28175, 28832
3606 6 -1
13459, 2182, 1119, 2512, 1165, 26917, 27104, 27293, 27480
3622 6 -1
13487, 2651, 527, 2600, 1033, 26973, 27251, 27530, 27808
3638 6 -1
13505, 2755, 2152, 2096, 890, 27009, 27969, 28930, 29890
3654 6 -1
13528, 3759, 915, 2650, 968, 27056, 27636, 28218, 28798
3670 6 -1
13552, 3249, 1202, 2564, 1273, 27103, 27480, 27859, 28236
3686 6 -1
13583, 2377, 542, 2609, 1017, 27165, 27518, 27872, 28225
3702 6 -1
13610, 2353, 677, 2436, 1404, 27220, 27624, 28030, 28434
3718 6 -1
13632, 3195, 408, 342, 5124, 27264, 31048, 34833, 38617
3734 6 -1
13662, 2906, 1238, 1458, 903, 27323, 28214, 29106, 29997
3750 6 -1
13687, 2415, 1562, 2753, 1264, 27374, 27691, 28010, 28327
3766 6 -1
13717, 2819, 1112, 2129, 1497, 27434, 27971, 28509, 29046
3782 6 -1
13742, 3446, 534, 299, 5734, 27484, 31657, 35831, 40004
3798 6 -1
13774, 3146, 1044, 2891, 853, 27548, 27770, 27994, 28216
3814 6 -1
13807, 3062, 839, 3254, 707, 27613, 27774, 27937, 28098
3830 6 -1
13834, 2747, 1162, 3021, 1541, 27667, 27993, 28320, 28646
3846 6 -1
13864, 3287, 870, 3156, 1109, 27727, 27911, 28097, 28281
3862 6 -1
13885, 3073, 994, 2123, 540, 27770, 28471, 29174, 29875
3878 6 -1
13922, 2783, 865, 3702, 1031, 27843, 28385, 28928, 29470
3894 6 -1
13937, 1739, 245, 3166, 1132, 27874, 29030, 30188, 31344
3910 6 -1
13961, 2086, 828, 726, 9211, 27921, 32792, 37664, 42535
3926 6 -1
14000, 2575, 1166, 1518, 931, 27999, 28644, 29291, 29936
3942 6 -1
14028, 2864, 1323, 2748, 1124, 28056, 28213, 28371, 28528
3958 6 -1
14064, 3054, 1662, 3416, 1617, 28127, 28330, 28534, 28737
3974 6 -1
14095, 3344, 518, 3599, 637, 28189, 28375, 28563, 28749
3990 6 -1
14129, 2429, 688, 2652, 1172, 28257, 28610, 28964, 29317
4006 6 -1
14156, 2650, 928, 9999, 6349, 28312, 34696, 41082, 47466
4022 6 -1
14187, 2786, 263, 2582, 1758, 28373, 29222, 30072, 30921
4038 6 -1
14211, 2974, 2331, 3358, 865, 28421, 29345, 30271, 31195
4054 6 -1
14231, 3437, 909, 2672, 1301, 28461, 29039, 29618, 30196
4070 6 -1
14257, 2664, 1735, 2392, 1092, 28514, 28971, 29429, 29886
4086 6 -1
14277, 2780, 999, 2950, 990, 28553, 28642, 28732, 28821
4102 6 -1
14302, 2996, 1113, 3307, 553, 28603, 29038, 29474, 29909
4118 6 -1
14320, 2807, 840, 3037, 35, 28640, 29157, 29675, 30192
4134 6 -1
14342, 2095, 675, 2897, 235, 28683, 29303, 29925, 30545
4150 6 -1
14360, 2325, 1682, 2569, 521, 28720, 29422, 30125, 30827
4166 6 -1
14371, 2205, 1016, 2745, 1975, 28741, 29490, 30240, 30989
4182 6 -1
14400, 2409, 1198, 3269, 1605, 28800, 29433, 30067, 30700
4198 6 -1
14418, 2374, 753, 2780, 458, 28835, 29185, 29536, 29886
4214 6 -1
14443, 3042, 630, 2906, 447, 28886, 29045, 29205, 29364
4230 6 -1
14457, 1990, 400, 1814, 1228, 28914, 29415, 29918, 30419
4246 6 -1
14477, 3324, 482, 2144, 1386, 28953, 29994, 31037, 32078
4262 6 -1
14503, 3484, 498, 3214, 1203, 29006, 29493, 29981, 30468
4278 6 -1
14524, 2598, 743, 2898, 1165, 29048, 29408, 29770, 30130
4294 6 -1
14540, 2120, 1503, 2776, 1294, 29080, 29512, 29945, 30377
4310 6 -1
14574, 2735, 887, 2804, 1422, 29147, 29448, 29751, 30052
4326 6 -1
14600, 3029, 1286, 9999, 464, 29200, 33095, 36992, 40887
4342 6 -1
14624, 2676, 1032, 2625, 858, 29247, 29359, 29472, 29584
4358 6 -1
14649, 2944, 623, 3193, 1628, 29298, 29924, 30552, 31178
4374 6 -1
14670, 3263, 1588, 2945, 827, 29340, 29879, 30419, 30958
4390 6 -1
14686, 2787, 2030, 67, 9762, 29372, 34597, 39824, 45049
4406 6 -1
14708, 2206, 881, 3199, 1259, 29415, 30100, 30786, 31471
4422 6 -1
14732, 1767, 996, 3147, 1058, 29463, 30183, 30905, 31625
4438 6 -1
14756, 2194, 769, 2342, 1334, 29512, 29868, 30225, 30581
4454 6 -1
14783, 3156, 1273, 2386, 1510, 29565, 30068, 30572, 31075
4470 6 -1
14805, 2525, 799, 2970, 1198, 29609, 30030, 30453, 30874
4486 6 -1
14834, 3062, 706, 2836, 1541, 29668, 30198, 30729, 31259
4502 6 -1
14860, 3659, 316, 2067, 470, 29720, 30592, 31466, 32338
4518 6 -1
14893, 3209, 567, 2581, 216, 29786, 30275, 30765, 31254
4534 6 -1
14916, 1938, 817, 883, 240, 29831, 30646, 31463, 32278
4550 6 -1
14943, 2147, 331, 3103, 1439, 29886, 30917, 31950, 32981
4566 6 -1
14969, 2422, 401, 3290, 1349, 29938, 30845, 31754, 32661
4582 6 -1
14990, 2345, 1920, 2889, 1238, 29980, 30592, 31206, 31818
4598 6 -1
15007, 3376, 821, 3477, 947, 30013, 30126, 30240, 30353
4614 6 -1
15034, 2490, 224, 2231, 1767, 30067, 30967, 31869, 32769
4630 6 -1
15047, 2675, 851, 2689, 1373, 30093, 30360, 30629, 30896
4646 6 -1
15076, 3045, 1064, 3584, 548, 30152, 30679, 31207, 31734
4662 6 -1
15095, 2529, 1321, 1877, 915, 30190, 30718, 31248, 31776
4678 6 -1
15119, 2992, 1163, 2819, 1201, 30238, 30343, 30449, 30554
4694 6 -1
15136, 3210, 607, 2292, 1082, 30271, 30967, 31664, 32360
4710 6 -1
15162, 3409, 1214, 2328, 335, 30323, 31302, 32283, 33262
4726 6 -1
15187, 3159, 506, 3523, 1975, 30373, 31289, 32206, 33122
4742 6 -1
15208, 1596, 1899, 2851, 920, 30415, 31531, 32649, 33765
4758 6 -1
15230, 1997, 741, 2930, 1133, 30459, 31121, 31784, 32446
4774 6 -1
15253, 2904, 746, 1933, 1071, 30506, 31153, 31802, 32449
4790 6 -1
15273, 2750, 1428, 3332, 1405, 30545, 30847, 31150, 31452
4806 6 -1
15286, 2739, 1523, 2272, 1465, 30571, 30833, 31096, 31358
4822 6 -1
15308, 1968, 1112, 2632, 548, 30616, 31229, 31844, 32457
4838 6 -1
15331, 2708, 422, 9999, 7013, 30662, 37602, 44544, 51484
4854 6 -1
15357, 3082, 1833, 2450, 1061, 30714, 31415, 32118, 32819
4870 6 -1
15374, 3656, 898, 3692, 1186, 30748, 30909, 31072, 31233
4886 6 -1
15397, 2327, 1821, 3219, 202, 30793, 32048, 33304, 34559
4902 6 -1
15415, 3275, 188, 2422, 624, 30830, 31474, 32119, 32763
4918 6 -1
15429, 2936, 536, 3238, 677, 30857, 31078, 31300, 31521
4934 6 -1
15448, 2787, 1511, 3154, 1408, 30895, 31129, 31365, 31599
4950 6 -1
15485, 2958, 1481, 2419, 1004, 30970, 31477, 31986, 32493
4966 6 -1
15511, 2517, 1400, 2512, 1560, 31021, 31103, 31186, 31268
4982 6 -1
15541, 2694, 1191, 3219, 1262, 31082, 31379, 31678, 31975
4998 6 -1
15563, 2394, 1350, 2245, 658, 31125, 31545, 31966, 32386
5014 6 -1
15581, 3167, 1266, 3205, 1568, 31161, 31330, 31501, 31670
5030 6 -1
15600, 2256, 1, 1725, 1055, 31200, 31992, 32785, 33577
5046 6 -1
15618, 3469, 623, 2591, 1451, 31236, 32088, 32942, 33794
5062 6 -1
15654, 2423, 1023, 2270, 1453, 31308, 31599, 31891, 32182
5078 6 -1
15680, 3412, 1277, 2382, 926, 31359, 32049, 32740, 33430
5094 6 -1
15696, 3434, 1546, 2771, 1768, 31392, 31834, 32277, 32719
5110 6 -1
15717, 2573, 945, 3111, 1903, 31434, 32181, 32930, 33677
5126 6 -1
15741, 2861, 539, 2639, 2217, 31482, 32431, 33382, 34331
5142 6 -1
15761, 2240, 780, 2195, 1330, 31522, 31819, 32117, 32414
5158 6 -1
15780, 2516, 779, 9999, 3287, 31559, 36554, 41550, 46545
5174 6 -1
15800, 2324, 1263, 3059, 1182, 31599, 32006, 32415, 32822
5190 6 -1
15816, 2855, 1162, 1892, 584, 31631, 32401, 33172, 33942
5206 6 -1
15851, 2738, 1020, 2550, 1757, 31701, 32163, 32626, 33088
5222 6 -1
15872, 3310, 1527, 2254, 1249, 31744, 32410, 33078, 33744
5238 6 -1
15897, 2936, 1211, 2174, 1797, 31793, 32466, 33141, 33814
5254 6 -1
15923, 2408, 985, 2146, 1115, 31846, 32041, 32238, 32433
5270 6 -1
15943, 3638, 1382, 3130, 825, 31885, 32417, 32950, 33482
5286 6 -1
15963, 2951, 1088, 2913, 620, 31925, 32177, 32431, 32683
5302 6 -1
15983, 2667, 1072, 3484, 1418, 31965, 32546, 33128, 33709
5318 6 -1
16006, 2706, 1563, 3508, 2066, 32012, 32664, 33317, 33969
5334 6 -1
16034, 2691, 908, 3148, 560, 32067, 32469, 32872, 33274
5350 6 -1
16055, 2091, 1352, 2590, 395, 32109, 32836, 33565, 34292
5366 6 -1
16079, 3471, 1362, 3223, 1381, 32157, 32290, 32424, 32557
5382 6 -1
16100, 2945, 1469, 2539, 801, 32199, 32735, 33273, 33809
5398 6 -1
16121, 2938, 878, 2741, 702, 32241, 32427, 32614, 32800
5414 6 -1
16143, 1660, 858, 2536, 1027, 32286, 32808, 33331, 33853
5430 6 -1
16167, 2375, 53, 2270, 573, 32333, 32645, 32958, 33270
5446 6 -1
16190, 2157, 1592, 2554, 1469, 32379, 32638, 32899, 33158
5462 6 -1
16227, 2410, 648, 2852, 993, 32454, 32847, 33241, 33634
5478 6 -1
16244, 3677, 124, 2733, 914, 32487, 33353, 34221, 35087
5494 6 -1
16267, 2623, 1692, 3290, 899, 32533, 33262, 33993, 34722
5510 6 -1
16289, 2762, 1742, 2690, 1315, 32578, 32827, 33077, 33326
5526 6 -1
16306, 2771, 956, 3126, 707, 32612, 32913, 33216, 33517
5542 6 -1
16331, 2386, 468, 2647, 831, 32662, 32973, 33286, 33597
5558 6 -1
16356, 3118, 1782, 1937, 1089, 32711, 33647, 34585, 35521
5574 6 -1
16372, 2921, 510, 3218, 1294, 32744, 33284, 33825, 34365
5590 6 -1
16395, 2698, 291, 3446, 57, 32789, 33279, 33771, 34261
5606 6 -1
16405, 2507, 1304, 3648, 162, 32810, 33951, 35093, 36234
5622 6 -1
16417, 2538, 1925, 1721, 974, 32834, 33717, 34602, 35485
5638 6 -1
16435, 2700, 1419, 2605, 543, 32870, 33355, 33841, 34326
5654 6 -1
16471, 3173, 1016, 2821, 926, 32942, 33162, 33384, 33604
5670 6 -1
16494, 2441, 828, 3322, 591, 32987, 33545, 34105, 34663
5686 6 -1
16521, 1744, 1808, 2768, 640, 33042, 34137, 35234, 36329
5702 6 -1
16548, 2144, 2182, 2505, 860, 33095, 33936, 34778, 35619
5718 6 -1
16563, 2628, 948, 1695, 1583, 33125, 33908, 34693, 35476
5734 6 -1
16580, 1969, 936, 2775, 1149, 33159, 33668, 34178, 34687
5750 6 -1
16600, 2986, 761, 2588, 150, 33200, 33704, 34209, 34713
5766 6 -1
16620, 3043, 732, 2786, 1756, 33239, 33879, 34520, 35160
5782 6 -1
16639, 2577, 600, 2828, 1744, 33278, 33975, 34673, 35370
5798 6 -1
16655, 3135, 2086, 2304, 1341, 33310, 34097, 34886, 35673
5814 6 -1
16675, 2437, 1491, 3600, 931, 33350, 34211, 35073, 35934
5830 6 -1
16693, 3026, 677, 2921, 669, 33385, 33441, 33498, 33554
5846 6 -1
16715, 3012, 1280, 2015, 1771, 33430, 34173, 34918, 35661
5862 6 -1
16739, 3218, 1642, 3693, 1290, 33477, 33890, 34304, 34717
5878 6 -1
16762, 2780, 143, 2276, 1787, 33524, 34597, 35672, 36745
5894 6 -1
16779, 2682, 542, 3362, 1447, 33558, 34350, 35143, 35935
5910 6 -1
16802, 2383, 1001, 3028, 1149, 33604, 34000, 34397, 34793
5926 6 -1
16815, 2170, 1165, 2382, 853, 33629, 33890, 34153, 34414
5942 6 -1
16837, 2955, 1397, 3266, 1204, 33674, 33925, 34178, 34429
5958 6 -1
16855, 2919, 613, 2708, 210, 33710, 34016, 34324, 34630
5974 6 -1
16889, 2251, 1885, 3097, 1347, 33777, 34468, 35161, 35852
5990 6 -1
16903, 2372, 1485, 2736, 1357, 33806, 34051, 34298, 34543
6006 6 -1
16931, 3225, 587, 4434, 176, 33862, 34671, 35482, 36291
6022 6 -1
16959, 2891, 968, 3654, 1446, 33917, 34537, 35158, 35778
6038 6 -1
16978, 3173, 567, 3354, 1123, 33956, 34324, 34693, 35061
6054 6 -1
16995, 2567, 1375, 2409, 1059, 33989, 34225, 34463, 34699
6070 6 -1
17009, 2966, 1102, 2596, 1512, 34017, 34406, 34797, 35186
6086 6 -1
17027, 2570, 1345, 2603, 1104, 34054, 34190, 34328, 34464
6102 6 -1
17047, 2279, 1164, 2892, 357, 34093, 34802, 35513, 36222
6118 6 -1
17073, 3606, 1213, 3189, 1962, 34146, 34728, 35312, 35894
6134 6 -1
17099, 2857, 1310, 2586, 555, 34198, 34710, 35224, 35736
6150 6 -1
17117, 2841, 1162, 2901, 887, 34234, 34401, 34569, 34736
6166 6 -1
17139, 2537, 765, 2969, 858, 34277, 34539, 34802, 35064
6182 6 -1
17162, 2536, 29, 3213, 1508, 34323, 35400, 36479, 37556
6198 6 -1
17182, 3317, 477, 3075, 1655, 34363, 35072, 35783, 36492
6214 6 -1
17206, 3397, 1454, 2631, 177, 34412, 35433, 36455, 37476
6230 6 -1
17226, 3332, 863, 3090, 1091, 34452, 34686, 34922, 35156
6246 6 -1
17258, 2967, 1646, 2584, 309, 34515, 35374, 36235, 37094
6262 6 -1
17275, 3371, 866, 3261, 1121, 34549, 34731, 34914, 35096
6278 6 -1
17291, 2508, 996, 2790, 1079, 34582, 34764, 34947, 35129
6294 6 -1
17312, 3188, 679, 2363, 1309, 34623, 35350, 36078, 36805
6310 6 -1
17339, 3503, 788, 2774, 1040, 34678, 35168, 35659, 36149
6326 6 -1
17364, 3053, 151, 3134, 1025, 34727, 35204, 35682, 36159
6342 6 -1
17380, 2333, 1413, 2328, 1533, 34760, 34822, 34885, 34947
6358 6 -1
17394, 2139, 862, 2757, 876, 34788, 35103, 35420, 35735
6374 6 -1
17414, 3245, 1296, 2108, 1179, 34828, 35454, 36082, 36708
6390 6 -1
17435, 3030, 764, 2077, 918, 34870, 35423, 35977, 36530
6406 6 -1
17462, 3313, 248, 2277, 196, 34924, 35467, 36012, 36555
6422 6 -1
17475, 3542, 2100, 2972, 1135, 34949, 35716, 36484, 37251
6438 6 -1
17498, 3403, 387, 1870, 945, 34996, 36041, 37087, 38132
6454 6 -1
17525, 2868, 437, 2893, 752, 35049, 35218, 35389, 35558
6470 6 -1
17554, 2458, 1472, 2869, 537, 35107, 35779, 36453, 37125
6486 6 -1
17578, 2946, 1405, 3261, 1259, 35156, 35386, 35617, 35847
6502 6 -1
17591, 3100, 507, 1921, 2090, 35181, 36561, 37943, 39323
6518 6 -1
17615, 2814, 1014, 2396, 886, 35229, 35501, 35775, 36047
6534 6 -1
17634, 2188, 888, 2657, 1072, 35267, 35593, 35920, 36246
6550 6 -1
17661, 2070, 773, 3330, 621, 35321, 36026, 36733, 37438
6566 6 -1
17683, 2873, 246, 2408, 823, 35366, 35886, 36408, 36928
6582 6 -1
17708, 2550, 816, 2982, 649, 35415, 35714, 36014, 36313
6598 6 -1
17728, 2932, 1385, 3827, 227, 35456, 36482, 37509, 38535
6614 6 -1
17752, 3024, 806, 2440, 366, 35504, 36015, 36528, 37039
6630 6 -1
17773, 3088, 1533, 3406, 1179, 35546, 35881, 36218, 36553
6646 6 -1
17792, 3489, 1386, 2786, 1062, 35584, 36097, 36611, 37124
6662 6 -1
17805, 2063, 748, 3277, 793, 35609, 36238, 36868, 37497
6678 6 -1
17819, 3033, 1205, 3368, 1132, 35637, 35840, 36045, 36248
6694 6 -1
17847, 2970, 666, 2270, 489, 35694, 36132, 36571, 37009
6710 6 -1
17866, 2310, 1869, 2748, 850, 35731, 36459, 37188, 37916
6726 6 -1
17883, 2913, 500, 2816, 1781, 35766, 36454, 37144, 37832
6742 6 -1
17903, 3413, 432, 2089, 1243, 35806, 36873, 37941, 39008
6758 6 -1
17926, 2351, 1376, 2689, 1299, 35851, 36058, 36266, 36473
6774 6 -1
17949, 3637, 874, 2599, 1276, 35898, 36617, 37338, 38057
6790 6 -1
17979, 2471, 929, 2732, 1645, 35957, 36445, 36934, 37422
6806 6 -1
17996, 2354, 1368, 2484, 1080, 35992, 36200, 36410, 36618
6822 6 -1
18031, 3042, 1477, 3172, 1213, 36062, 36258, 36456, 36652
6838 6 -1
18048, 3062, 1148, 2756, 466, 36096, 36589, 37084, 37577
6854 6 -1
18078, 3127, 663, 3317, 593, 36155, 36284, 36415, 36544
6870 6 -1
18099, 2259, 1302, 9999, 1761, 36198, 40297, 44397, 48496
6886 6 -1
18119, 2740, 1155, 3152, 760, 36238, 36641, 37045, 37448
6902 6 -1
18137, 1931, 1714, 3003, 1986, 36273, 36944, 37617, 38288
6918 6 -1
18162, 2853, 1504, 2007, 1678, 36323, 36832, 37343, 37852
6934 6 -1
18186, 2873, 1431, 2598, 913, 36371, 36767, 37164, 37560
6950 6 -1
18206, 2478, 1360, 2015, 1305, 36411, 36669, 36929, 37187
6966 6 -1
18231, 2569, 1604, 2634, 1085, 36461, 36752, 37045, 37336
6982 6 -1
18257, 3123, 531, 2801, 512, 36514, 36684, 36855, 37025
6998 6 -1
18278, 2604, 1761, 3020, 395, 36555, 37445, 38337, 39227
7014 6 -1
18306, 2401, 898, 3872, 1550, 36611, 37672, 38734, 39795
7030 6 -1
18334, 3001, 926, 2314, 545, 36667, 37200, 37735, 38268
7046 6 -1
18355, 3598, 1310, 3020, 317, 36710, 37495, 38281, 39066
7062 6 -1
18372, 2867, 1557, 3446, 924, 36744, 37349, 37956, 38561
7078 6 -1
18397, 2317, 1045, 3046, 1864, 36794, 37567, 38342, 39115
7094 6 -1
18422, 1978, 592, 2201, 464, 36844, 37019, 37195, 37370
7110 6 -1
18445, 2789, 722, 2435, 1173, 36890, 37292, 37695, 38097
7126 6 -1
18464, 2833, 731, 3186, 354, 36927, 37291, 37657, 38021
7142 6 -1
18483, 3346, 1043, 2624, 393, 36966, 37651, 38338, 39023
7158 6 -1
18514, 2711, 1328, 2775, 956, 37027, 37244, 37463, 37680
7174 6 -1
18532, 2934, 519, 2409, 306, 37064, 37432, 37802, 38170
7190 6 -1
18560, 2436, 597, 2646, 1630, 37119, 37740, 38362, 38983
7206 6 -1
18586, 3535, 1176, 3048, 1481, 37172, 37567, 37964, 38359
7222 6 -1
18623, 3196, 1057, 3197, 1898, 37246, 37666, 38088, 38508
7238 6 -1
18648, 3383, 1667, 3615, 296, 37296, 38097, 38899, 39700
7254 6 -1
18670, 2837, 1061, 2989, 896, 37340, 37498, 37657, 37815
7270 6 -1
18686, 3177, 1025, 9999, 448, 37372, 41071, 44771, 48470
7286 6 -1
18708, 2506, 1111, 2816, 1526, 37415, 37777, 38140, 38502
7302 6 -1
18735, 3200, 603, 2943, 864, 37470, 37728, 37988, 38246
7318 6 -1
18772, 2878, 381, 2197, 993, 37544, 38190, 38837, 39483
7334 6 -1
18788, 3190, 1977, 2009, 1459, 37575, 38424, 39274, 40123
7350 6 -1
18805, 3191, 1243, 2959, 1049, 37610, 37822, 38036, 38248
7366 6 -1
18829, 1829, 84, 1970, 724, 37657, 38047, 38438, 38828
7382 6 -1
18852, 2844, 569, 9999, 126, 37703, 41501, 45301, 49099
7398 6 -1
18878, 2558, 1418, 2790, 1604, 37756, 37964, 38174, 38382
7414 6 -1
18896, 2079, 1000, 2416, 1276, 37791, 38097, 38404, 38710
7430 6 -1
18912, 2732, 385, 2146, 1528, 37824, 38688, 39553, 40417
7446 6 -1
18939, 2294, 1469, 2474, 1815, 37877, 38139, 38403, 38665
7462 6 -1
18964, 2202, 1147, 1936, 304, 37928, 38482, 39037, 39591
7478 6 -1
18994, 2907, 1041, 2868, 1456, 37988, 38214, 38442, 38668
7494 6 -1
19015, 3039, 413, 2198, 773, 38030, 38630, 39231, 39831
7510 6 -1
19035, 3033, 741, 3253, 1273, 38070, 38445, 38822, 39197
7526 6 -1
19066, 2480, 1305, 2695, 1296, 38132, 38243, 38356, 38467
7542 6 -1
19091, 2071, 1381, 3011, 470, 38182, 39107, 40033, 40958
7558 6 -1
19127, 3059, 141, 3290, 1506, 38254, 39051, 39850, 40647
7574 6 -1
19153, 2769, 402, 3606, 922, 38306, 38984, 39663, 40341
7590 6 -1
19183, 3099, 191, 3027, 621, 38366, 38616, 38868, 39118
7606 6 -1
19200, 2916, 1514, 2770, 2042, 38399, 38735, 39073, 39409
7622 6 -1
19228, 2869, 1370, 2610, 966, 38456, 38787, 39119, 39450
7638 6 -1
19247, 2846, 2160, 2945, 665, 38493, 39289, 40087, 40883
7654 6 -1
19264, 3567, 938, 2676, 1587, 38527, 39296, 40067, 40836
7670 6 -1
19284, 2021, 1336, 2678, 1771, 38567, 39112, 39659, 40204
7686 6 -1
19308, 1888, 552, 3179, 851, 38616, 39410, 40206, 41000
7702 6 -1
19346, 2784, 336, 2767, 1092, 38692, 39078, 39465, 39851
7718 6 -1
19374, 2756, 1269, 2306, 884, 38748, 39165, 39583, 40000
7734 6 -1
19405, 2153, 961, 2806, 879, 38810, 39177, 39545, 39912
7750 6 -1
19418, 3152, 873, 2602, 1543, 38835, 39444, 40055, 40664
7766 6 -1
19436, 2088, 1816, 2846, 1323, 38872, 39497, 40123, 40748
7782 6 -1
19471, 2168, 700, 3007, 1746, 38942, 39884, 40827, 41769
7798 6 -1
19495, 3009, 239, 3224, 687, 38990, 39321, 39653, 39984
7814 6 -1
19514, 3030, 1363, 1373, 986, 39028, 40044, 41062, 42078
7830 6 -1
19542, 3043, 581, 3308, 451, 39084, 39281, 39479, 39676
7846 6 -1
19568, 2632, 571, 3895, 513, 39136, 39796, 40457, 41117
7862 6 -1
19589, 2559, 2817, 2425, 1534, 39177, 39885, 40594, 41302
7878 6 -1
19613, 2789, 1119, 3089, 661, 39225, 39603, 39983, 40361
7894 6 -1
19637, 3035, 822, 3657, 1305, 39274, 39826, 40379, 40931
7910 6 -1
19653, 3390, 932, 1564, 1554, 39305, 40528, 41753, 42976
7926 6 -1
19683, 2892, 1778, 3192, 1778, 39365, 39514, 39665, 39814
7942 6 -1
19709, 1893, 1399, 2295, 1390, 39417, 39622, 39828, 40033
7958 6 -1
19730, 2522, 204, 3321, 1502, 39459, 40507, 41556, 42604
7974 6 -1
19773, 2020, 1725, 2967, 901, 39545, 40430, 41316, 42201
7990 6 -1
19791, 2619, 226, 3476, 542, 39581, 40167, 40754, 41340
8006 6 -1
19823, 1787, 643, 9999, 161, 39645, 43991, 48339, 52685
8022 6 -1
19851, 3014, 1155, 2440, 1947, 39701, 40383, 41067, 41749
8038 6 -1
19876, 3095, 1611, 2911, 1061, 39751, 40117, 40485, 40851
8054 6 -1
19904, 2936, 1288, 2571, 1586, 39807, 40138, 40470, 40801
8070 6 -1
19926, 2637, 1896, 2932, 618, 39852, 40638, 41425, 42211
8086 6 -1
19949, 2385, 930, 2860, 1510, 39897, 40424, 40952, 41479
8102 6 -1
19975, 3282, 632, 2705, 2016, 39949, 40929, 41910, 42890
8118 6 -1
19997, 2275, 1412, 3557, 427, 39993, 41126, 42260, 43393
8134 6 -1
20033, 2675, 784, 3276, 1110, 40065, 40528, 40992, 41455
8150 6 -1
20063, 3465, 1164, 771, 432, 40125, 41837, 43551, 45263
8166 6 -1
20094, 2684, 702, 2175, 658, 40187, 40463, 40740, 41016
8182 6 -1
20130, 2706, 967, 115, 312, 40260, 41882, 43506, 45128
8198 6 -1
20164, 2517, 723, 3353, 1732, 40327, 41249, 42172, 43094
8214 6 -1
20176, 2954, 926, 3236, 1349, 40352, 40704, 41057, 41409
8230 6 -1
20205, 2122, 765, 2938, 1484, 40410, 41177, 41945, 42712
8246 6 -1
20236, 2675, 1870, 3416, 1087, 40472, 41233, 41996, 42757
8262 6 -1
20265, 2854, 790, 3090, 1353, 40530, 40929, 41329, 41728
8278 6 -1
20304, 2892, 595, 3065, 975, 40607, 40883, 41160, 41436
8294 6 -1
20328, 2063, 1068, 1697, 2037, 40656, 41323, 41991, 42658
8310 6 -1
20367, 1784, 1070, 2920, 866, 40733, 41402, 42073, 42742
8326 6 -1
20386, 2869, 1205, 162, 159, 40772, 42648, 44525, 46401
8342 6 -1
20416, 2683, 997, 2089, 1208, 40832, 41234, 41637, 42039
8358 6 -1
20447, 2960, 1603, 1800, 994, 40893, 41777, 42662, 43546
8374 6 -1
20475, 2939, 536, 2545, 1436, 40950, 41596, 42244, 42890
8390 6 -1
20504, 3033, 467, 2642, 775, 41008, 41357, 41707, 42056
8406 6 -1
20523, 2160, 588, 2535, 1559, 41045, 41717, 42391, 43063
8422 6 -1
20546, 2411, 1376, 2914, 552, 41091, 41754, 42418, 43081
8438 6 -1
20580, 2379, 572, 3360, 1354, 41160, 42041, 42923, 43804
8454 6 -1
20607, 2633, 1393, 2488, 1246, 41213, 41358, 41505, 41650
8470 6 -1
20636, 2284, 1188, 2965, 949, 41271, 41730, 42191, 42650
8486 6 -1
20679, 3806, 1191, 3803, 791, 41358, 41559, 41761, 41962
8502 6 -1
20708, 3473, 1164, 2843, 1669, 41416, 41983, 42551, 43118
8518 6 -1
20745, 2362, 692, 3077, 353, 41489, 42015, 42543, 43069
8534 6 -1
20772, 2217, 854, 3181, 1326, 41544, 42261, 42980, 43697
8550 6 -1
20791, 2137, 1092, 2369, 1097, 41582, 41700, 41819, 41937
8566 6 -1
20821, 3925, 1359, 3089, 755, 41642, 42361, 43082, 43801
8582 6 -1
20850, 2596, 1130, 2090, 1559, 41700, 42167, 42635, 43102
8598 6 -1
20872, 2470, 1847, 2860, 660, 41743, 42531, 43320, 44108
8614 6 -1
20906, 2267, 362, 2921, 1451, 41812, 42683, 43555, 44426
8630 6 -1
20939, 2752, 1139, 3069, 1388, 41877, 42159, 42443, 42725
8646 6 -1
20977, 2386, 1421, 3045, 591, 41953, 42697, 43442, 44186
8662 6 -1
21004, 2430, 375, 2130, 623, 42007, 42280, 42555, 42828
8678 6 -1
21038, 2661, 468, 2858, 759, 42075, 42318, 42563, 42806
8694 6 -1
21061, 2851, 980, 3888, 727, 42121, 42765, 43411, 44055
8710 6 -1
21106, 4111, 1603, 2601, 886, 42211, 43324, 44438, 45551
8726 6 -1
21125, 1757, 1038, 2838, 1223, 42249, 42881, 43515, 44147
8742 6 -1
21145, 2719, 1621, 3138, 16, 42290, 43301, 44314, 45325
8758 6 -1
21177, 3704, 1712, 3020, 1492, 42353, 42804, 43257, 43708
8774 6 -1
21206, 3121, 1828, 3736, 850, 42412, 43208, 44005, 44801
8790 6 -1
21235, 2018, 852, 3253, 2134, 42469, 43727, 44986, 46244
8806 6 -1
21258, 3223, 1106, 1863, 1258, 42515, 43270, 44027, 44782
8822 6 -1
21290, 3150, 1795, 2733, 1105, 42579, 43132, 43686, 44239
8838 6 -1
21326, 2276, 928, 2605, 70, 42651, 43244, 43838, 44431
8854 6 -1
21352, 2855, 1059, 2329, 139, 42704, 43426, 44150, 44872
8870 6 -1
21394, 2645, 1351, 2612, 626, 42788, 43166, 43546, 43924
8886 6 -1
21433, 2813, 228, 2979, 917, 42865, 43292, 43720, 44147
8902 6 -1
21456, 2277, 1207, 2724, 884, 42912, 43296, 43682, 44066
8918 6 -1
21494, 3025, 1110, 2796, 1107, 42987, 43102, 43219, 43334
8934 6 -1
21528, 3090, 1419, 2878, 1076, 43055, 43332, 43610, 43887
8950 6 -1
21564, 1979, 251, 2838, 1204, 43127, 44032, 44939, 45844
8966 6 -1
21601, 3464, 368, 3394, 710, 43202, 43407, 43614, 43819
8982 6 -1
21632, 3359, 560, 3051, 716, 43263, 43494, 43727, 43958
8998 6 -1
21674, 2780, 1832, 3160, 1648, 43348, 43629, 43912, 44193
9014 6 -1
21711, 3558, 556, 3578, 717, 43422, 43512, 43603, 43693
9030 6 -1
21743, 3470, 373, 3011, 1167, 43486, 44112, 44739, 45365
9046 6 -1
21774, 2606, 858, 2569, 1982, 43548, 44128, 44709, 45289
9062 6 -1
21796, 3334, 794, 2566, 1081, 43591, 44118, 44646, 45173
9078 6 -1
21829, 2362, 619, 3409, 1498, 43657, 44619, 45583, 46545
9094 6 -1
21858, 2525, 1043, 2991, 765, 43715, 44086, 44459, 44830
9110 6 -1
21891, 2348, 1890, 3306, 781, 43782, 44815, 45849, 46882
9126 6 -1
21921, 2563, 54, 2130, 1036, 43842, 44549, 45257, 45964
9142 6 -1
21963, 2005, 694, 2302, 1043, 43926, 44248, 44572, 44894
9158 6 -1
21987, 3432, 1227, 2278, 1073, 43973, 44626, 45281, 45934
9174 6 -1
22011, 2939, 97, 2361, 1462, 44022, 44993, 45965, 46936
9190 6 -1
22029, 3575, 486, 2964, 954, 44058, 44597, 45137, 45676
9206 6 -1
22083, 2579, 775, 2725, 1581, 44166, 44641, 45118, 45593
9222 6 -1
22112, 2247, 442, 3224, 1361, 44224, 45171, 46120, 47067
9238 6 -1
22159, 3504, 235, 2402, 1209, 44318, 45355, 46394, 47431
9254 6 -1
22195, 2495, 1020, 3334, 1312, 44390, 44955, 45521, 46086
9270 6 -1
22234, 3481, 1442, 2544, 963, 44467, 45174, 45883, 46590
9286 6 -1
22262, 2958, 804, 2704, 1156, 44523, 44825, 45129, 45431
9302 6 -1
22303, 3033, 934, 3248, 1072, 44606, 44782, 44959, 45135
9318 6 -1
22342, 2802, 1258, 2711, 1470, 44684, 44835, 44987, 45138
9334 6 -1
22407, 2529, 1551, 3239, 1223, 44813, 45331, 45851, 46369
9350 6 -1
22434, 2660, 1413, 3175, 1043, 44868, 45310, 45753, 46195
9366 6 -1
22482, 3149, 1054, 2687, 1845, 44964, 45590, 46217, 46843
9382 6 -1
22519, 2895, 1504, 3160, 45, 45037, 45898, 46761, 47622
9398 6 -1
22562, 2027, 1065, 3462, 1215, 45124, 45916, 46709, 47501
9414 6 -1
22606, 3192, 1545, 2423, 1424, 45212, 45656, 46102, 46546
9430 6 -1
22654, 2575, 224, 2781, 839, 45307, 45717, 46128, 46538
9446 6 -1
22696, 2791, 698, 1842, 945, 45392, 45989, 46588, 47185
9462 6 -1
22730, 3085, 844, 3094, 1231, 45459, 45656, 45855, 46052
9478 6 -1
22785, 3302, 1335, 1002, 696, 45570, 47039, 48509, 49978
9494 6 -1
22834, 2814, 1111, 3157, 1225, 45668, 45896, 46125, 46353
9510 6 -1
22868, 3630, 1699, 3080, 1569, 45736, 46075, 46416, 46755
9526 6 -1
22925, 2090, 600, 3309, 1126, 45850, 46722, 47595, 48467
9542 6 -1
22968, 2456, 1220, 1969, 53, 45935, 46761, 47589, 48415
9558 6 -1
23007, 2518, 1392, 2463, 744, 46013, 46364, 46716, 47067
9574 6 -1
23042, 2709, 1235, 2881, 1332, 46084, 46218, 46353, 46487
9590 6 -1
23092, 2644, 1137, 3372, 1404, 46184, 46681, 47179, 47676
9606 6 -1
23143, 3682, 1284, 2587, 1623, 46285, 47001, 47719, 48435
9622 6 -1
23203, 3123, 1045, 2564, 963, 46405, 46725, 47046, 47366
9638 6 -1
23239, 3306, 1529, 2693, 642, 46478, 47227, 47978, 48727
9654 6 -1
23287, 3451, 1108, 2939, 1304, 46574, 46927, 47282, 47635
9670 6 -1
23336, 2961, 556, 2289, 967, 46672, 47213, 47755, 48296
9686 6 -1
23382, 3192, 825, 3116, 803, 46763, 46811, 46861, 46909
9702 6 -1
23451, 2542, 258, 3135, 616, 46902, 47377, 47853, 48328
9718 6 -1
23505, 3375, 518, 2342, 771, 47010, 47652, 48296, 48938
9734 6 -1
23551, 2843, 937, 2853, 595, 47102, 47277, 47454, 47629
9750 6 -1
23588, 2594, 401, 2704, 1426, 47176, 47743, 48311, 48878
9766 6 -1
23626, 3266, 945, 3733, 1601, 47251, 47812, 48374, 48935
9782 6 -1
23702, 2484, 1104, 3692, 2001, 47403, 48455, 49508, 50560
9798 6 -1
23738, 2593, 278, 3518, 1447, 47476, 48522, 49570, 50616
9814 6 -1
23799, 2846, 1102, 2941, 726, 47597, 47832, 48068, 48303
9830 6 -1
23846, 2739, 1481, 2879, 670, 47692, 48167, 48643, 49118
9846 6 -1
23893, 2711, 1190, 1817, 262, 47786, 48696, 49608, 50518
9862 6 -1
23949, 2156, 1184, 2727, 986, 47897, 48281, 48666, 49050
9878 6 -1
24010, 2818, 1299, 3333, 2125, 48019, 48689, 49360, 50030
9894 6 -1
24089, 2890, 1043, 2822, 1610, 48177, 48494, 48812, 49129
9910 6 -1
24128, 2365, 1085, 3500, 819, 48255, 48955, 49656, 50356
9926 6 -1
24211, 2549, 383, 2592, 814, 48422, 48658, 48896, 49132
9942 6 -1
24284, 2448, 1164, 2766, 951, 48568, 48833, 49099, 49364
9958 6 -1
24358, 2990, 601, 3201, 377, 48715, 48932, 49150, 49367
9974 6 -1
24468, 2854, 573, 3065, 1140, 48936, 49324, 49714, 50102
9990 6 -1
24594, 2653, 719, 3137, 680, 49188, 49449, 49711, 49972
