10000 10000 50000
1
16 8750 8750
170
1 16 0 35632 5
0
2 16 0 35632 5
0
3 16 0 35632 5
0
4 16 0 35632 5
0
5 16 0 35632 5
0
6 16 0 35632 5
0
7 16 0 35632 5
0
8 16 0 35632 5
0
9 16 0 35632 5
0
10 16 0 35632 5
0
11 16 0 35632 5
0
12 16 0 35632 5
0
13 16 0 35632 5
0
14 16 0 35632 5
0
15 16 0 35632 5
0
16 16 0 35632 5
0
17 16 0 35632 5
0
18 16 0 35632 5
0
19 16 0 35632 5
0
20 16 0 35632 5
0
21 16 0 35632 5
0
22 16 0 35632 5
0
23 16 0 35632 5
0
24 16 0 35632 5
0
25 16 0 35632 5
0
26 16 0 35632 5
0
27 16 0 35632 5
0
28 16 0 35632 5
0
29 16 0 35632 5
0
30 16 0 35632 5
0
31 16 0 35632 5
0
32 16 0 35632 5
0
33 16 0 35632 5
0
34 16 0 35632 5
0
35 16 0 35632 5
0
36 16 0 35632 5
0
37 16 0 35632 5
0
38 16 0 35632 5
0
39 16 0 35632 5
0
40 16 0 35632 5
0
41 16 0 35632 5
0
42 16 0 35632 5
0
43 16 0 35632 5
0
44 16 0 35632 5
0
45 16 0 35632 5
0
46 16 0 35632 5
0
47 16 0 35632 5
0
48 16 0 35632 5
0
49 16 0 35632 5
0
50 16 0 35632 5
0
51 16 0 35632 5
0
52 16 0 35632 5
0
53 16 0 35632 5
0
54 16 0 35632 5
0
55 16 0 35632 5
0
56 16 0 35632 5
0
57 16 0 35632 5
0
58 16 0 35632 5
0
59 16 0 35632 5
0
60 16 0 35632 5
0
61 16 0 35632 5
0
62 16 0 35632 5
0
63 16 0 35632 5
0
64 16 0 35632 5
0
65 16 0 35632 5
0
66 16 0 35632 5
0
67 16 0 35632 5
0
68 16 0 35632 5
0
69 16 0 35632 5
0
70 16 0 35632 5
0
71 16 0 35632 5
0
72 16 0 35632 5
0
73 16 0 35632 5
0
74 16 0 35632 5
0
75 16 0 35632 5
0
76 16 0 35632 5
0
77 16 0 35632 5
0
78 16 0 35632 5
0
79 16 0 35632 5
0
80 16 0 35632 5
0
81 16 0 35632 5
0
82 16 0 35632 5
0
83 16 0 35632 5
0
84 16 0 35632 5
0
85 16 0 35632 5
0
86 16 0 35632 5
0
87 16 0 35632 5
0
88 16 0 35632 5
0
89 16 0 35632 5
0
90 16 0 35632 5
0
91 16 0 35632 5
0
92 16 0 35632 5
0
93 16 0 35632 5
0
94 16 0 35632 5
0
95 16 0 35632 5
0
96 16 0 35632 5
0
97 16 0 35632 5
0
98 16 0 35632 5
0
99 16 0 35632 5
0
100 16 0 35632 5
0
101 16 0 35632 5
0
102 16 0 35632 5
0
103 16 0 35632 5
0
104 16 0 35632 5
0
105 16 0 35632 5
0
106 16 0 35632 5
0
107 16 0 35632 5
0
108 16 0 35632 5
0
109 16 0 35632 5
0
110 16 0 35632 5
0
111 16 0 35632 5
0
112 16 0 35632 5
0
113 16 0 35632 5
0
114 16 0 35632 5
0
115 16 0 35632 5
0
116 16 0 35632 5
0
117 16 0 35632 5
0
118 16 0 35632 5
0
119 16 0 35632 5
0
120 16 0 35632 5
0
121 16 0 35632 5
0
122 16 0 35632 5
0
123 16 0 35632 5
0
124 16 0 35632 5
0
125 16 0 35632 5
0
126 16 0 35632 5
0
127 16 0 35632 5
0
128 16 0 35632 5
0
129 16 0 35632 5
0
130 16 0 35632 5
0
131 16 0 35632 5
0
132 16 0 35632 5
0
133 16 0 35632 5
0
134 16 0 35632 5
0
135 16 0 35632 5
0
136 16 0 35632 5
0
137 16 0 35632 5
0
138 16 0 35632 5
0
139 16 0 35632 5
0
140 16 0 35632 5
0
141 16 0 35632 5
0
142 16 0 35632 5
0
143 16 0 35632 5
0
144 16 0 35632 5
0
145 16 0 35632 5
0
146 16 0 35632 5
0
147 16 0 35632 5
0
148 16 0 35632 5
0
149 16 0 35632 5
0
150 16 0 35632 5
0
151 16 0 35632 5
0
152 16 0 35632 5
0
153 16 0 35632 5
0
154 16 0 35632 5
0
155 16 0 35632 5
0
156 16 0 35632 5
0
157 16 0 35632 5
0
158 16 0 35632 5
0
159 16 0 35632 5
0
160 16 0 35632 5
0
161 16 0 35632 5
0
162 16 0 35632 5
0
163 16 0 35632 5
0
164 16 0 35632 5
0
165 16 0 35632 5
0
166 16 0 35632 5
0
167 16 0 35632 5
0
168 16 0 35632 5
0
169 16 0 35632 5
0
170 16 0 35632 5
0
625
16 16 -1
1, 2422, 1094, 2342, 521, 1, 327, 654, 980
32 16 -1
1, 2754, 1651, 2795, 844, 1, 424, 849, 1272
48 16 -1
1, 2948, 1705, 3470, 855, 1, 686, 1373, 2058
64 16 -1
1, 3221, 537, 2412, 1172, 1, 722, 1445, 2166
80 16 -1
1, 3897, 813, 2221, 1425, 1, 1144, 2289, 3432
96 16 -1
281, 2855, 2037, 2683, 211, 561, 1559, 2559, 3557
112 16 -1
760, 2849, 712, 2687, 920, 1519, 1703, 1889, 2073
128 16 -1
1157, 1397, 1600, 2417, 696, 2313, 3274, 4237, 5198
144 16 -1
1425, 3222, 586, 2511, 1799, 2849, 3810, 4773, 5734
160 16 -1
1687, 2623, 1022, 2450, 309, 3373, 3815, 4259, 4701
176 16 -1
2056, 2475, 988, 3161, 946, 4111, 4474, 4839, 5202
192 16 -1
2181, 2286, 1181, 2842, 1638, 4361, 4867, 5374, 5880
208 16 -1
2424, 2132, 547, 2542, 1194, 4848, 5376, 5905, 6433
224 16 -1
2598, 3645, 888, 2633, 995, 5195, 5754, 6314, 6873
240 16 -1
2774, 2435, 1215, 2572, 336, 5548, 6055, 6564, 7071
256 16 -1
3006, 2629, 1070, 2826, 1750, 6011, 6449, 6888, 7326
272 16 -1
3179, 3429, 1544, 1873, 1434, 6358, 7190, 8024, 8856
288 16 -1
3379, 2983, 242, 9999, 3511, 6757, 11899, 17042, 22184
304 16 -1
3519, 2324, 1277, 2534, 475, 7038, 7543, 8050, 8555
320 16 -1
3638, 2415, 1392, 3151, 329, 7275, 8174, 9074, 9973
336 16 -1
3841, 2321, 794, 2952, 2332, 7681, 8765, 9850, 10934
352 16 -1
3995, 2918, 709, 2970, 1592, 7990, 8457, 8925, 9392
368 16 -1
4114, 3497, 1197, 2556, 1313, 8227, 8755, 9284, 9812
384 16 -1
4285, 2413, 1162, 2879, 1092, 8569, 8836, 9105, 9372
400 16 -1
4460, 3024, 794, 2698, 1179, 8920, 9275, 9631, 9986
416 16 -1
4645, 1670, 1580, 2796, 1436, 9290, 9924, 10560, 11194
432 16 -1
4728, 2676, 895, 3038, 1266, 9456, 9822, 10189, 10555
448 16 -1
4861, 3872, 36, 3208, 1103, 9721, 10586, 11452, 12317
464 16 -1
4947, 3605, 1491, 2184, 956, 9894, 10871, 11850, 12827
480 16 -1
5154, 2545, 1054, 2759, 1388, 10308, 10581, 10856, 11129
496 16 -1
5224, 3013, 447, 1723, 5597, 10448, 13667, 16888, 20107
512 16 -1
5336, 2957, 1128, 2298, 678, 10672, 11226, 11781, 12335
528 16 -1
5461, 2205, 754, 1745, 667, 10922, 11195, 11469, 11742
544 16 -1
5534, 2684, 618, 2961, 1314, 11068, 11554, 12041, 12527
560 16 -1
5691, 2824, 1192, 3203, 640, 11381, 11846, 12312, 12777
576 16 -1
5810, 2637, 1038, 2817, 1118, 11620, 11749, 11880, 12009
592 16 -1
5922, 3157, 552, 2237, 2514, 11844, 13284, 14726, 16166
608 16 -1
6037, 2899, 1554, 2817, 1285, 12074, 12249, 12425, 12600
624 16 -1
6126, 2871, 1403, 3601, 602, 12252, 13017, 13783, 14548
640 16 -1
6195, 2716, 1669, 3572, 937, 12389, 13182, 13977, 14770
656 16 -1
6296, 2454, 1392, 2455, 101, 12592, 13237, 13884, 14529
672 16 -1
6374, 3258, 176, 9999, 5585, 12747, 18821, 24897, 30971
688 16 -1
6447, 3092, 246, 2740, 472, 12894, 13182, 13472, 13760
704 16 -1
6561, 3012, 992, 3237, 1485, 13121, 13479, 13839, 14197
720 16 -1
6644, 2420, 1288, 2672, 1284, 13288, 13415, 13544, 13671
736 16 -1
6724, 2929, 478, 3262, 468, 13448, 13619, 13791, 13962
752 16 -1
6805, 3056, 721, 3720, 1393, 13610, 14277, 14946, 15613
768 16 -1
6854, 2859, 857, 2524, 1405, 13708, 14149, 14591, 15032
784 16 -1
6918, 2125, 1378, 2173, 1480, 13836, 13910, 13986, 14060
800 16 -1
6991, 3252, 368, 2613, 545, 13981, 14388, 14797, 15204
816 16 -1
7081, 3206, 1116, 2719, 1366, 14161, 14529, 14898, 15266
832 16 -1
7138, 2869, 2327, 3326, 1012, 14276, 15161, 16048, 16933
848 16 -1
7216, 2281, 702, 9999, 512, 14431, 18384, 22339, 26292
864 16 -1
7341, 2445, 992, 2018, 1151, 14681, 14973, 15267, 15559
880 16 -1
7409, 2386, 1346, 2952, 1314, 14818, 15116, 15416, 15714
896 16 -1
7457, 3214, 431, 2490, 1473, 14914, 15796, 16680, 17562
912 16 -1
7499, 1657, 1116, 2959, 1587, 14997, 15883, 16770, 17656
928 16 -1
7559, 3215, 692, 3441, 807, 15117, 15287, 15458, 15628
944 16 -1
7642, 2838, 1796, 3056, 1079, 15283, 15750, 16218, 16685
960 16 -1
7700, 3174, 667, 2898, 1289, 15399, 15847, 16297, 16745
976 16 -1
7763, 2829, 1602, 3240, 742, 15525, 16160, 16796, 17431
992 16 -1
7828, 2313, 1316, 3586, 1053, 15656, 16423, 17192, 17959
1008 16 -1
7865, 3082, 446, 1215, 668, 15729, 16773, 17818, 18862
1024 16 -1
7901, 2950, 561, 3383, 1107, 15801, 16290, 16780, 17269
1040 16 -1
7959, 3072, 781, 3596, 1510, 15917, 16543, 17170, 17796
1056 16 -1
7991, 2799, 739, 3152, 1438, 15981, 16506, 17033, 17558
1072 16 -1
8035, 2356, 152, 2211, 69, 16069, 16182, 16297, 16410
1088 16 -1
8096, 3262, 1441, 2955, 1314, 16192, 16408, 16626, 16842
1104 16 -1
8164, 2750, 1583, 1984, 1311, 16328, 16846, 17366, 17884
1120 16 -1
8217, 2517, 73, 2710, 151, 16434, 16569, 16705, 16840
1136 16 -1
8273, 3139, 1753, 3169, 546, 16546, 17164, 17783, 18401
1152 16 -1
8306, 2135, 1651, 2041, 264, 16612, 17352, 18093, 18833
1168 16 -1
8347, 3030, 1212, 2457, 388, 16693, 17391, 18090, 18788
1184 16 -1
8368, 2421, 993, 2594, 702, 16735, 16966, 17199, 17430
1200 16 -1
8407, 2780, 761, 2883, 1047, 16814, 17008, 17203, 17397
1216 16 -1
8455, 2544, 1563, 3366, 1064, 16910, 17570, 18231, 18891
1232 16 -1
8508, 3367, 822, 3051, 1267, 17015, 17395, 17776, 18156
1248 16 -1
8539, 2952, 1448, 9999, 7969, 17077, 23860, 30645, 37428
1264 16 -1
8585, 2247, 906, 3555, 1139, 17169, 17939, 18710, 19480
1280 16 -1
8658, 2740, 327, 2843, 1390, 17316, 17898, 18482, 19064
1296 16 -1
8708, 2697, 480, 2545, 2730, 17415, 18615, 19817, 21017
1312 16 -1
8746, 3545, 1044, 9999, 851, 17491, 20814, 24138, 27461
1328 16 -1
8809, 3665, 1294, 2524, 1060, 17617, 18304, 18992, 19679
1344 16 -1
8860, 4602, 719, 644, 514, 17719, 19800, 21882, 23963
1360 16 -1
8902, 2884, 559, 2462, 1752, 17803, 18610, 19418, 20225
1376 16 -1
8928, 3724, 353, 2452, 130, 17856, 18603, 19351, 20098
1392 16 -1
8964, 2991, 1243, 3036, 708, 17927, 18216, 18507, 18796
1408 16 -1
9002, 2577, 1330, 3014, 651, 18004, 18561, 19120, 19677
1424 16 -1
9066, 2486, 1512, 2786, 1468, 18131, 18302, 18475, 18646
1440 16 -1
9094, 2942, 606, 3153, 977, 18188, 18478, 18770, 19060
1456 16 -1
9124, 2865, 1604, 3186, 439, 18248, 18990, 19734, 20476
1472 16 -1
9171, 3110, 697, 3521, 1031, 18342, 18714, 19087, 19459
1488 16 -1
9205, 3905, 1978, 277, 733, 18409, 20845, 23282, 25718
1504 16 -1
9267, 2674, 1072, 3208, 983, 18534, 18845, 19157, 19468
1520 16 -1
9295, 2623, 1392, 9999, 7749, 18590, 25456, 32323, 39189
1536 16 -1
9355, 2958, 1335, 3219, 201, 18709, 19406, 20104, 20801
1552 16 -1
9396, 2778, 1384, 1736, 1101, 18792, 19454, 20117, 20779
1568 16 -1
9431, 3313, 1232, 2440, 1080, 18861, 19373, 19886, 20398
1584 16 -1
9475, 2207, 1950, 2549, 560, 18950, 19815, 20682, 21547
1600 16 -1
9518, 2699, 1684, 2747, 1031, 19035, 19385, 19736, 20086
1616 16 -1
9574, 2834, 459, 3775, 1374, 19148, 20075, 21004, 21931
1632 16 -1
9618, 2705, 2011, 2608, 963, 19235, 19807, 20380, 20952
1648 16 -1
9671, 2837, 247, 3112, 1917, 19341, 20313, 21286, 22258
1664 16 -1
9740, 3222, 1932, 2702, 593, 19479, 20408, 21338, 22267
1680 16 -1
9774, 2408, 11, 2397, 1492, 19548, 20293, 21040, 21785
1696 16 -1
9806, 2745, 621, 3318, 1032, 19611, 20102, 20595, 21086
1712 16 -1
9857, 2378, 1091, 2973, 439, 19713, 20336, 20960, 21583
1728 16 -1
9893, 2611, 1804, 3116, 869, 19786, 20505, 21226, 21945
1744 16 -1
9928, 2855, 1053, 1942, 596, 19855, 20539, 21225, 21909
1760 16 -1
9985, 2191, 928, 2600, 658, 19970, 20309, 20649, 20988
1776 16 -1
10023, 2064, 816, 2908, 1143, 20046, 20631, 21217, 21802
1792 16 -1
10068, 3580, 740, 2778, 442, 20135, 20684, 21235, 21784
1808 16 -1
10115, 2301, 45, 3657, 2174, 20230, 21972, 23715, 25457
1824 16 -1
10140, 2145, 1380, 2617, 1221, 20279, 20594, 20910, 21225
1840 16 -1
10171, 3225, 43, 9999, 7987, 20341, 27699, 35059, 42417
1856 16 -1
10223, 2430, 525, 2708, 1224, 20445, 20933, 21422, 21910
1872 16 -1
10259, 3312, 708, 2883, 1071, 20518, 20913, 21310, 21705
1888 16 -1
10301, 3025, 980, 3380, 358, 20602, 21090, 21579, 22067
1904 16 -1
10340, 2543, 892, 2597, 979, 20680, 20750, 20821, 20891
1920 16 -1
10376, 1972, 65, 1998, 1322, 20752, 21393, 22035, 22676
1936 16 -1
10425, 2726, 1616, 2809, 945, 20849, 21225, 21603, 21979
1952 16 -1
10454, 2416, 1273, 2918, 355, 20907, 21616, 22327, 23036
1968 16 -1
10482, 2354, 285, 3181, 567, 20963, 21517, 22072, 22626
1984 16 -1
10527, 2991, 1046, 3066, 1711, 21053, 21422, 21793, 22162
2000 16 -1
10556, 3166, 2791, 2586, 1404, 21112, 22095, 23079, 24062
2016 16 -1
10583, 2506, 1111, 3279, 677, 21166, 21769, 22373, 22976
2032 16 -1
10615, 2585, 1217, 2347, 1290, 21230, 21385, 21541, 21696
2048 16 -1
10639, 2363, 1297, 2520, 1041, 21277, 21483, 21690, 21896
2064 16 -1
10661, 3044, 1869, 2601, 915, 21321, 22019, 22718, 23416
2080 16 -1
10683, 3365, 670, 2450, 1580, 21366, 22278, 23191, 24103
2096 16 -1
10719, 2999, 571, 2821, 1070, 21437, 21775, 22114, 22452
2112 16 -1
10752, 3085, 1104, 2267, 1153, 21504, 21937, 22371, 22804
2128 16 -1
10782, 4072, 1716, 2943, 885, 21564, 22543, 23524, 24503
2144 16 -1
10811, 3571, 696, 2564, 23, 21622, 22461, 23302, 24141
2160 16 -1
10855, 2964, 952, 3434, 105, 21710, 22368, 23027, 23685
2176 16 -1
10893, 2816, 192, 2257, 1987, 21786, 22962, 24140, 25316
2192 16 -1
10931, 3163, 533, 2250, 744, 21861, 22422, 22985, 23546
2208 16 -1
10973, 3345, 1754, 2411, 1207, 21945, 22685, 23426, 24166
2224 16 -1
11003, 3457, 981, 2707, 1589, 22005, 22683, 23363, 24041
2240 16 -1
11031, 2730, 891, 2633, 1685, 22062, 22507, 22953, 23398
2256 16 -1
11066, 2459, 967, 1961, 1360, 22132, 22577, 23023, 23468
2272 16 -1
11107, 2816, 1152, 2896, 989, 22213, 22334, 22456, 22577
2288 16 -1
11137, 2431, 1817, 132, 5767, 22274, 25398, 28523, 31647
2304 16 -1
11160, 3374, 1534, 2964, 842, 22320, 22870, 23422, 23972
2320 16 -1
11195, 3102, 204, 2813, 2298, 22389, 23580, 24772, 25963
2336 16 -1
11234, 2722, 755, 3403, 833, 22468, 22847, 23227, 23606
2352 16 -1
11260, 3232, 714, 1336, 1193, 22520, 23707, 24895, 26082
2368 16 -1
11289, 3667, 699, 2830, 518, 22578, 23086, 23596, 24104
2384 16 -1
11323, 3550, 455, 2354, 1220, 22645, 23625, 24606, 25586
2400 16 -1
11362, 3061, 929, 2459, 1041, 22723, 23079, 23437, 23793
2416 16 -1
11391, 2960, 1866, 2712, 1955, 22782, 22950, 23119, 23287
2432 16 -1
11431, 2521, 851, 3288, 1616, 22861, 23626, 24393, 25158
2448 16 -1
11456, 3914, 720, 3199, 1212, 22911, 23514, 24118, 24721
2464 16 -1
11493, 2256, 1064, 2912, 774, 22985, 23457, 23931, 24403
2480 16 -1
11528, 3161, 1935, 2686, 996, 23056, 23762, 24470, 25176
2496 16 -1
11556, 3351, 910, 3103, 592, 23111, 23393, 23677, 23959
2512 16 -1
11577, 3774, 1979, 2916, 2151, 23154, 23668, 24184, 24698
2528 16 -1
11619, 2534, 1050, 3291, 1376, 23238, 23779, 24321, 24862
2544 16 -1
11638, 2705, 430, 9999, 88, 23275, 27092, 30911, 34728
2560 16 -1
11669, 3059, 892, 2534, 1239, 23337, 23772, 24209, 24644
2576 16 -1
11703, 1995, 2404, 1639, 964, 23406, 24303, 25202, 26099
2592 16 -1
11736, 2175, 493, 2414, 1452, 23472, 24070, 24670, 25268
2608 16 -1
11768, 2862, 1683, 1928, 2396, 23535, 24358, 25182, 26005
2624 16 -1
11809, 1533, 1618, 3008, 1939, 23618, 24515, 25414, 26311
2640 16 -1
11825, 3121, 1330, 9999, 521, 23649, 27492, 31336, 35179
2656 16 -1
11872, 2246, 1566, 2453, 543, 23744, 24358, 24974, 25588
2672 16 -1
11895, 2580, 531, 2631, 627, 23790, 23863, 23937, 24010
2688 16 -1
11934, 2169, 217, 3195, 1209, 23868, 24876, 25886, 26894
2704 16 -1
11963, 2623, 734, 2530, 1531, 23925, 24369, 24815, 25259
2720 16 -1
11986, 2703, 1462, 2947, 1451, 23972, 24099, 24227, 24354
2736 16 -1
12022, 1627, 1271, 2913, 866, 24043, 24888, 25734, 26579
2752 16 -1
12059, 1660, 1201, 3268, 1351, 24118, 24996, 25876, 26754
2768 16 -1
12084, 2080, 1650, 2868, 358, 24167, 25206, 26247, 27286
2784 16 -1
12124, 1525, 1910, 2663, 1509, 24248, 25017, 25787, 26556
2800 16 -1
12146, 3663, 1002, 2286, 1190, 24292, 25074, 25857, 26639
2816 16 -1
12179, 3266, 559, 3767, 493, 24358, 24641, 24925, 25208
2832 16 -1
12199, 2955, 1287, 2769, 1089, 24398, 24589, 24782, 24973
2848 16 -1
12224, 2713, 1011, 3530, 1273, 24447, 24986, 25526, 26065
2864 16 -1
12258, 3426, 82, 2318, 356, 24516, 25206, 25898, 26588
2880 16 -1
12282, 2815, 827, 3530, 1351, 24564, 25183, 25803, 26422
2896 16 -1
12315, 3063, 2234, 3538, 524, 24630, 25722, 26815, 27907
2912 16 -1
12341, 3456, 681, 2851, 894, 24682, 25090, 25500, 25908
2928 16 -1
12368, 2612, 396, 2460, 789, 24735, 25007, 25280, 25552
2944 16 -1
12390, 2799, 1712, 2580, 171, 24780, 25659, 26540, 27419
2960 16 -1
12409, 2905, 1197, 9999, 5738, 24817, 30634, 36452, 42269
2976 16 -1
12432, 2641, 986, 3338, 802, 24863, 25303, 25744, 26184
2992 16 -1
12475, 2488, 1110, 2569, 1317, 24949, 25092, 25237, 25380
3008 16 -1
12496, 3445, 281, 2314, 733, 24991, 25782, 26574, 27365
3024 16 -1
12520, 3216, 940, 2599, 1044, 25039, 25399, 25760, 26120
3040 16 -1
12548, 2764, 366, 2290, 1121, 25096, 25710, 26325, 26939
3056 16 -1
12572, 2861, 1218, 2586, 1528, 25144, 25436, 25729, 26021
3072 16 -1
12593, 3126, 1693, 3240, 1494, 25186, 25342, 25499, 25655
3088 16 -1
12616, 4251, 540, 3095, 478, 25231, 25839, 26449, 27057
3104 16 -1
12661, 2473, 526, 1227, 403, 25321, 26005, 26690, 27374
3120 16 -1
12679, 3027, 1132, 2199, 1062, 25358, 25806, 26256, 26704
3136 16 -1
12714, 3068, 1035, 3303, 628, 25428, 25748, 26070, 26390
3152 16 -1
12739, 1850, 1775, 2889, 706, 25478, 26531, 27586, 28639
3168 16 -1
12761, 2717, 1429, 3082, 2613, 25521, 26295, 27070, 27844
3184 16 -1
12783, 3408, 1914, 1942, 462, 25565, 27023, 28483, 29941
3200 16 -1
12815, 1738, 771, 2699, 2265, 25629, 26856, 28084, 29311
3216 16 -1
12825, 3087, 1713, 1992, 358, 25649, 26873, 28099, 29323
3232 16 -1
12848, 1645, 361, 2976, 1692, 25696, 27026, 28358, 29688
3248 16 -1
12876, 2635, 457, 2444, 431, 25751, 25859, 25968, 26076
3264 16 -1
12896, 3383, 444, 2674, 1208, 25791, 26527, 27264, 28000
3280 16 -1
12915, 4172, 1338, 2809, 1182, 25829, 26588, 27348, 28107
3296 16 -1
12942, 1814, 997, 3467, 603, 25883, 26906, 27930, 28953
3312 16 -1
12960, 2914, 1479, 2999, 959, 25919, 26221, 26524, 26826
3328 16 -1
12995, 2843, 1116, 2571, 277, 25989, 26544, 27100, 27655
3344 16 -1
13016, 3298, 679, 3511, 1040, 26032, 26318, 26606, 26892
3360 16 -1
13044, 2719, 921, 2778, 414, 26087, 26369, 26653, 26935
3376 16 -1
13067, 2818, 992, 2341, 1485, 26133, 26617, 27103, 27587
3392 16 -1
13093, 2942, 1045, 2543, 921, 26186, 26447, 26709, 26970
3408 16 -1
13120, 2275, 629, 3250, 1193, 26239, 27008, 27778, 28547
3424 16 -1
13148, 1869, 915, 2092, 1573, 26296, 26736, 27177, 27617
3440 16 -1
13166, 2594, 1514, 1900, 699, 26331, 27085, 27840, 28594
3456 16 -1
13182, 2669, 766, 3255, 843, 26363, 26694, 27026, 27357
3472 16 -1
13215, 3617, 593, 3035, 629, 26430, 26738, 27048, 27356
3488 16 -1
13252, 2991, 1326, 2311, 1138, 26503, 26936, 27371, 27804
3504 16 -1
13292, 3323, 970, 2087, 1266, 26584, 27349, 28116, 28881
3520 16 -1
13325, 2594, 651, 2771, 1189, 26649, 27006, 27364, 27721
3536 16 -1
13356, 3000, 1335, 3139, 866, 26711, 27014, 27319, 27622
3552 16 -1
13377, 3122, 891, 1505, 770, 26753, 27621, 28491, 29359
3568 16 -1
13397, 2917, 1291, 9999, 372, 26794, 30794, 34795, 38795
3584 16 -1
13420, 2882, 1155, 2861, 1394, 26840, 26969, 27100, 27229
3600 16 -1
13444, 3104, 1617, 2221, 1501, 26888, 27387, 27887, 28386
3616 16 -1
13476, 3036, 1387, 2010, 991, 26952, 27662, 28374, 29084
3632 16 -1
13496, 2491, 1229, 2754, 1223, 26992, 27126, 27261, 27395
3648 16 -1
13517, 3345, 66, 2717, 772, 27033, 27699, 28367, 29033
3664 16 -1
13540, 1929, 778, 2724, 769, 27079, 27480, 27883, 28284
3680 16 -1
13569, 2981, 809, 2484, 1316, 27138, 27639, 28142, 28643
3696 16 -1
13605, 3342, 1030, 2399, 1329, 27210, 27830, 28452, 29072
3712 16 -1
13624, 3158, 1879, 2629, 1504, 27248, 27699, 28152, 28603
3728 16 -1
13649, 3606, 1133, 2717, 1162, 27297, 27755, 28215, 28673
3744 16 -1
13678, 2132, 821, 3050, 1250, 27355, 28028, 28702, 29375
3760 16 -1
13698, 2509, 1643, 2734, 1043, 27395, 27807, 28220, 28632
3776 16 -1
13729, 3089, 607, 2436, 1166, 27458, 28063, 28670, 29275
3792 16 -1
13758, 2803, 709, 2849, 1759, 27515, 28062, 28611, 29158
3808 16 -1
13793, 2530, 1725, 2322, 2034, 27585, 27843, 28102, 28360
3824 16 -1
13823, 2450, 612, 2338, 1291, 27646, 28041, 28437, 28832
3840 16 -1
13855, 2444, 655, 2969, 839, 27709, 28063, 28418, 28772
3856 16 -1
13878, 2513, 1060, 3332, 1491, 27755, 28379, 29005, 29629
3872 16 -1
13903, 2811, 1574, 3155, 1496, 27806, 28016, 28228, 28438
3888 16 -1
13934, 2978, 577, 1978, 1250, 27868, 28704, 29541, 30377
3904 16 -1
13957, 2619, 842, 2971, 2521, 27913, 28928, 29944, 30959
3920 16 -1
13988, 2821, 52, 2776, 1142, 27976, 28543, 29111, 29678
3936 16 -1
14017, 3512, 1958, 9999, 90, 28033, 32210, 36388, 40565
3952 16 -1
14050, 2385, 492, 1370, 1255, 28100, 28988, 29878, 30766
3968 16 -1
14087, 2589, 856, 3192, 580, 28173, 28612, 29052, 29491
3984 16 -1
14116, 1757, 589, 2703, 1070, 28231, 28944, 29658, 30371
4000 16 -1
14149, 3300, 228, 3241, 1152, 28298, 28789, 29281, 29772
4016 16 -1
14175, 2609, 1549, 3415, 1157, 28350, 28948, 29548, 30146
4032 16 -1
14202, 3608, 1887, 3211, 1067, 28404, 29012, 29621, 30229
4048 16 -1
14228, 1946, 512, 3418, 1839, 28456, 29855, 31255, 32654
4064 16 -1
14246, 3141, 1803, 3162, 173, 28491, 29316, 30142, 30967
4080 16 -1
14271, 3238, 1334, 3777, 1043, 28542, 28956, 29372, 29786
4096 16 -1
14294, 3278, 1488, 2897, 1149, 28588, 28947, 29308, 29667
4112 16 -1
14312, 3171, 1219, 3273, 352, 28624, 29108, 29593, 30077
4128 16 -1
14331, 2311, 1166, 2911, 1143, 28661, 28972, 29284, 29595
4144 16 -1
14354, 2376, 666, 2827, 476, 28708, 29028, 29349, 29669
4160 16 -1
14364, 3502, 1483, 2020, 1124, 28727, 29647, 30568, 31488
4176 16 -1
14386, 2375, 1060, 2207, 1183, 28771, 28916, 29062, 29207
4192 16 -1
14411, 2765, 1253, 2440, 1236, 28821, 28991, 29163, 29333
4208 16 -1
14431, 2714, 1696, 2999, 806, 28861, 29448, 30036, 30623
4224 16 -1
14451, 2509, 877, 2749, 1208, 28901, 29186, 29472, 29757
4240 16 -1
14471, 2296, 1496, 2388, 529, 28942, 29471, 30001, 30530
4256 16 -1
14497, 2956, 1298, 1414, 9753, 28993, 33991, 38990, 43988
4272 16 -1
14517, 2787, 887, 3546, 1865, 29034, 29902, 30771, 31639
4288 16 -1
14533, 2713, 1204, 2365, 1737, 29065, 29505, 29946, 30386
4304 16 -1
14556, 2768, 774, 2139, 924, 29111, 29500, 29890, 30279
4320 16 -1
14591, 2473, 2479, 3145, 527, 29181, 30492, 31805, 33116
4336 16 -1
14614, 2669, 885, 2798, 657, 29228, 29406, 29585, 29763
4352 16 -1
14637, 2158, 1005, 2959, 624, 29274, 29864, 30456, 31046
4368 16 -1
14660, 2447, 1150, 9999, 757, 29319, 33291, 37264, 41236
4384 16 -1
14675, 2273, 617, 3084, 989, 29349, 29940, 30532, 31123
4400 16 -1
14697, 3364, 701, 2653, 822, 29394, 29809, 30226, 30641
4416 16 -1
14724, 1872, 413, 2781, 1325, 29447, 30357, 31268, 32178
4432 16 -1
14749, 3226, 449, 2673, 1843, 29498, 30471, 31445, 32418
4448 16 -1
14769, 3535, 1027, 2258, 1663, 29537, 30493, 31450, 32406
4464 16 -1
14799, 2263, 862, 2881, 673, 29597, 30000, 30404, 30807
4480 16 -1
14823, 2474, 918, 2417, 371, 29646, 29947, 30250, 30551
4496 16 -1
14850, 3564, 279, 2234, 1424, 29699, 30936, 32174, 33411
4512 16 -1
14876, 3252, 1376, 2675, 1215, 29752, 30120, 30490, 30858
4528 16 -1
14911, 1879, 1203, 4165, 810, 29822, 31161, 32501, 33840
4544 16 -1
14934, 3232, 1791, 2579, 1415, 29868, 30382, 30897, 31411
4560 16 -1
14958, 2609, 1616, 2548, 1324, 29915, 30091, 30268, 30444
4576 16 -1
14982, 2593, 531, 3161, 669, 29963, 30315, 30669, 31021
4592 16 -1
15001, 1959, 8, 2351, 1328, 30001, 30856, 31713, 32568
4608 16 -1
15020, 3050, 869, 2406, 615, 30040, 30488, 30938, 31386
4624 16 -1
15043, 2799, 1279, 2751, 1578, 30086, 30259, 30433, 30606
4640 16 -1
15064, 2236, 297, 2950, 699, 30127, 30684, 31243, 31800
4656 16 -1
15088, 2558, 951, 2434, 701, 30175, 30361, 30549, 30735
4672 16 -1
15108, 2468, 697, 2834, 1538, 30216, 30819, 31423, 32026
4688 16 -1
15129, 2344, 1404, 2775, 1003, 30257, 30672, 31089, 31504
4704 16 -1
15150, 2429, 964, 2991, 483, 30299, 30820, 31342, 31863
4720 16 -1
15182, 3560, 1559, 3411, 750, 30364, 30842, 31322, 31800
4736 16 -1
15199, 3584, 1385, 2748, 13, 30398, 31501, 32606, 33709
4752 16 -1
15218, 2253, 905, 2360, 1374, 30436, 30723, 31012, 31299
4768 16 -1
15246, 2834, 160, 2616, 403, 30492, 30722, 30953, 31183
4784 16 -1
15265, 2459, 1445, 2652, 2297, 30530, 31052, 31575, 32097
4800 16 -1
15284, 2236, 1332, 3035, 1242, 30568, 31012, 31457, 31901
4816 16 -1
15300, 3066, 1969, 2545, 1021, 30599, 31333, 32068, 32802
4832 16 -1
15321, 3906, 1041, 3255, 7, 30641, 31483, 32326, 33168
4848 16 -1
15342, 2994, 1342, 3144, 848, 30683, 31004, 31327, 31648
4864 16 -1
15368, 2522, 1141, 2495, 1527, 30735, 30941, 31148, 31354
4880 16 -1
15389, 3503, 866, 2302, 927, 30777, 31407, 32039, 32669
4896 16 -1
15405, 2202, 811, 2697, 2374, 30809, 31837, 32867, 33895
4912 16 -1
15426, 2466, 832, 2467, 1189, 30851, 31029, 31209, 31387
4928 16 -1
15441, 2529, 1978, 1814, 814, 30881, 31820, 32760, 33699
4944 16 -1
15475, 2917, 1242, 3182, 977, 30949, 31213, 31479, 31743
4960 16 -1
15500, 3056, 1333, 2444, 1265, 31000, 31339, 31680, 32019
4976 16 -1
15525, 3164, 1528, 2293, 1610, 31050, 31526, 32003, 32479
4992 16 -1
15553, 3582, 1284, 3372, 716, 31105, 31493, 31883, 32271
5008 16 -1
15576, 2245, 1093, 2001, 642, 31151, 31498, 31846, 32193
5024 16 -1
15591, 2989, 2120, 2832, 1044, 31182, 31798, 32415, 33031
5040 16 -1
15612, 3109, 1687, 2820, 1834, 31224, 31441, 31660, 31877
5056 16 -1
15641, 3057, 1575, 2599, 1146, 31282, 31725, 32169, 32612
5072 16 -1
15668, 3672, 1396, 3131, 548, 31336, 32030, 32725, 33419
5088 16 -1
15689, 2534, 1513, 122, 156, 31377, 33261, 35146, 37030
5104 16 -1
15708, 2465, 1625, 3005, 2029, 31415, 31886, 32359, 32830
5120 16 -1
15730, 3403, 539, 2316, 273, 31459, 32135, 32812, 33488
5136 16 -1
15749, 2660, 1204, 2882, 1172, 31498, 31624, 31752, 31878
5152 16 -1
15775, 2127, 1410, 2215, 477, 31550, 32060, 32571, 33081
5168 16 -1
15792, 2359, 501, 2339, 947, 31584, 31816, 32050, 32282
5184 16 -1
15809, 3429, 1319, 2990, 712, 31617, 32139, 32663, 33185
5200 16 -1
15847, 3485, 691, 3040, 1355, 31693, 32247, 32802, 33356
5216 16 -1
15859, 2219, 1250, 2711, 916, 31717, 32129, 32543, 32955
5232 16 -1
15890, 2697, 895, 2527, 1550, 31780, 32192, 32605, 33017
5248 16 -1
15918, 2445, 356, 2477, 1537, 31836, 32442, 33049, 33655
5264 16 -1
15935, 2637, 705, 3123, 1480, 31870, 32500, 33131, 33761
5280 16 -1
15952, 3684, 1392, 2207, 752, 31904, 32962, 34021, 35079
5296 16 -1
15978, 2158, 911, 2961, 385, 31955, 32619, 33284, 33948
5312 16 -1
15999, 3061, 536, 2779, 684, 31997, 32211, 32427, 32641
5328 16 -1
16023, 2319, 950, 3571, 663, 32045, 32814, 33584, 34353
5344 16 -1
16050, 3059, 887, 3224, 364, 32100, 32443, 32788, 33131
5360 16 -1
16070, 2156, 1596, 9999, 681, 32139, 36517, 40897, 45275
5376 16 -1
16090, 1899, 49, 3036, 649, 32179, 33047, 33916, 34784
5392 16 -1
16116, 2687, 699, 2977, 824, 32231, 32438, 32646, 32853
5408 16 -1
16130, 2939, 751, 2532, 1030, 32260, 32602, 32946, 33288
5424 16 -1
16158, 2848, 1658, 69, 8761, 32315, 37255, 42197, 47137
5440 16 -1
16181, 2883, 1177, 3050, 1275, 32361, 32493, 32626, 32758
5456 16 -1
16213, 2612, 180, 3777, 1537, 32425, 33685, 34947, 36207
5472 16 -1
16237, 2281, 286, 2554, 592, 32474, 32763, 33053, 33342
5488 16 -1
16256, 2802, 231, 3494, 659, 32512, 33071, 33632, 34191
5504 16 -1
16287, 2570, 883, 2259, 642, 32574, 32849, 33126, 33401
5520 16 -1
16298, 2270, 920, 3120, 881, 32595, 33039, 33484, 33928
5536 16 -1
16321, 2322, 851, 1086, 7039, 32642, 36353, 40066, 43777
5552 16 -1
16344, 2241, 1157, 2390, 693, 32687, 32993, 33300, 33606
5568 16 -1
16365, 3276, 1612, 2443, 542, 32729, 33680, 34632, 35583
5584 16 -1
16382, 2757, 1695, 3536, 894, 32764, 33553, 34344, 35133
5600 16 -1
16398, 3180, 1879, 3085, 175, 32796, 33695, 34595, 35494
5616 16 -1
16412, 3507, 947, 3004, 1724, 32823, 33462, 34103, 34742
5632 16 -1
16427, 3255, 609, 3077, 2112, 32853, 33693, 34534, 35374
5648 16 -1
16453, 3009, 740, 2391, 1033, 32905, 33360, 33816, 34271
5664 16 -1
16485, 2628, 1586, 2981, 1378, 32970, 33250, 33531, 33811
5680 16 -1
16511, 2655, 655, 2638, 1253, 33021, 33328, 33636, 33943
5696 16 -1
16536, 2692, 1563, 9999, 350, 33071, 37330, 41591, 45850
5712 16 -1
16560, 2571, 715, 2814, 1638, 33120, 33702, 34286, 34868
5728 16 -1
16569, 2934, 1037, 3209, 848, 33137, 33368, 33601, 33832
5744 16 -1
16595, 1982, 1056, 3281, 816, 33190, 33959, 34729, 35498
5760 16 -1
16608, 2984, 996, 2440, 1122, 33216, 33550, 33886, 34220
5776 16 -1
16632, 2487, 1145, 3423, 1528, 33263, 33922, 34582, 35241
5792 16 -1
16651, 2974, 1363, 2675, 1235, 33301, 33514, 33728, 33941
5808 16 -1
16668, 1606, 102, 3362, 1027, 33336, 34676, 36017, 37357
5824 16 -1
16683, 3116, 953, 2703, 648, 33366, 33724, 34084, 34442
5840 16 -1
16708, 2076, 713, 1133, 603, 33415, 33941, 34468, 34994
5856 16 -1
16733, 2649, 1073, 2672, 575, 33465, 33725, 33986, 34246
5872 16 -1
16752, 1881, 759, 2622, 862, 33503, 33924, 34347, 34768
5888 16 -1
16769, 3492, 1195, 2854, 1048, 33537, 33929, 34322, 34714
5904 16 -1
16792, 2919, 991, 2765, 1422, 33584, 33876, 34169, 34461
5920 16 -1
16810, 3284, 1209, 2505, 1322, 33620, 34065, 34512, 34957
5936 16 -1
16827, 2704, 1304, 2220, 1124, 33653, 33984, 34317, 34648
5952 16 -1
16847, 2948, 610, 3265, 1452, 33694, 34273, 34853, 35432
5968 16 -1
16875, 2773, 1598, 2236, 1647, 33750, 34042, 34336, 34628
5984 16 -1
16900, 2502, 366, 3581, 533, 33799, 34421, 35045, 35667
6000 16 -1
16921, 2488, 1335, 3242, 1241, 33841, 34264, 34689, 35112
6016 16 -1
16948, 2967, 1333, 4061, 1528, 33895, 34539, 35184, 35828
6032 16 -1
16969, 2482, 1647, 3214, 821, 33938, 34716, 35496, 36274
6048 16 -1
16987, 1949, 1106, 2066, 1147, 33974, 34052, 34132, 34210
6064 16 -1
17003, 2328, 875, 3173, 1481, 34005, 34730, 35456, 36181
6080 16 -1
17018, 2061, 471, 2573, 1422, 34036, 34767, 35499, 36230
6096 16 -1
17041, 2476, 877, 3084, 381, 34082, 34633, 35186, 35737
6112 16 -1
17064, 3163, 1159, 2680, 1216, 34128, 34397, 34668, 34937
6128 16 -1
17092, 2936, 1056, 2822, 614, 34183, 34460, 34739, 35016
6144 16 -1
17109, 2146, 1402, 2637, 761, 34218, 34783, 35350, 35915
6160 16 -1
17134, 2699, 938, 3142, 972, 34268, 34506, 34745, 34983
6176 16 -1
17150, 2278, 622, 2661, 1337, 34299, 34847, 35397, 35945
6192 16 -1
17170, 3377, 283, 3298, 1084, 34340, 34779, 35220, 35659
6208 16 -1
17202, 2789, 1208, 2848, 1341, 34404, 34499, 34596, 34691
6224 16 -1
17215, 3440, 891, 2554, 851, 34430, 34892, 35356, 35818
6240 16 -1
17239, 3060, 1513, 2736, 1356, 34477, 34717, 34958, 35198
6256 16 -1
17270, 3733, 938, 2737, 1109, 34539, 35122, 35706, 36289
6272 16 -1
17285, 3399, 942, 2808, 1340, 34569, 35063, 35558, 36052
6288 16 -1
17308, 3064, 1077, 2395, 1390, 34616, 35106, 35598, 36088
6304 16 -1
17330, 3468, 1343, 2868, 816, 34660, 35223, 35787, 36350
6320 16 -1
17356, 2323, 1908, 3012, 268, 34711, 35875, 37040, 38204
6336 16 -1
17373, 3391, 513, 3049, 1002, 34745, 35160, 35576, 35991
6352 16 -1
17391, 2496, 1085, 359, 175, 34781, 36304, 37828, 39351
6368 16 -1
17404, 3459, 484, 1247, 576, 34808, 35959, 37112, 38263
6384 16 -1
17427, 2976, 759, 3083, 792, 34853, 34922, 34993, 35062
6400 16 -1
17450, 3739, 1189, 2721, 956, 34899, 35524, 36150, 36775
6416 16 -1
17471, 1810, 1050, 2561, 1797, 34941, 35689, 36439, 37187
6432 16 -1
17493, 2421, 338, 3665, 1322, 34985, 36098, 37213, 38326
6448 16 -1
17517, 2717, 1264, 2561, 1314, 35033, 35135, 35239, 35341
6464 16 -1
17543, 1800, 1103, 3288, 1217, 35085, 35885, 36687, 37487
6480 16 -1
17564, 3295, 926, 2423, 1313, 35127, 35756, 36386, 37015
6496 16 -1
17584, 2848, 325, 3053, 1410, 35168, 35812, 36458, 37102
6512 16 -1
17603, 2105, 1852, 2422, 1246, 35206, 35667, 36129, 36590
6528 16 -1
17628, 2224, 1004, 2284, 1586, 35255, 35575, 35897, 36217
6544 16 -1
17650, 3126, 1286, 2912, 1661, 35299, 35593, 35888, 36182
6560 16 -1
17675, 3093, 1112, 3275, 1242, 35349, 35504, 35661, 35816
6576 16 -1
17694, 3028, 1618, 2309, 1114, 35388, 35999, 36611, 37222
6592 16 -1
17719, 3372, 1983, 3942, 686, 35437, 36370, 37304, 38237
6608 16 -1
17744, 1871, 1441, 3099, 1147, 35487, 36247, 37009, 37769
6624 16 -1
17765, 2982, 1739, 3472, 531, 35529, 36377, 37227, 38075
6640 16 -1
17781, 3116, 1203, 2575, 903, 35561, 35981, 36402, 36822
6656 16 -1
17800, 2536, 1431, 3424, 592, 35600, 36463, 37327, 38190
6672 16 -1
17812, 3809, 799, 2221, 867, 35623, 36450, 37279, 38106
6688 16 -1
17834, 3112, 736, 2277, 1011, 35667, 36221, 36777, 37331
6704 16 -1
17855, 3532, 1503, 2391, 963, 35709, 36549, 37390, 38230
6720 16 -1
17876, 3148, 284, 2431, 317, 35752, 36126, 36502, 36876
6736 16 -1
17897, 2777, 690, 2367, 1966, 35793, 36635, 37479, 38321
6752 16 -1
17915, 2906, 632, 2951, 241, 35829, 36046, 36265, 36482
6768 16 -1
17940, 2929, 497, 3115, 1736, 35880, 36592, 37305, 38017
6784 16 -1
17974, 3053, 1979, 3176, 1240, 35948, 36378, 36810, 37240
6800 16 -1
17989, 3505, 2449, 2834, 989, 35978, 37043, 38109, 39174
6816 16 -1
18022, 3642, 1102, 3113, 1138, 36044, 36326, 36609, 36891
6832 16 -1
18044, 3050, 1374, 2488, 558, 36088, 36776, 37466, 38154
6848 16 -1
18065, 2611, 1308, 2543, 633, 36130, 36501, 36873, 37244
6864 16 -1
18092, 3302, 793, 2134, 1212, 36183, 36976, 37770, 38563
6880 16 -1
18109, 3169, 1259, 2357, 2403, 36218, 37195, 38174, 39151
6896 16 -1
18131, 2159, 1141, 3313, 1073, 36262, 36872, 37484, 38094
6912 16 -1
18153, 3545, 2011, 2842, 1059, 36306, 37133, 37961, 38788
6928 16 -1
18174, 3634, 661, 3717, 807, 36347, 36461, 36576, 36690
6944 16 -1
18200, 2112, 2015, 2970, 1817, 36400, 36927, 37456, 37983
6960 16 -1
18218, 2439, 1470, 2720, 1052, 36435, 36784, 37134, 37483
6976 16 -1
18243, 2159, 1647, 3275, 1081, 36485, 37325, 38167, 39007
6992 16 -1
18273, 2939, 409, 3220, 1065, 36545, 37013, 37482, 37950
7008 16 -1
18298, 2324, 1388, 2344, 889, 36596, 36855, 37115, 37374
7024 16 -1
18324, 2611, 821, 2919, 528, 36648, 36948, 37249, 37549
7040 16 -1
18348, 2666, 1789, 3491, 1623, 36695, 37190, 37686, 38181
7056 16 -1
18366, 2203, 1644, 2206, 552, 36732, 37279, 37827, 38374
7072 16 -1
18390, 2338, 1021, 2624, 1575, 36779, 37198, 37619, 38038
7088 16 -1
18410, 2937, 722, 2564, 595, 36819, 37068, 37319, 37568
7104 16 -1
18434, 2947, 949, 3647, 1549, 36867, 37516, 38167, 38816
7120 16 -1
18457, 2159, 1437, 2908, 966, 36913, 37522, 38133, 38742
7136 16 -1
18478, 3127, 1346, 1890, 633, 36955, 37929, 38905, 39879
7152 16 -1
18503, 2544, 1591, 2828, 1049, 37005, 37417, 37831, 38243
7168 16 -1
18528, 3178, 15, 2239, 1157, 37056, 38096, 39137, 40177
7184 16 -1
18551, 2595, 684, 3015, 1470, 37101, 37703, 38307, 38909
7200 16 -1
18577, 2467, 927, 2912, 998, 37153, 37410, 37669, 37926
7216 16 -1
18614, 2925, 556, 3122, 1264, 37227, 37679, 38132, 38584
7232 16 -1
18643, 2146, 1346, 2755, 1772, 37286, 37803, 38321, 38838
7248 16 -1
18660, 2525, 578, 1864, 606, 37320, 37664, 38009, 38353
7264 16 -1
18683, 2438, 754, 2041, 899, 37366, 37636, 37908, 38178
7280 16 -1
18700, 3238, 1342, 3243, 769, 37399, 37687, 37977, 38265
7296 16 -1
18729, 3877, 597, 1886, 371, 37457, 38565, 39674, 40782
7312 16 -1
18758, 2756, 2057, 1829, 649, 37515, 38682, 39850, 41017
7328 16 -1
18780, 3407, 867, 2878, 687, 37560, 37914, 38269, 38623
7344 16 -1
18801, 2562, 761, 2424, 1677, 37601, 38127, 38655, 39181
7360 16 -1
18824, 2787, 1118, 2929, 985, 37648, 37785, 37923, 38060
7376 16 -1
18846, 2961, 213, 2294, 1232, 37691, 38533, 39377, 40219
7392 16 -1
18862, 2435, 1125, 2673, 1227, 37723, 37892, 38063, 38232
7408 16 -1
18892, 3412, 597, 2313, 404, 37783, 38428, 39075, 39720
7424 16 -1
18901, 3163, 684, 2809, 725, 37801, 37998, 38196, 38393
7440 16 -1
18926, 2333, 820, 2413, 669, 37852, 37967, 38083, 38198
7456 16 -1
18952, 3105, 983, 9999, 821, 37904, 41431, 44960, 48487
7472 16 -1
18980, 2518, 1164, 2683, 1656, 37959, 38287, 38616, 38944
7488 16 -1
19010, 2420, 1777, 2520, 598, 38020, 38659, 39299, 39938
7504 16 -1
19030, 2695, 1214, 2360, 819, 38060, 38424, 38790, 39154
7520 16 -1
19054, 3123, 1145, 4047, 1833, 38107, 38912, 39719, 40524
7536 16 -1
19085, 2589, 1137, 2741, 1286, 38170, 38320, 38471, 38621
7552 16 -1
19109, 3334, 1026, 2586, 1043, 38218, 38600, 38983, 39365
7568 16 -1
19144, 2684, 694, 2826, 1252, 38288, 38637, 38988, 39337
7584 16 -1
19176, 2338, 1394, 2216, 1197, 38352, 38511, 38671, 38830
7600 16 -1
19193, 2287, 1674, 2607, 307, 38385, 39228, 40072, 40915
7616 16 -1
19219, 1987, 574, 2459, 1246, 38438, 39009, 39582, 40153
7632 16 -1
19240, 2958, 1121, 3868, 1618, 38480, 39183, 39887, 40590
7648 16 -1
19259, 1936, 817, 2217, 1031, 38517, 38764, 39012, 39259
7664 16 -1
19280, 2605, 1110, 3208, 713, 38560, 39059, 39560, 40059
7680 16 -1
19299, 2826, 833, 2535, 1080, 38598, 38866, 39136, 39404
7696 16 -1
19331, 2372, 345, 2118, 936, 38662, 39084, 39507, 39929
7712 16 -1
19366, 2029, 1394, 2289, 1115, 38732, 39001, 39271, 39540
7728 16 -1
19394, 2676, 557, 2759, 525, 38787, 38844, 38902, 38959
7744 16 -1
19413, 3162, 1339, 3055, 1289, 38826, 38904, 38983, 39061
7760 16 -1
19426, 2405, 838, 3196, 844, 38851, 39249, 39648, 40046
7776 16 -1
19458, 3548, 325, 2911, 423, 38915, 39282, 39650, 40017
7792 16 -1
19485, 3459, 1963, 2618, 710, 38969, 40015, 41063, 42109
7808 16 -1
19505, 2107, 1182, 1779, 1474, 39009, 39318, 39629, 39938
7824 16 -1
19532, 2536, 1085, 3032, 319, 39064, 39694, 40326, 40956
7840 16 -1
19558, 2577, 547, 2703, 503, 39116, 39200, 39286, 39370
7856 16 -1
19578, 2846, 878, 3328, 1808, 39155, 39860, 40567, 41272
7872 16 -1
19604, 3607, 1535, 2235, 569, 39207, 40375, 41545, 42713
7888 16 -1
19628, 2426, 1202, 2772, 1090, 39255, 39483, 39713, 39941
7904 16 -1
19648, 2790, 1560, 2750, 1271, 39296, 39460, 39625, 39789
7920 16 -1
19673, 3106, 500, 3684, 1734, 39345, 40250, 41157, 42062
7936 16 -1
19697, 3426, 1014, 2851, 1423, 39393, 39884, 40377, 40868
7952 16 -1
19722, 2925, 631, 3176, 605, 39444, 39582, 39721, 39859
7968 16 -1
19749, 3339, 1766, 3009, 1294, 39498, 39898, 40300, 40700
7984 16 -1
19781, 2132, 972, 3553, 650, 39561, 40432, 41304, 42175
8000 16 -1
19806, 2325, 606, 2500, 839, 39612, 39815, 40020, 40223
8016 16 -1
19838, 3157, 388, 2663, 1937, 39675, 40696, 41718, 42739
8032 16 -1
19871, 2107, 657, 2413, 317, 39741, 40063, 40387, 40709
8048 16 -1
19892, 3939, 839, 3277, 887, 39784, 40138, 40494, 40848
8064 16 -1
19919, 3172, 341, 3048, 325, 39837, 39906, 39977, 40046
8080 16 -1
19941, 2301, 455, 3015, 1128, 39881, 40574, 41268, 41961
8096 16 -1
19969, 3303, 837, 2838, 23, 39938, 40577, 41217, 41856
8112 16 -1
19992, 2780, 1222, 2135, 1602, 39983, 40495, 41008, 41520
8128 16 -1
20018, 2659, 982, 1990, 186, 40035, 40767, 41500, 42232
8144 16 -1
20054, 2066, 834, 3238, 1751, 40108, 41152, 42197, 43241
8160 16 -1
20087, 2034, 766, 3209, 1147, 40174, 40951, 41730, 42507
8176 16 -1
20108, 3056, 1241, 3214, 549, 40215, 40639, 41065, 41489
8192 16 -1
20147, 2924, 1316, 3746, 1489, 40293, 40790, 41288, 41785
8208 16 -1
20174, 2548, 852, 2245, 1270, 40348, 40708, 41069, 41429
8224 16 -1
20195, 3150, 1133, 3026, 1612, 40390, 40691, 40993, 41294
8240 16 -1
20224, 2774, 833, 3142, 1128, 40448, 40779, 41111, 41442
8256 16 -1
20254, 3320, 1156, 2724, 1460, 40507, 40956, 41407, 41856
8272 16 -1
20295, 2967, 1136, 2261, 1542, 40590, 41145, 41702, 42257
8288 16 -1
20318, 4162, 758, 2448, 1505, 40636, 41866, 43097, 44327
8304 16 -1
20362, 3073, 1090, 2220, 1558, 40723, 41383, 42044, 42704
8320 16 -1
20385, 2290, 826, 2617, 1230, 40770, 41135, 41501, 41866
8336 16 -1
20405, 3014, 1115, 2561, 330, 40810, 41428, 42048, 42666
8352 16 -1
20431, 3339, 1305, 2432, 794, 40862, 41570, 42280, 42988
8368 16 -1
20461, 3067, 983, 2925, 1142, 40922, 41072, 41223, 41373
8384 16 -1
20488, 2606, 1147, 2801, 1176, 40975, 41086, 41199, 41310
8400 16 -1
20518, 3658, 1832, 3005, 1622, 41035, 41466, 41898, 42329
8416 16 -1
20537, 3032, 295, 3233, 766, 41073, 41408, 41745, 42080
8432 16 -1
20568, 2472, 1486, 2728, 919, 41136, 41547, 41959, 42370
8448 16 -1
20600, 3142, 1599, 2719, 648, 41200, 41886, 42574, 43260
8464 16 -1
20629, 2053, 1231, 2177, 826, 41258, 41522, 41787, 42051
8480 16 -1
20660, 3097, 1369, 3110, 1109, 41319, 41455, 41592, 41728
8496 16 -1
20704, 2224, 694, 3285, 1189, 41408, 42185, 42964, 43741
8512 16 -1
20730, 2784, 1403, 3482, 582, 41460, 42219, 42979, 43738
8528 16 -1
20763, 2979, 1409, 2680, 1217, 41525, 41770, 42016, 42261
8544 16 -1
20784, 2346, 956, 2091, 1257, 41568, 41845, 42124, 42401
8560 16 -1
20807, 2898, 1163, 2590, 972, 41614, 41863, 42113, 42362
8576 16 -1
20834, 3105, 503, 3014, 1462, 41667, 42191, 42717, 43241
8592 16 -1
20863, 2158, 1141, 3184, 749, 41725, 42433, 43143, 43851
8608 16 -1
20894, 2969, 269, 2229, 809, 41787, 42426, 43067, 43706
8624 16 -1
20931, 2706, 605, 2557, 1892, 41862, 42579, 43298, 44015
8640 16 -1
20961, 3289, 898, 3627, 1054, 41921, 42167, 42415, 42661
8656 16 -1
20987, 2851, 1134, 2687, 1202, 41974, 42089, 42206, 42321
8672 16 -1
21025, 2845, 1141, 2293, 1717, 42049, 42612, 43177, 43740
8688 16 -1
21055, 2356, 1698, 2806, 1703, 42110, 42337, 42565, 42792
8704 16 -1
21097, 3931, 539, 1818, 581, 42194, 43271, 44349, 45426
8720 16 -1
21120, 2004, 790, 2819, 1005, 42239, 42753, 43269, 43783
8736 16 -1
21136, 3381, 545, 2307, 997, 42271, 43033, 43797, 44559
8752 16 -1
21167, 2733, 1383, 3130, 1336, 42333, 42554, 42777, 42998
8768 16 -1
21199, 2693, 225, 3631, 1550, 42398, 43529, 44661, 45792
8784 16 -1
21227, 3428, 1073, 2673, 994, 42454, 42870, 43288, 43704
8800 16 -1
21247, 2873, 1752, 2101, 934, 42494, 43288, 44084, 44878
8816 16 -1
21278, 2391, 193, 2741, 1019, 42555, 43142, 43731, 44318
8832 16 -1
21305, 3226, 914, 3513, 317, 42610, 43051, 43494, 43935
8848 16 -1
21337, 2985, 784, 2416, 833, 42673, 42981, 43291, 43599
8864 16 -1
21378, 2318, 1724, 3291, 971, 42756, 43618, 44482, 45344
8880 16 -1
21422, 3340, 581, 2470, 753, 42844, 43364, 43886, 44406
8896 16 -1
21447, 2845, 858, 2936, 1343, 42893, 43180, 43469, 43756
8912 16 -1
21482, 3199, 1546, 3403, 1274, 42964, 43201, 43440, 43677
8928 16 -1
21515, 3087, 1444, 2432, 791, 43029, 43682, 44337, 44990
8944 16 -1
21547, 3645, 354, 3222, 1412, 43094, 43834, 44575, 45315
8960 16 -1
21588, 1979, 1497, 3193, 1234, 43176, 43914, 44653, 45391
8976 16 -1
21620, 2964, 949, 3301, 1214, 43239, 43539, 43841, 44141
8992 16 -1
21654, 3149, 830, 2799, 1495, 43308, 43815, 44323, 44830
9008 16 -1
21703, 3697, 1649, 3901, 1335, 43406, 43664, 43924, 44182
9024 16 -1
21734, 2760, 629, 3151, 374, 43467, 43789, 44113, 44435
9040 16 -1
21769, 2605, 894, 2418, 710, 43538, 43723, 43909, 44094
9056 16 -1
21786, 3159, 301, 2911, 706, 43571, 43897, 44224, 44550
9072 16 -1
21816, 1728, 77, 3584, 1694, 43631, 45367, 47104, 48840
9088 16 -1
21849, 2832, 1108, 4241, 929, 43698, 44491, 45286, 46079
9104 16 -1
21882, 3351, 1064, 3015, 1670, 43764, 44234, 44706, 45176
9120 16 -1
21915, 2529, 635, 2900, 1377, 43829, 44385, 44942, 45498
9136 16 -1
21941, 2768, 535, 2279, 1072, 43881, 44393, 44907, 45419
9152 16 -1
21979, 3721, 1040, 2501, 877, 43957, 44648, 45340, 46031
9168 16 -1
22002, 2404, 1222, 2402, 1325, 44003, 44055, 44108, 44160
9184 16 -1
22022, 2936, 1320, 2394, 1395, 44044, 44352, 44661, 44969
9200 16 -1
22055, 2919, 1511, 3698, 612, 44109, 44947, 45787, 46625
9216 16 -1
22097, 2768, 1095, 3066, 466, 44194, 44657, 45121, 45584
9232 16 -1
22144, 3012, 1160, 2557, 1005, 44288, 44592, 44898, 45202
9248 16 -1
22180, 3518, 344, 3043, 469, 44360, 44659, 44960, 45259
9264 16 -1
22227, 2959, 274, 2624, 2305, 44453, 45635, 46819, 48001
9280 16 -1
22248, 2311, 458, 2154, 1007, 44496, 44848, 45202, 45554
9296 16 -1
22295, 4025, 1611, 2509, 1157, 44590, 45574, 46560, 47544
9312 16 -1
22322, 3065, 2050, 3010, 1492, 44644, 44950, 45257, 45563
9328 16 -1
22399, 3636, 2637, 2970, 1034, 44797, 45931, 47066, 48200
9344 16 -1
22422, 2535, 398, 2672, 927, 44844, 45176, 45510, 45842
9360 16 -1
22464, 2957, 1849, 3656, 840, 44928, 45781, 46636, 47489
9376 16 -1
22502, 2137, 1709, 2507, 852, 45003, 45616, 46230, 46843
9392 16 -1
22550, 2654, 856, 3000, 876, 45099, 45281, 45465, 45647
9408 16 -1
22589, 3120, 986, 3951, 980, 45177, 45595, 46014, 46432
9424 16 -1
22632, 2981, 456, 2797, 1043, 45263, 45648, 46034, 46419
9440 16 -1
22684, 3074, 1724, 2447, 776, 45367, 46154, 46942, 47729
9456 16 -1
22724, 2651, 695, 3281, 1176, 45448, 46003, 46559, 47114
9472 16 -1
22769, 2890, 1192, 2554, 1790, 45537, 46003, 46471, 46937
9488 16 -1
22818, 2259, 1312, 2538, 891, 45635, 45984, 46335, 46684
9504 16 -1
22851, 2582, 1207, 2549, 1557, 45701, 45892, 46084, 46275
9520 16 -1
22905, 2830, 1219, 3022, 1363, 45809, 45976, 46145, 46312
9536 16 -1
22949, 2820, 1492, 3559, 474, 45898, 46776, 47655, 48533
9552 16 -1
22997, 2373, 1324, 1656, 3270, 45994, 47325, 48657, 49988
9568 16 -1
23033, 2844, 1601, 2300, 961, 46065, 46656, 47249, 47840
9584 16 -1
23079, 3166, 1093, 1398, 447, 46157, 47363, 48571, 49777
9600 16 -1
23109, 2187, 1818, 3055, 1199, 46217, 46960, 47704, 48447
9616 16 -1
23187, 2733, 741, 2706, 748, 46373, 46389, 46407, 46423
9632 16 -1
23230, 3244, 844, 2976, 812, 46460, 46609, 46760, 46909
9648 16 -1
23272, 3014, 1536, 3004, 1183, 46543, 46724, 46906, 47087
9664 16 -1
23308, 4182, 1015, 2649, 785, 46616, 47497, 48379, 49260
9680 16 -1
23373, 2644, 563, 3320, 1378, 46746, 47491, 48237, 48982
9696 16 -1
23422, 1874, 780, 2193, 677, 46844, 47054, 47266, 47476
9712 16 -1
23489, 1979, 875, 3200, 425, 46977, 47812, 48648, 49483
9728 16 -1
23534, 2527, 1496, 2528, 849, 47068, 47391, 47716, 48039
9744 16 -1
23577, 3180, 1139, 2674, 1785, 47153, 47728, 48305, 48880
9760 16 -1
23614, 2587, 999, 2738, 746, 47228, 47429, 47632, 47833
9776 16 -1
23683, 2528, 1204, 2603, 1301, 47365, 47450, 47537, 47622
9792 16 -1
23726, 2545, 686, 1352, 1305, 47451, 48356, 49263, 50168
9808 16 -1
23764, 4080, 1288, 2826, 943, 47528, 48327, 49127, 49926
9824 16 -1
23826, 2070, 1354, 2700, 1325, 47652, 47981, 48311, 48640
9840 16 -1
23866, 3008, 1591, 2926, 1430, 47732, 47853, 47975, 48096
9856 16 -1
23935, 2743, 1039, 2826, 638, 47870, 48111, 48354, 48595
9872 16 -1
23973, 3194, 506, 3207, 191, 47946, 48109, 48274, 48437
9888 16 -1
24054, 2682, 765, 3042, 1087, 48108, 48448, 48790, 49130
9904 16 -1
24114, 2844, 1433, 3200, 1357, 48228, 48443, 48660, 48875
9920 16 -1
24175, 3061, 2069, 2565, 1094, 48349, 49084, 49820, 50555
9936 16 -1
24244, 2821, 939, 2805, 413, 48488, 48758, 49030, 49300
9952 16 -1
24346, 2483, 2239, 2641, 1559, 48691, 49109, 49529, 49947
9968 16 -1
24416, 2958, 929, 2859, 677, 48832, 49007, 49183, 49358
9984 16 -1
24538, 2891, 1108, 3191, 899, 49075, 49329, 49584, 49838
10000 16 -1
24883, 2914, 781, 2864, 965, 49766, 49882, 50000, 50116
