10000 10000 50000
1
14 6250 8750
353
1 14 0 35632 5
0
2 14 0 35632 5
0
3 14 0 35632 5
0
4 14 0 35632 5
0
5 14 0 35632 5
0
6 14 0 35632 5
0
7 14 0 35632 5
0
8 14 0 35632 5
0
9 14 0 35632 5
0
10 14 0 35632 5
0
11 14 0 35632 5
0
12 14 0 35632 5
0
13 14 0 35632 5
0
14 14 0 35632 5
0
15 14 0 35632 5
0
16 14 0 35632 5
0
17 14 0 35632 5
0
18 14 0 35632 5
0
19 14 0 35632 5
0
20 14 0 35632 5
0
21 14 0 35632 5
0
22 14 0 35632 5
0
23 14 0 35632 5
0
24 14 0 35632 5
0
25 14 0 35632 5
0
26 14 0 35632 5
0
27 14 0 35632 5
0
28 14 0 35632 5
0
29 14 0 35632 5
0
30 14 0 35632 5
0
31 14 0 35632 5
0
32 14 0 35632 5
0
33 14 0 35632 5
0
34 14 0 35632 5
0
35 14 0 35632 5
0
36 14 0 35632 5
0
37 14 0 35632 5
0
38 14 0 35632 5
0
39 14 0 35632 5
0
40 14 0 35632 5
0
41 14 0 35632 5
0
42 14 0 35632 5
0
43 14 0 35632 5
0
44 14 0 35632 5
0
45 14 0 35632 5
0
46 14 0 35632 5
0
47 14 0 35632 5
0
48 14 0 35632 5
0
49 14 0 35632 5
0
50 14 0 35632 5
0
51 14 0 35632 5
0
52 14 0 35632 5
0
53 14 0 35632 5
0
54 14 0 35632 5
0
55 14 0 35632 5
0
56 14 0 35632 5
0
57 14 0 35632 5
0
58 14 0 35632 5
0
59 14 0 35632 5
0
60 14 0 35632 5
0
61 14 0 35632 5
0
62 14 0 35632 5
0
63 14 0 35632 5
0
64 14 0 35632 5
0
65 14 0 35632 5
0
66 14 0 35632 5
0
67 14 0 35632 5
0
68 14 0 35632 5
0
69 14 0 35632 5
0
70 14 0 35632 5
0
71 14 0 35632 5
0
72 14 0 35632 5
0
73 14 0 35632 5
0
74 14 0 35632 5
0
75 14 0 35632 5
0
76 14 0 35632 5
0
77 14 0 35632 5
0
78 14 0 35632 5
0
79 14 0 35632 5
0
80 14 0 35632 5
0
81 14 0 35632 5
0
82 14 0 35632 5
0
83 14 0 35632 5
0
84 14 0 35632 5
0
85 14 0 35632 5
0
86 14 0 35632 5
0
87 14 0 35632 5
0
88 14 0 35632 5
0
89 14 0 35632 5
0
90 14 0 35632 5
0
91 14 0 35632 5
0
92 14 0 35632 5
0
93 14 0 35632 5
0
94 14 0 35632 5
0
95 14 0 35632 5
0
96 14 0 35632 5
0
97 14 0 35632 5
0
98 14 0 35632 5
0
99 14 0 35632 5
0
100 14 0 35632 5
0
101 14 0 35632 5
0
102 14 0 35632 5
0
103 14 0 35632 5
0
104 14 0 35632 5
0
105 14 0 35632 5
0
106 14 0 35632 5
0
107 14 0 35632 5
0
108 14 0 35632 5
0
109 14 0 35632 5
0
110 14 0 35632 5
0
111 14 0 35632 5
0
112 14 0 35632 5
0
113 14 0 35632 5
0
114 14 0 35632 5
0
115 14 0 35632 5
0
116 14 0 35632 5
0
117 14 0 35632 5
0
118 14 0 35632 5
0
119 14 0 35632 5
0
120 14 0 35632 5
0
121 14 0 35632 5
0
122 14 0 35632 5
0
123 14 0 35632 5
0
124 14 0 35632 5
0
125 14 0 35632 5
0
126 14 0 35632 5
0
127 14 0 35632 5
0
128 14 0 35632 5
0
129 14 0 35632 5
0
130 14 0 35632 5
0
131 14 0 35632 5
0
132 14 0 35632 5
0
133 14 0 35632 5
0
134 14 0 35632 5
0
135 14 0 35632 5
0
136 14 0 35632 5
0
137 14 0 35632 5
0
138 14 0 35632 5
0
139 14 0 35632 5
0
140 14 0 35632 5
0
141 14 0 35632 5
0
142 14 0 35632 5
0
143 14 0 35632 5
0
144 14 0 35632 5
0
145 14 0 35632 5
0
146 14 0 35632 5
0
147 14 0 35632 5
0
148 14 0 35632 5
0
149 14 0 35632 5
0
150 14 0 35632 5
0
151 14 0 35632 5
0
152 14 0 35632 5
0
153 14 0 35632 5
0
154 14 0 35632 5
0
155 14 0 35632 5
0
156 14 0 35632 5
0
157 14 0 35632 5
0
158 14 0 35632 5
0
159 14 0 35632 5
0
160 14 0 35632 5
0
161 14 0 35632 5
0
162 14 0 35632 5
0
163 14 0 35632 5
0
164 14 0 35632 5
0
165 14 0 35632 5
0
166 14 0 35632 5
0
167 14 0 35632 5
0
168 14 0 35632 5
0
169 14 0 35632 5
0
170 14 0 35632 5
0
171 14 0 35632 5
0
172 14 0 35632 5
0
173 14 0 35632 5
0
174 14 0 35632 5
0
175 14 0 35632 5
0
176 14 0 35632 5
0
177 14 0 35632 5
0
178 14 0 35632 5
0
179 14 0 35632 5
0
180 14 0 35632 5
0
181 14 0 35632 5
0
182 14 0 35632 5
0
183 14 0 35632 5
0
184 14 0 35632 5
0
185 14 0 35632 5
0
186 14 0 35632 5
0
187 14 0 35632 5
0
188 14 0 35632 5
0
189 14 0 35632 5
0
190 14 0 35632 5
0
191 14 0 35632 5
0
192 14 0 35632 5
0
193 14 0 35632 5
0
194 14 0 35632 5
0
195 14 0 35632 5
0
196 14 0 35632 5
0
197 14 0 35632 5
0
198 14 0 35632 5
0
199 14 0 35632 5
0
200 14 0 35632 5
0
201 14 0 35632 5
0
202 14 0 35632 5
0
203 14 0 35632 5
0
204 14 0 35632 5
0
205 14 0 35632 5
0
206 14 0 35632 5
0
207 14 0 35632 5
0
208 14 0 35632 5
0
209 14 0 35632 5
0
210 14 0 35632 5
0
211 14 0 35632 5
0
212 14 0 35632 5
0
213 14 0 35632 5
0
214 14 0 35632 5
0
215 14 0 35632 5
0
216 14 0 35632 5
0
217 14 0 35632 5
0
218 14 0 35632 5
0
219 14 0 35632 5
0
220 14 0 35632 5
0
221 14 0 35632 5
0
222 14 0 35632 5
0
223 14 0 35632 5
0
224 14 0 35632 5
0
225 14 0 35632 5
0
226 14 0 35632 5
0
227 14 0 35632 5
0
228 14 0 35632 5
0
229 14 0 35632 5
0
230 14 0 35632 5
0
231 14 0 35632 5
0
232 14 0 35632 5
0
233 14 0 35632 5
0
234 14 0 35632 5
0
235 14 0 35632 5
0
236 14 0 35632 5
0
237 14 0 35632 5
0
238 14 0 35632 5
0
239 14 0 35632 5
0
240 14 0 35632 5
0
241 14 0 35632 5
0
242 14 0 35632 5
0
243 14 0 35632 5
0
244 14 0 35632 5
0
245 14 0 35632 5
0
246 14 0 35632 5
0
247 14 0 35632 5
0
248 14 0 35632 5
0
249 14 0 35632 5
0
250 14 0 35632 5
0
251 14 0 35632 5
0
252 14 0 35632 5
0
253 14 0 35632 5
0
254 14 0 35632 5
0
255 14 0 35632 5
0
256 14 0 35632 5
0
257 14 0 35632 5
0
258 14 0 35632 5
0
259 14 0 35632 5
0
260 14 0 35632 5
0
261 14 0 35632 5
0
262 14 0 35632 5
0
263 14 0 35632 5
0
264 14 0 35632 5
0
265 14 0 35632 5
0
266 14 0 35632 5
0
267 14 0 35632 5
0
268 14 0 35632 5
0
269 14 0 35632 5
0
270 14 0 35632 5
0
271 14 0 35632 5
0
272 14 0 35632 5
0
273 14 0 35632 5
0
274 14 0 35632 5
0
275 14 0 35632 5
0
276 14 0 35632 5
0
277 14 0 35632 5
0
278 14 0 35632 5
0
279 14 0 35632 5
0
280 14 0 35632 5
0
281 14 0 35632 5
0
282 14 0 35632 5
0
283 14 0 35632 5
0
284 14 0 35632 5
0
285 14 0 35632 5
0
286 14 0 35632 5
0
287 14 0 35632 5
0
288 14 0 35632 5
0
289 14 0 35632 5
0
290 14 0 35632 5
0
291 14 0 35632 5
0
292 14 0 35632 5
0
293 14 0 35632 5
0
294 14 0 35632 5
0
295 14 0 35632 5
0
296 14 0 35632 5
0
297 14 0 35632 5
0
298 14 0 35632 5
0
299 14 0 35632 5
0
300 14 0 35632 5
0
301 14 0 35632 5
0
302 14 0 35632 5
0
303 14 0 35632 5
0
304 14 0 35632 5
0
305 14 0 35632 5
0
306 14 0 35632 5
0
307 14 0 35632 5
0
308 14 0 35632 5
0
309 14 0 35632 5
0
310 14 0 35632 5
0
311 14 0 35632 5
0
312 14 0 35632 5
0
313 14 0 35632 5
0
314 14 0 35632 5
0
315 14 0 35632 5
0
316 14 0 35632 5
0
317 14 0 35632 5
0
318 14 0 35632 5
0
319 14 0 35632 5
0
320 14 0 35632 5
0
321 14 0 35632 5
0
322 14 0 35632 5
0
323 14 0 35632 5
0
324 14 0 35632 5
0
325 14 0 35632 5
0
326 14 0 35632 5
0
327 14 0 35632 5
0
328 14 0 35632 5
0
329 14 0 35632 5
0
330 14 0 35632 5
0
331 14 0 35632 5
0
332 14 0 35632 5
0
333 14 0 35632 5
0
334 14 0 35632 5
0
335 14 0 35632 5
0
336 14 0 35632 5
0
337 14 0 35632 5
0
338 14 0 35632 5
0
339 14 0 35632 5
0
340 14 0 35632 5
0
341 14 0 35632 5
0
342 14 0 35632 5
0
343 14 0 35632 5
0
344 14 0 35632 5
0
345 14 0 35632 5
0
346 14 0 35632 5
0
347 14 0 35632 5
0
348 14 0 35632 5
0
349 14 0 35632 5
0
350 14 0 35632 5
0
351 14 0 35632 5
0
352 14 0 35632 5
0
353 14 0 35632 5
0
625
14 14 -1
1, 2371, 2164, 3343, 1115, 1, 1011, 2022, 3032
30 14 -1
1, 2689, 1550, 2706, 1228, 1, 170, 340, 509
46 14 -1
1, 2938, 450, 9999, 3393, 1, 5002, 10005, 15006
62 14 -1
1, 3194, 947, 2188, 873, 1, 540, 1081, 1620
78 14 -1
1, 3772, 1238, 2360, 1183, 1, 734, 1468, 2201
94 14 -1
253, 2905, 2222, 2837, 1275, 506, 1013, 1521, 2028
110 14 -1
701, 3287, 1033, 2158, 388, 1401, 2287, 3175, 4061
126 14 -1
1140, 2718, 936, 2837, 1656, 2280, 2699, 3119, 3538
142 14 -1
1383, 3037, 307, 1899, 847, 2765, 3603, 4443, 5281
158 14 -1
1634, 2360, 1672, 3107, 1302, 3267, 3825, 4384, 4942
174 14 -1
2025, 2471, 169, 2762, 963, 4050, 4592, 5135, 5677
190 14 -1
2178, 3886, 1760, 69, 325, 4355, 6980, 9607, 12232
206 14 -1
2402, 3017, 556, 2758, 875, 4803, 5091, 5381, 5669
222 14 -1
2574, 2410, 1675, 2635, 601, 5147, 5796, 6446, 7095
238 14 -1
2766, 2974, 1545, 2308, 1631, 5531, 5906, 6283, 6658
254 14 -1
2982, 3041, 907, 2715, 710, 5963, 6224, 6486, 6747
270 14 -1
3161, 2506, 1211, 2807, 1565, 6322, 6649, 6977, 7304
286 14 -1
3368, 3166, 1068, 2192, 1343, 6735, 7359, 7984, 8608
302 14 -1
3501, 3144, 1217, 2915, 1424, 7002, 7219, 7438, 7655
318 14 -1
3620, 3107, 1182, 2078, 527, 7240, 8081, 8924, 9765
334 14 -1
3808, 3421, 1202, 2416, 1861, 7616, 8447, 9280, 10111
350 14 -1
3961, 3086, 1181, 9999, 727, 7922, 11605, 15289, 18972
366 14 -1
4098, 1959, 1401, 3488, 1099, 8196, 9111, 10027, 10942
382 14 -1
4273, 2917, 1126, 1944, 1028, 8545, 9080, 9616, 10151
398 14 -1
4437, 2770, 326, 2631, 717, 8874, 9138, 9404, 9668
414 14 -1
4626, 2249, 269, 2587, 783, 9252, 9677, 10104, 10529
430 14 -1
4710, 2290, 1191, 3184, 971, 9419, 9975, 10533, 11089
446 14 -1
4843, 2363, 1165, 2704, 2014, 9685, 10279, 10875, 11469
462 14 -1
4938, 2601, 1238, 3329, 1271, 9875, 10255, 10636, 11016
478 14 -1
5126, 2965, 1452, 9999, 3039, 10251, 14561, 18872, 23182
494 14 -1
5216, 2489, 1841, 1299, 1271, 10432, 11311, 12192, 13071
510 14 -1
5325, 2982, 1367, 2782, 647, 10649, 11108, 11569, 12028
526 14 -1
5436, 3302, 1191, 2194, 225, 10871, 11907, 12945, 13981
542 14 -1
5523, 3084, 1253, 2579, 975, 11045, 11436, 11828, 12219
558 14 -1
5660, 2852, 1263, 2671, 150, 11320, 11966, 12614, 13260
574 14 -1
5796, 2725, 1448, 3093, 1036, 11591, 11980, 12371, 12760
590 14 -1
5905, 3088, 557, 2971, 1804, 11809, 12490, 13173, 13854
606 14 -1
6014, 3005, 178, 2993, 1332, 12027, 12609, 13193, 13775
622 14 -1
6105, 2188, 25, 1049, 1217, 12209, 13374, 14540, 15705
638 14 -1
6192, 2808, 1290, 3184, 784, 12384, 12824, 13266, 13706
654 14 -1
6287, 2950, 334, 2716, 966, 12573, 13005, 13439, 13871
670 14 -1
6367, 2592, 1195, 2601, 1078, 12733, 12795, 12859, 12921
686 14 -1
6439, 1982, 710, 2158, 1240, 12878, 13230, 13584, 13936
702 14 -1
6545, 2534, 224, 2814, 883, 13090, 13559, 14029, 14498
718 14 -1
6634, 3416, 560, 2123, 1538, 13268, 14403, 15539, 16674
734 14 -1
6715, 2209, 582, 3815, 2001, 13429, 14941, 16454, 17966
750 14 -1
6803, 2742, 1497, 2577, 234, 13605, 14318, 15033, 15746
766 14 -1
6842, 3175, 1649, 9999, 394, 13683, 17722, 21762, 25801
782 14 -1
6901, 3462, 1521, 3352, 1029, 13802, 14102, 14404, 14704
798 14 -1
6987, 2319, 1108, 3106, 2161, 13974, 14893, 15814, 16733
814 14 -1
7067, 2926, 173, 2645, 1873, 14134, 15124, 16115, 17105
830 14 -1
7125, 1694, 1072, 2795, 928, 14249, 14871, 15494, 16116
846 14 -1
7211, 2686, 531, 2660, 1513, 14422, 14925, 15430, 15933
862 14 -1
7326, 2236, 675, 2874, 1076, 14652, 15171, 15691, 16210
878 14 -1
7400, 2746, 1100, 2674, 1433, 14800, 15002, 15205, 15407
894 14 -1
7445, 2864, 1305, 2932, 414, 14890, 15369, 15849, 16328
910 14 -1
7493, 3429, 1635, 2029, 363, 14985, 16320, 17657, 18992
926 14 -1
7553, 1721, 711, 2663, 346, 15106, 15759, 16413, 17066
942 14 -1
7630, 1993, 1282, 3591, 1034, 15260, 16182, 17106, 18028
958 14 -1
7687, 2453, 2008, 2425, 2098, 15373, 15431, 15491, 15549
974 14 -1
7751, 3254, 400, 1282, 555, 15501, 16564, 17628, 18691
990 14 -1
7821, 1966, 2093, 2936, 414, 15642, 16966, 18291, 19615
1006 14 -1
7861, 2185, 1392, 194, 9191, 15721, 20615, 25511, 30405
1022 14 -1
7900, 1562, 1027, 2167, 507, 15799, 16361, 16924, 17486
1038 14 -1
7956, 2092, 1516, 3098, 1426, 15911, 16458, 17007, 17554
1054 14 -1
7986, 2921, 1316, 2770, 615, 15972, 16397, 16824, 17249
1070 14 -1
8032, 3641, 1263, 2424, 454, 16064, 17076, 18090, 19102
1086 14 -1
8085, 2206, 1551, 731, 6305, 16169, 19283, 22398, 25512
1102 14 -1
8155, 3771, 315, 3123, 534, 16310, 16743, 17177, 17610
1118 14 -1
8195, 2748, 748, 2364, 915, 16390, 16665, 16941, 17216
1134 14 -1
8268, 2175, 1187, 2065, 1283, 16536, 16638, 16742, 16844
1150 14 -1
8304, 2949, 1130, 133, 5082, 16608, 19991, 23376, 26759
1166 14 -1
8345, 2840, 1337, 2638, 415, 16690, 17251, 17814, 18375
1182 14 -1
8365, 3133, 533, 2338, 683, 16729, 17201, 17674, 18146
1198 14 -1
8398, 3099, 2244, 2507, 1107, 16795, 17659, 18524, 19388
1214 14 -1
8451, 3264, 1175, 3049, 1423, 16902, 17133, 17365, 17596
1230 14 -1
8499, 3833, 1694, 2840, 2358, 16997, 17825, 18654, 19482
1246 14 -1
8537, 2536, 1154, 2970, 1349, 17073, 17387, 17702, 18016
1262 14 -1
8577, 3070, 451, 3740, 1941, 17154, 18233, 19314, 20393
1278 14 -1
8646, 2989, 1298, 3060, 1126, 17291, 17412, 17534, 17655
1294 14 -1
8706, 3416, 1707, 9999, 7631, 17411, 23664, 29918, 36171
1310 14 -1
8741, 2166, 1023, 3747, 904, 17482, 18331, 19182, 20031
1326 14 -1
8792, 2537, 1342, 2477, 1186, 17584, 17691, 17800, 17907
1342 14 -1
8855, 2321, 1395, 2866, 756, 17709, 18300, 18893, 19484
1358 14 -1
8890, 3361, 1585, 2868, 238, 17779, 18698, 19619, 20538
1374 14 -1
8927, 2180, 1198, 2817, 1223, 17854, 18184, 18516, 18846
1390 14 -1
8963, 3117, 1164, 2526, 1606, 17925, 18441, 18958, 19474
1406 14 -1
8999, 2597, 578, 2420, 972, 17997, 18282, 18568, 18853
1422 14 -1
9060, 3351, 579, 2931, 441, 18120, 18398, 18678, 18956
1438 14 -1
9085, 3106, 1617, 2094, 1146, 18169, 18910, 19652, 20393
1454 14 -1
9117, 2492, 695, 2569, 935, 18233, 18391, 18550, 18708
1470 14 -1
9169, 2688, 856, 3164, 2068, 18338, 19181, 20026, 20869
1486 14 -1
9202, 3127, 1460, 3870, 526, 18404, 19242, 20081, 20919
1502 14 -1
9259, 3145, 1375, 2518, 984, 18517, 19025, 19535, 20043
1518 14 -1
9289, 2481, 1874, 3256, 347, 18578, 19728, 20880, 22030
1534 14 -1
9350, 2634, 1034, 2437, 2087, 18700, 19324, 19950, 20574
1550 14 -1
9384, 2638, 1486, 1963, 1622, 18767, 19172, 19578, 19983
1566 14 -1
9429, 2774, 513, 2917, 1343, 18858, 19344, 19831, 20317
1582 14 -1
9474, 2061, 756, 2778, 301, 18948, 19533, 20120, 20705
1598 14 -1
9509, 2465, 1170, 3626, 1753, 19018, 19889, 20762, 21633
1614 14 -1
9562, 3112, 1250, 2603, 580, 19124, 19713, 20303, 20892
1630 14 -1
9612, 2294, 1411, 2540, 1734, 19223, 19507, 19792, 20076
1646 14 -1
9668, 3450, 1780, 3540, 1638, 19335, 19450, 19567, 19682
1662 14 -1
9738, 2551, 1539, 2901, 901, 19475, 19968, 20463, 20956
1678 14 -1
9772, 2591, 1936, 2070, 1405, 19544, 20069, 20596, 21121
1694 14 -1
9798, 2581, 1171, 2608, 606, 19596, 19891, 20188, 20483
1710 14 -1
9852, 2654, 1431, 2159, 735, 19704, 20299, 20895, 21490
1726 14 -1
9885, 2623, 1521, 2703, 584, 19769, 20277, 20786, 21294
1742 14 -1
9926, 3209, 656, 9999, 259, 19851, 23444, 27038, 30631
1758 14 -1
9978, 3451, 1383, 3782, 503, 19956, 20561, 21167, 21772
1774 14 -1
10018, 3221, 739, 3197, 1122, 20035, 20238, 20442, 20645
1790 14 -1
10057, 2304, 1012, 2640, 1271, 20113, 20410, 20708, 21005
1806 14 -1
10112, 2999, 1501, 105, 828, 20223, 22006, 23790, 25573
1822 14 -1
10135, 3895, 1482, 2890, 1246, 20270, 20890, 21511, 22131
1838 14 -1
10170, 1809, 1652, 2417, 1448, 20340, 20745, 21152, 21557
1854 14 -1
10222, 2373, 887, 3133, 1265, 20444, 21012, 21582, 22150
1870 14 -1
10249, 2742, 1355, 3021, 2046, 20497, 20981, 21467, 21951
1886 14 -1
10297, 2817, 1297, 3322, 521, 20593, 21233, 21874, 22514
1902 14 -1
10331, 3238, 1239, 2711, 719, 20662, 21185, 21709, 22232
1918 14 -1
10372, 3001, 764, 2335, 846, 20744, 21117, 21492, 21865
1934 14 -1
10424, 2405, 1701, 3002, 1449, 20848, 21272, 21697, 22121
1950 14 -1
10449, 2168, 359, 3673, 1152, 20897, 22045, 23195, 24343
1966 14 -1
10480, 2919, 550, 3114, 315, 20960, 21174, 21390, 21604
1982 14 -1
10526, 2569, 838, 2890, 936, 21051, 21260, 21470, 21679
1998 14 -1
10554, 2601, 1324, 3130, 1023, 21107, 21521, 21937, 22351
2014 14 -1
10574, 3425, 1117, 1843, 1721, 21147, 22239, 23333, 24425
2030 14 -1
10610, 2701, 555, 2129, 790, 21219, 21622, 22026, 22429
2046 14 -1
10636, 3120, 431, 2750, 817, 21271, 21648, 22027, 22404
2062 14 -1
10659, 3086, 952, 3171, 1374, 21317, 21570, 21824, 22077
2078 14 -1
10682, 3720, 624, 2136, 1143, 21363, 22414, 23466, 24517
2094 14 -1
10710, 2369, 1062, 2756, 1426, 21420, 21795, 22171, 22546
2110 14 -1
10751, 1878, 1064, 2204, 1352, 21501, 21807, 22115, 22421
2126 14 -1
10778, 3628, 1966, 2326, 1824, 21555, 22276, 22999, 23720
2142 14 -1
10808, 2934, 1474, 2820, 908, 21616, 21955, 22296, 22635
2158 14 -1
10853, 3351, 238, 2901, 618, 21706, 22120, 22536, 22950
2174 14 -1
10891, 2323, 908, 2772, 2373, 21781, 22737, 23695, 24651
2190 14 -1
10927, 3376, 1140, 2854, 1551, 21854, 22320, 22787, 23253
2206 14 -1
10969, 2900, 1337, 2486, 1853, 21937, 22401, 22867, 23331
2222 14 -1
11001, 3454, 1221, 2983, 1599, 22001, 22425, 22850, 23274
2238 14 -1
11029, 2516, 1751, 2337, 1038, 22058, 22503, 22950, 23395
2254 14 -1
11061, 2663, 949, 2583, 1228, 22122, 22301, 22481, 22660
2270 14 -1
11102, 1959, 1306, 2104, 1631, 22204, 22438, 22674, 22908
2286 14 -1
11134, 2361, 735, 2746, 1879, 22267, 23031, 23796, 24560
2302 14 -1
11157, 3114, 843, 2762, 1038, 22313, 22586, 22860, 23133
2318 14 -1
11194, 2906, 1385, 3508, 6917, 22388, 25454, 28522, 31588
2334 14 -1
11233, 2310, 1212, 2871, 1036, 22466, 22834, 23203, 23571
2350 14 -1
11258, 3203, 988, 2412, 2013, 22516, 23423, 24332, 25239
2366 14 -1
11288, 2580, 1826, 3295, 997, 22576, 23347, 24120, 24891
2382 14 -1
11322, 3196, 941, 3383, 643, 22644, 22886, 23129, 23371
2398 14 -1
11361, 2361, 405, 3053, 1127, 22721, 23427, 24135, 24841
2414 14 -1
11386, 3137, 260, 3780, 1015, 22771, 23469, 24169, 24867
2430 14 -1
11426, 3156, 440, 3781, 997, 22852, 23442, 24034, 24624
2446 14 -1
11452, 3217, 1313, 2511, 1204, 22904, 23311, 23719, 24126
2462 14 -1
11487, 2647, 1555, 2824, 771, 22974, 23454, 23935, 24415
2478 14 -1
11517, 2347, 362, 2812, 1313, 23033, 23740, 24449, 25156
2494 14 -1
11551, 3249, 1048, 2319, 881, 23101, 23649, 24198, 24746
2510 14 -1
11575, 3298, 826, 2898, 1888, 23150, 23880, 24612, 25342
2526 14 -1
11617, 4094, 640, 2577, 1133, 23234, 24238, 25244, 26248
2542 14 -1
11636, 3302, 935, 2794, 1254, 23271, 23684, 24098, 24511
2558 14 -1
11666, 3449, 1475, 3126, 1510, 23332, 23510, 23690, 23868
2574 14 -1
11699, 2540, 837, 2935, 1409, 23397, 23880, 24364, 24847
2590 14 -1
11728, 2786, 463, 2586, 963, 23456, 23805, 24156, 24505
2606 14 -1
11762, 2727, 501, 2053, 1562, 23523, 24390, 25258, 26125
2622 14 -1
11801, 2111, 488, 3541, 1961, 23601, 25052, 26504, 27955
2638 14 -1
11825, 2923, 902, 2606, 1053, 23649, 23882, 24117, 24350
2654 14 -1
11858, 2900, 735, 2980, 1488, 23716, 24132, 24549, 24965
2670 14 -1
11891, 2454, 976, 2650, 968, 23781, 23882, 23985, 24086
2686 14 -1
11920, 2680, 843, 1972, 443, 23839, 24392, 24947, 25500
2702 14 -1
11960, 2504, 1021, 3089, 566, 23919, 24438, 24959, 25478
2718 14 -1
11983, 2006, 2535, 2076, 1023, 23966, 24756, 25548, 26338
2734 14 -1
12015, 2667, 1169, 2552, 1182, 24030, 24093, 24158, 24221
2750 14 -1
12053, 2893, 966, 2849, 131, 24106, 24545, 24985, 25424
2766 14 -1
12082, 3153, 1067, 2354, 878, 24164, 24657, 25152, 25645
2782 14 -1
12118, 3441, 1692, 2270, 787, 24235, 25272, 26311, 27348
2798 14 -1
12144, 3496, 1747, 2045, 507, 24288, 25633, 26979, 28324
2814 14 -1
12177, 3177, 1642, 3112, 1258, 24354, 24578, 24803, 25027
2830 14 -1
12194, 3074, 1674, 3409, 947, 24388, 24918, 25450, 25980
2846 14 -1
12221, 3394, 705, 3109, 1148, 24442, 24805, 25170, 25533
2862 14 -1
12258, 2754, 1150, 2776, 1941, 24516, 24922, 25329, 25735
2878 14 -1
12280, 2405, 741, 3533, 1105, 24560, 25305, 26052, 26797
2894 14 -1
12313, 2629, 301, 2930, 496, 24625, 24872, 25121, 25368
2910 14 -1
12340, 2896, 968, 2817, 1339, 24679, 24903, 25129, 25353
2926 14 -1
12365, 3672, 209, 3155, 1478, 24729, 25621, 26515, 27407
2942 14 -1
12385, 2400, 458, 3018, 1270, 24770, 25484, 26200, 26914
2958 14 -1
12407, 2367, 1047, 2389, 1425, 24813, 25012, 25213, 25412
2974 14 -1
12431, 2397, 1449, 2901, 768, 24862, 25454, 26047, 26639
2990 14 -1
12472, 2532, 1265, 2764, 224, 24944, 25580, 26217, 26853
3006 14 -1
12495, 3542, 1774, 3227, 1325, 24990, 25371, 25754, 26135
3022 14 -1
12516, 2747, 1149, 3125, 1176, 25031, 25233, 25436, 25638
3038 14 -1
12545, 2246, 763, 2551, 693, 25090, 25277, 25465, 25652
3054 14 -1
12570, 2398, 1272, 2843, 1647, 25139, 25548, 25959, 26368
3070 14 -1
12589, 2610, 1444, 3142, 665, 25178, 25833, 26489, 27144
3086 14 -1
12614, 3358, 959, 3324, 1919, 25228, 25724, 26222, 26718
3102 14 -1
12649, 3239, 969, 3943, 583, 25298, 25842, 26388, 26932
3118 14 -1
12679, 2540, 685, 2522, 936, 25357, 25491, 25626, 25760
3134 14 -1
12711, 3270, 880, 2401, 1175, 25421, 26002, 26585, 27166
3150 14 -1
12737, 2898, 984, 3124, 1699, 25474, 25944, 26415, 26885
3166 14 -1
12759, 2643, 920, 2819, 1674, 25518, 25982, 26448, 26912
3182 14 -1
12782, 3099, 580, 3344, 1124, 25564, 25958, 26353, 26747
3198 14 -1
12810, 2811, 633, 1607, 934, 25619, 26371, 27124, 27876
3214 14 -1
12825, 2744, 468, 3479, 171, 25650, 26165, 26682, 27197
3230 14 -1
12846, 2931, 792, 3056, 1371, 25691, 26042, 26395, 26746
3246 14 -1
12869, 3689, 401, 3282, 1154, 25737, 26316, 26897, 27476
3262 14 -1
12892, 3674, 1753, 9999, 620, 25783, 29511, 33241, 36969
3278 14 -1
12912, 2577, 165, 9999, 2988, 25824, 30946, 36069, 41191
3294 14 -1
12937, 3136, 897, 2668, 1225, 25873, 26270, 26669, 27066
3310 14 -1
12959, 2954, 272, 2573, 280, 25917, 26111, 26306, 26500
3326 14 -1
12993, 2710, 796, 2999, 663, 25986, 26196, 26408, 26618
3342 14 -1
13015, 2095, 892, 2634, 2203, 26030, 26954, 27880, 28804
3358 14 -1
13042, 1861, 1186, 1940, 444, 26083, 26493, 26904, 27314
3374 14 -1
13066, 2381, 736, 2914, 375, 26131, 26577, 27025, 27471
3390 14 -1
13089, 2429, 822, 2659, 530, 26177, 26437, 26699, 26959
3406 14 -1
13113, 3391, 368, 1840, 1055, 26225, 27343, 28463, 29581
3422 14 -1
13146, 1968, 797, 3040, 530, 26291, 26960, 27630, 28299
3438 14 -1
13161, 3563, 341, 2701, 1345, 26322, 27254, 28188, 29120
3454 14 -1
13181, 2811, 1553, 3093, 1126, 26361, 26715, 27070, 27424
3470 14 -1
13210, 2765, 763, 3470, 524, 26420, 26891, 27364, 27835
3486 14 -1
13240, 4695, 1190, 3275, 1731, 26479, 27459, 28440, 29420
3502 14 -1
13283, 2718, 963, 3076, 936, 26565, 26757, 26950, 27142
3518 14 -1
13318, 2619, 990, 2603, 908, 26636, 26684, 26734, 26782
3534 14 -1
13354, 2691, 1108, 2339, 639, 26707, 27117, 27528, 27938
3550 14 -1
13372, 3123, 1352, 2128, 2147, 26743, 27637, 28533, 29427
3566 14 -1
13397, 1610, 1675, 2446, 1302, 26793, 27397, 28002, 28606
3582 14 -1
13418, 2261, 983, 2492, 1440, 26835, 27178, 27523, 27866
3598 14 -1
13438, 2875, 1232, 3402, 516, 26875, 27496, 28118, 28739
3614 14 -1
13474, 2679, 1224, 3186, 1081, 26948, 27272, 27598, 27922
3630 14 -1
13493, 3613, 1616, 2852, 768, 26985, 27789, 28594, 29398
3646 14 -1
13516, 2455, 1592, 3104, 1134, 27032, 27585, 28139, 28692
3662 14 -1
13535, 2857, 786, 2065, 711, 27070, 27503, 27937, 28370
3678 14 -1
13569, 2730, 302, 2278, 1052, 27137, 27737, 28339, 28939
3694 14 -1
13595, 2201, 1204, 2924, 1426, 27190, 27662, 28135, 28607
3710 14 -1
13622, 3006, 1554, 3062, 1026, 27244, 27535, 27828, 28119
3726 14 -1
13646, 1455, 1455, 1902, 533, 27291, 27975, 28660, 29344
3742 14 -1
13675, 3344, 1937, 3021, 2145, 27350, 27615, 27881, 28146
3758 14 -1
13697, 2909, 976, 2977, 544, 27394, 27643, 27894, 28143
3774 14 -1
13724, 3238, 1922, 3764, 2054, 27448, 27776, 28106, 28434
3790 14 -1
13755, 1866, 1037, 2122, 847, 27509, 27731, 27955, 28177
3806 14 -1
13790, 3341, 994, 2541, 579, 27579, 28186, 28794, 29401
3822 14 -1
13817, 2781, 1347, 1834, 2119, 27634, 28493, 29353, 30212
3838 14 -1
13852, 3318, 1283, 3413, 1393, 27704, 27806, 27909, 28011
3854 14 -1
13877, 2505, 1052, 3060, 772, 27754, 28171, 28589, 29006
3870 14 -1
13902, 3000, 1193, 1735, 937, 27804, 28564, 29325, 30085
3886 14 -1
13931, 2711, 1548, 2593, 646, 27861, 28370, 28881, 29390
3902 14 -1
13954, 2949, 1349, 2341, 1174, 27907, 28298, 28690, 29081
3918 14 -1
13980, 2368, 770, 2674, 146, 27959, 28423, 28889, 29353
3934 14 -1
14014, 3356, 1446, 2654, 1525, 28028, 28418, 28809, 29199
3950 14 -1
14046, 2672, 1137, 2273, 189, 28092, 28765, 29439, 30112
3966 14 -1
14081, 2906, 176, 3071, 802, 28162, 28557, 28953, 29348
3982 14 -1
14108, 2791, 1390, 2606, 1215, 28216, 28395, 28576, 28755
3998 14 -1
14147, 2669, 351, 2808, 787, 28293, 28580, 28868, 29155
4014 14 -1
14169, 2761, 1552, 2240, 619, 28337, 29063, 29791, 30517
4030 14 -1
14201, 2031, 1836, 2253, 1825, 28402, 28518, 28635, 28751
4046 14 -1
14223, 2168, 1244, 2350, 1157, 28446, 28580, 28715, 28849
4062 14 -1
14245, 2851, 1402, 2525, 764, 28489, 28970, 29453, 29934
4078 14 -1
14267, 3284, 2018, 2090, 800, 28534, 29739, 30946, 32151
4094 14 -1
14292, 2240, 939, 2567, 897, 28583, 28767, 28952, 29136
4110 14 -1
14311, 3211, 673, 2301, 1108, 28621, 29293, 29966, 30638
4126 14 -1
14329, 2832, 1643, 3900, 1149, 28657, 29437, 30219, 30999
4142 14 -1
14352, 3375, 1558, 2597, 758, 28704, 29492, 30282, 31070
4158 14 -1
14364, 3044, 1011, 2534, 1590, 28727, 29271, 29816, 30360
4174 14 -1
14384, 3501, 1289, 2597, 729, 28768, 29499, 30232, 30963
4190 14 -1
14410, 2781, 1384, 3947, 751, 28819, 29718, 30618, 31517
4206 14 -1
14427, 2362, 1934, 3543, 852, 28853, 29984, 31116, 32247
4222 14 -1
14450, 2855, 746, 2136, 1508, 28899, 29639, 30380, 31120
4238 14 -1
14467, 2396, 1341, 2910, 924, 28933, 29398, 29864, 30329
4254 14 -1
14497, 1858, 1389, 2869, 1130, 28993, 29627, 30263, 30897
4270 14 -1
14515, 2309, 1097, 3099, 616, 29029, 29664, 30300, 30935
4286 14 -1
14530, 4225, 1117, 2807, 1135, 29059, 29776, 30495, 31212
4302 14 -1
14553, 2163, 468, 2964, 1119, 29106, 29831, 30558, 31283
4318 14 -1
14580, 2330, 979, 2764, 729, 29160, 29501, 29844, 30185
4334 14 -1
14609, 3136, 1848, 9999, 7620, 29217, 35534, 41852, 48169
4350 14 -1
14636, 2262, 552, 179, 460, 29271, 30358, 31446, 32533
4366 14 -1
14658, 2254, 1414, 3309, 671, 29315, 30213, 31113, 32011
4382 14 -1
14674, 2458, 1429, 3246, 846, 29348, 30033, 30719, 31404
4398 14 -1
14695, 3043, 720, 2415, 772, 29389, 29728, 30069, 30408
4414 14 -1
14719, 3396, 1550, 2532, 498, 29437, 30394, 31353, 32310
4430 14 -1
14747, 3176, 1195, 2538, 1184, 29494, 29818, 30143, 30467
4446 14 -1
14764, 2925, 1124, 9999, 8083, 29528, 36544, 43561, 50577
4462 14 -1
14798, 2075, 1517, 2789, 1170, 29596, 30126, 30657, 31187
4478 14 -1
14814, 3384, 1132, 3180, 1673, 29628, 30000, 30373, 30745
4494 14 -1
14846, 3218, 568, 2486, 867, 29691, 30206, 30722, 31237
4510 14 -1
14874, 2583, 1733, 2305, 629, 29747, 30437, 31129, 31819
4526 14 -1
14907, 2756, 129, 2805, 1384, 29814, 30465, 31118, 31769
4542 14 -1
14928, 2345, 1130, 3399, 643, 29856, 30626, 31397, 32167
4558 14 -1
14955, 2408, 696, 2924, 1056, 29909, 30346, 30785, 31222
4574 14 -1
14979, 2051, 1281, 3501, 1327, 29957, 30704, 31453, 32200
4590 14 -1
14996, 2841, 812, 2364, 1790, 29992, 30719, 31447, 32174
4606 14 -1
15020, 1919, 1830, 2571, 1439, 30040, 30561, 31083, 31604
4622 14 -1
15043, 2223, 492, 2866, 276, 30085, 30514, 30944, 31373
4638 14 -1
15060, 3240, 695, 2684, 881, 30119, 30489, 30861, 31231
4654 14 -1
15085, 2559, 939, 2080, 962, 30169, 30419, 30671, 30921
4670 14 -1
15107, 3242, 1186, 3182, 1500, 30213, 30399, 30587, 30773
4686 14 -1
15128, 2050, 719, 2021, 1296, 30255, 30557, 30861, 31163
4702 14 -1
15144, 2760, 1322, 2829, 1184, 30288, 30391, 30495, 30598
4718 14 -1
15178, 3612, 2172, 2618, 1275, 30355, 31300, 32246, 33191
4734 14 -1
15198, 2842, 1569, 2353, 1297, 30395, 30775, 31156, 31536
4750 14 -1
15216, 2370, 950, 2722, 209, 30432, 30978, 31525, 32071
4766 14 -1
15244, 2824, 1573, 3067, 1606, 30488, 30625, 30764, 30901
4782 14 -1
15263, 3389, 1677, 9999, 8492, 30526, 37238, 43951, 50663
4798 14 -1
15282, 2546, 182, 9999, 273, 30563, 34334, 38107, 41878
4814 14 -1
15297, 2903, 933, 2940, 309, 30594, 30924, 31255, 31585
4830 14 -1
15320, 3388, 775, 3444, 695, 30640, 30707, 30776, 30843
4846 14 -1
15340, 2718, 973, 2584, 1868, 30680, 31194, 31709, 32223
4862 14 -1
15365, 1231, 741, 2871, 1176, 30730, 31767, 32805, 33842
4878 14 -1
15388, 3203, 1001, 2459, 1666, 30775, 31479, 32184, 32888
4894 14 -1
15404, 3991, 1160, 2599, 1224, 30807, 31534, 32263, 32990
4910 14 -1
15425, 1949, 746, 2137, 762, 30849, 30950, 31053, 31154
4926 14 -1
15439, 2336, 813, 2900, 1264, 30877, 31384, 31892, 32399
4942 14 -1
15471, 2101, 947, 2524, 1442, 30941, 31399, 31859, 32317
4958 14 -1
15498, 2521, 967, 2723, 265, 30996, 31447, 31900, 32351
4974 14 -1
15520, 2857, 800, 1756, 1338, 31040, 31859, 32679, 33498
4990 14 -1
15551, 2516, 940, 2843, 1114, 31102, 31352, 31603, 31853
5006 14 -1
15574, 2620, 881, 1415, 195, 31148, 32093, 33039, 33984
5022 14 -1
15589, 2851, 1331, 3077, 957, 31177, 31476, 31777, 32076
5038 14 -1
15610, 2118, 1060, 3931, 1251, 31219, 32220, 33223, 34224
5054 14 -1
15636, 2838, 1284, 3353, 1309, 31272, 31541, 31812, 32081
5070 14 -1
15666, 3158, 1373, 2908, 2122, 31331, 31830, 32330, 32829
5086 14 -1
15688, 2630, 1102, 2323, 997, 31376, 31581, 31788, 31993
5102 14 -1
15706, 2814, 212, 3490, 1271, 31412, 32279, 33147, 34014
5118 14 -1
15728, 3879, 1460, 3600, 1173, 31455, 31737, 32021, 32303
5134 14 -1
15746, 1399, 1303, 2638, 579, 31492, 32473, 33455, 34436
5150 14 -1
15773, 3119, 1689, 2676, 293, 31545, 32464, 33384, 34303
5166 14 -1
15787, 2930, 1480, 2861, 786, 31574, 31955, 32337, 32718
5182 14 -1
15809, 2772, 1255, 2186, 792, 31617, 32141, 32666, 33190
5198 14 -1
15846, 2619, 926, 3359, 1093, 31692, 32145, 32599, 33052
5214 14 -1
15858, 2498, 1586, 3453, 727, 31716, 32622, 33530, 34436
5230 14 -1
15887, 4060, 941, 3895, 420, 31773, 32115, 32459, 32801
5246 14 -1
15914, 2776, 1037, 2489, 691, 31828, 32144, 32461, 32777
5262 14 -1
15933, 2863, 1243, 2599, 1036, 31865, 32100, 32336, 32571
5278 14 -1
15951, 2719, 939, 2799, 1290, 31901, 32116, 32332, 32547
5294 14 -1
15974, 3295, 983, 2529, 1211, 31947, 32443, 32941, 33437
5310 14 -1
15994, 2184, 1730, 2958, 1041, 31988, 32719, 33451, 34182
5326 14 -1
16018, 2493, 587, 1986, 1414, 32035, 32701, 33369, 34035
5342 14 -1
16047, 3152, 660, 3910, 1430, 32094, 32857, 33622, 34385
5358 14 -1
16067, 3047, 319, 3124, 1164, 32133, 32593, 33055, 33515
5374 14 -1
16086, 3017, 735, 2556, 894, 32172, 32481, 32792, 33101
5390 14 -1
16114, 2854, 619, 1831, 1515, 32227, 33186, 34146, 35105
5406 14 -1
16128, 1160, 1383, 2652, 710, 32256, 33338, 34421, 35503
5422 14 -1
16154, 3782, 412, 3278, 1043, 32307, 32874, 33442, 34009
5438 14 -1
16174, 2262, 736, 3193, 1585, 32347, 33236, 34127, 35016
5454 14 -1
16207, 2706, 652, 2656, 1363, 32413, 32793, 33174, 33554
5470 14 -1
16234, 1942, 1205, 2836, 923, 32468, 33055, 33644, 34231
5486 14 -1
16256, 1825, 1044, 2740, 772, 32511, 33104, 33698, 34291
5502 14 -1
16276, 2592, 1124, 2340, 991, 32552, 32744, 32937, 33129
5518 14 -1
16296, 2417, 1240, 2950, 791, 32591, 33081, 33573, 34063
5534 14 -1
16319, 2953, 1043, 2566, 372, 32637, 33165, 33695, 34223
5550 14 -1
16341, 2730, 666, 2490, 1433, 32682, 33185, 33689, 34192
5566 14 -1
16365, 2325, 991, 2170, 1267, 32729, 32944, 33160, 33375
5582 14 -1
16382, 2424, 927, 2762, 1384, 32764, 33161, 33559, 33956
5598 14 -1
16398, 2702, 555, 2973, 669, 32795, 32987, 33180, 33372
5614 14 -1
16412, 2393, 1485, 2184, 1850, 32824, 33110, 33398, 33684
5630 14 -1
16425, 2600, 1026, 2977, 1263, 32850, 33156, 33464, 33770
5646 14 -1
16451, 3670, 930, 2632, 793, 32901, 33488, 34076, 34663
5662 14 -1
16484, 2361, 683, 4068, 1661, 32968, 34310, 35653, 36995
5678 14 -1
16506, 2949, 999, 2547, 1325, 33012, 33375, 33740, 34103
5694 14 -1
16533, 3671, 1371, 2465, 362, 33066, 34173, 35281, 36388
5710 14 -1
16556, 2995, 1830, 1962, 1268, 33112, 33909, 34707, 35504
5726 14 -1
16568, 2897, 416, 2292, 1380, 33136, 33920, 34705, 35489
5742 14 -1
16592, 3766, 1771, 2892, 1513, 33184, 33749, 34316, 34881
5758 14 -1
16605, 2556, 478, 2981, 1397, 33210, 33881, 34554, 35225
5774 14 -1
16630, 2287, 868, 2645, 1333, 33260, 33671, 34083, 34494
5790 14 -1
16645, 3072, 1134, 2576, 1447, 33289, 33693, 34098, 34502
5806 14 -1
16664, 2376, 2241, 3177, 957, 33328, 34370, 35413, 36455
5822 14 -1
16681, 2735, 1363, 2747, 1176, 33361, 33460, 33560, 33659
5838 14 -1
16707, 2927, 1273, 3135, 1307, 33414, 33534, 33656, 33776
5854 14 -1
16729, 2492, 1162, 2881, 1345, 33458, 33743, 34030, 34315
5870 14 -1
16750, 3530, 1222, 1581, 1221, 33500, 34474, 35450, 36424
5886 14 -1
16768, 2250, 1190, 3784, 1468, 33536, 34441, 35348, 36253
5902 14 -1
16788, 2848, 617, 2505, 860, 33576, 33868, 34162, 34454
5918 14 -1
16810, 2780, 1140, 3352, 1715, 33620, 34193, 34767, 35340
5934 14 -1
16825, 3383, 1103, 2626, 940, 33649, 34108, 34569, 35028
5950 14 -1
16844, 2078, 1893, 3172, 2138, 33687, 34356, 35026, 35695
5966 14 -1
16871, 3410, 935, 2604, 833, 33742, 34195, 34650, 35103
5982 14 -1
16899, 2642, 1036, 2413, 1500, 33797, 34143, 34490, 34836
5998 14 -1
16915, 2415, 322, 3665, 2007, 33830, 35297, 36765, 38232
6014 14 -1
16942, 3251, 952, 1483, 660, 33884, 34913, 35944, 36973
6030 14 -1
16968, 2584, 387, 2618, 1033, 33936, 34275, 34616, 34955
6046 14 -1
16985, 3744, 976, 2998, 917, 33969, 34371, 34774, 35176
6062 14 -1
17000, 3243, 1329, 1732, 2130, 34000, 35155, 36312, 37467
6078 14 -1
17015, 3419, 978, 2552, 804, 34029, 34549, 35070, 35590
6094 14 -1
17038, 2226, 2099, 2510, 1292, 34076, 34621, 35167, 35712
6110 14 -1
17062, 2134, 31, 1889, 484, 34123, 34471, 34821, 35169
6126 14 -1
17087, 1883, 1082, 2539, 1511, 34173, 34715, 35258, 35800
6142 14 -1
17108, 3266, 1171, 3428, 1369, 34216, 34395, 34576, 34755
6158 14 -1
17131, 2079, 811, 2824, 365, 34262, 34857, 35453, 36048
6174 14 -1
17148, 3249, 1036, 3290, 1475, 34295, 34534, 34775, 35014
6190 14 -1
17169, 2321, 397, 2331, 1240, 34338, 34764, 35191, 35617
6206 14 -1
17195, 3389, 600, 2766, 944, 34390, 34873, 35357, 35840
6222 14 -1
17212, 2387, 1203, 2680, 1079, 34424, 34632, 34841, 35049
6238 14 -1
17237, 1830, 416, 3682, 910, 34473, 35645, 36819, 37991
6254 14 -1
17269, 3739, 1616, 2658, 746, 34538, 35513, 36489, 37464
6270 14 -1
17284, 3060, 656, 2029, 1603, 34567, 35555, 36545, 37533
6286 14 -1
17308, 2568, 834, 2439, 1158, 34616, 34842, 35069, 35295
6302 14 -1
17324, 3418, 1295, 3362, 1645, 34647, 34849, 35053, 35255
6318 14 -1
17352, 2769, 765, 2987, 1147, 34704, 35003, 35304, 35603
6334 14 -1
17372, 2155, 1085, 2714, 1857, 34744, 35409, 36075, 36740
6350 14 -1
17388, 2990, 639, 2938, 696, 34776, 34830, 34885, 34939
6366 14 -1
17402, 2094, 1354, 1604, 584, 34804, 35433, 36064, 36693
6382 14 -1
17427, 2314, 892, 3190, 871, 34853, 35301, 35750, 36198
6398 14 -1
17448, 2795, 1587, 2643, 681, 34895, 35423, 35953, 36481
6414 14 -1
17469, 3329, 433, 3521, 372, 34937, 35063, 35190, 35316
6430 14 -1
17489, 3082, 696, 9999, 7498, 34977, 41836, 48696, 55555
6446 14 -1
17515, 3109, 1559, 3046, 1090, 35029, 35294, 35561, 35826
6462 14 -1
17537, 3241, 1103, 2734, 656, 35073, 35549, 36027, 36503
6478 14 -1
17562, 2472, 741, 2893, 737, 35124, 35336, 35549, 35761
6494 14 -1
17584, 1917, 764, 2585, 1196, 35168, 35717, 36268, 36817
6510 14 -1
17600, 1868, 805, 2345, 2214, 35199, 36141, 37085, 38027
6526 14 -1
17624, 2883, 1425, 2066, 218, 35248, 36259, 37272, 38283
6542 14 -1
17647, 2899, 786, 2348, 886, 35293, 35618, 35944, 36269
6558 14 -1
17670, 4076, 1682, 9999, 7021, 35339, 40969, 46601, 52231
6574 14 -1
17694, 2439, 2141, 2520, 1941, 35388, 35528, 35669, 35809
6590 14 -1
17718, 3162, 1003, 3684, 1221, 35436, 35805, 36176, 36545
6606 14 -1
17741, 2282, 818, 2432, 624, 35482, 35653, 35826, 35997
6622 14 -1
17763, 2652, 783, 3138, 271, 35525, 36023, 36523, 37021
6638 14 -1
17780, 3352, 1310, 3229, 1268, 35559, 35641, 35724, 35806
6654 14 -1
17799, 3067, 1365, 3211, 339, 35597, 36181, 36767, 37351
6670 14 -1
17810, 2807, 1357, 3179, 916, 35619, 36025, 36432, 36838
6686 14 -1
17832, 2556, 927, 1763, 1446, 35663, 36318, 36975, 37630
6702 14 -1
17855, 1788, 652, 2667, 839, 35709, 36241, 36775, 37307
6718 14 -1
17873, 2142, 1181, 2260, 921, 35745, 35933, 36123, 36311
6734 14 -1
17895, 2162, 1299, 2870, 1523, 35790, 36255, 36722, 37187
6750 14 -1
17915, 2197, 1030, 1283, 7396, 35829, 39468, 43109, 46748
6766 14 -1
17936, 2876, 764, 2858, 683, 35871, 35920, 35970, 36019
6782 14 -1
17969, 2645, 1113, 2473, 1696, 35937, 36314, 36692, 37069
6798 14 -1
17988, 1819, 951, 3622, 884, 35975, 36909, 37845, 38779
6814 14 -1
18021, 2883, 886, 2501, 1150, 36042, 36364, 36688, 37010
6830 14 -1
18041, 2775, 1467, 4087, 132, 36081, 37404, 38728, 40051
6846 14 -1
18065, 2398, 1627, 3618, 8053, 36129, 39951, 43775, 47597
6862 14 -1
18087, 2234, 935, 2502, 1550, 36174, 36615, 37057, 37498
6878 14 -1
18108, 2494, 506, 2942, 942, 36216, 36657, 37100, 37541
6894 14 -1
18130, 3404, 1020, 3042, 751, 36260, 36575, 36891, 37206
6910 14 -1
18151, 3025, 1153, 3059, 1315, 36302, 36399, 36498, 36595
6926 14 -1
18173, 3423, 514, 2736, 1013, 36346, 36938, 37532, 38124
6942 14 -1
18198, 3009, 669, 3936, 470, 36395, 36957, 37521, 38083
6958 14 -1
18216, 1818, 1672, 2841, 1014, 36432, 37272, 38113, 38953
6974 14 -1
18240, 2432, 1346, 2832, 1192, 36480, 36756, 37034, 37310
6990 14 -1
18270, 2503, 622, 3391, 1473, 36540, 37409, 38279, 39148
7006 14 -1
18291, 2642, 234, 1498, 510, 36582, 37291, 38002, 38711
7022 14 -1
18320, 2571, 1164, 3067, 1046, 36640, 36946, 37254, 37560
7038 14 -1
18345, 1635, 1823, 1802, 1439, 36690, 36965, 37241, 37516
7054 14 -1
18364, 2099, 828, 3133, 1310, 36727, 37484, 38243, 39000
7070 14 -1
18380, 2983, 921, 3242, 938, 36759, 36896, 37035, 37172
7086 14 -1
18407, 2775, 1868, 3924, 734, 36813, 37954, 39096, 40237
7102 14 -1
18430, 2316, 830, 3023, 1131, 36860, 37363, 37868, 38371
7118 14 -1
18453, 3793, 571, 3040, 315, 36906, 37410, 37915, 38419
7134 14 -1
18477, 2596, 397, 3092, 1825, 36954, 37915, 38878, 39839
7150 14 -1
18498, 2601, 802, 3499, 977, 36996, 37532, 38069, 38605
7166 14 -1
18527, 2363, 646, 2731, 1202, 37054, 37515, 37978, 38439
7182 14 -1
18548, 3185, 1164, 2326, 514, 37096, 37850, 38605, 39359
7198 14 -1
18574, 3228, 338, 2485, 1641, 37148, 38170, 39194, 40216
7214 14 -1
18609, 2512, 1480, 2543, 749, 37218, 37598, 37980, 38360
7230 14 -1
18635, 2945, 616, 2596, 1329, 37269, 37799, 38331, 38861
7246 14 -1
18659, 2933, 886, 2003, 1236, 37317, 37956, 38597, 39236
7262 14 -1
18677, 2981, 976, 2802, 1508, 37353, 37708, 38064, 38419
7278 14 -1
18699, 3018, 1157, 2352, 1099, 37398, 37759, 38122, 38483
7294 14 -1
18723, 2955, 1050, 2403, 1324, 37445, 37857, 38271, 38683
7310 14 -1
18754, 2082, 381, 2733, 379, 37507, 37833, 38160, 38486
7326 14 -1
18779, 3124, 669, 3052, 986, 37557, 37751, 37946, 38140
7342 14 -1
18797, 2595, 1257, 2726, 1224, 37594, 37675, 37758, 37839
7358 14 -1
18813, 3349, 1766, 2893, 695, 37626, 38389, 39153, 39916
7374 14 -1
18839, 2826, 233, 2555, 363, 37678, 37878, 38079, 38279
7390 14 -1
18861, 2059, 963, 2634, 953, 37721, 38013, 38306, 38598
7406 14 -1
18889, 2751, 1008, 3069, 1664, 37778, 38264, 38752, 39238
7422 14 -1
18900, 2555, 904, 2910, 337, 37800, 38260, 38722, 39182
7438 14 -1
18922, 3175, 1432, 2980, 919, 37843, 38196, 38551, 38904
7454 14 -1
18948, 3434, 846, 3454, 1591, 37895, 38277, 38660, 39042
7470 14 -1
18979, 2595, 1136, 2697, 247, 37958, 38453, 38949, 39444
7486 14 -1
19007, 2540, 1561, 2709, 861, 38014, 38448, 38883, 39317
7502 14 -1
19027, 2262, 1053, 2964, 1203, 38053, 38478, 38905, 39330
7518 14 -1
19050, 2364, 660, 3640, 1028, 38100, 38921, 39744, 40565
7534 14 -1
19077, 2775, 718, 2521, 533, 38153, 38372, 38592, 38811
7550 14 -1
19107, 2289, 898, 2581, 1646, 38213, 38732, 39253, 39772
7566 14 -1
19136, 3156, 1088, 3303, 660, 38271, 38558, 38846, 39133
7582 14 -1
19173, 3002, 621, 2048, 903, 38346, 38963, 39582, 40199
7598 14 -1
19192, 2998, 576, 3427, 2310, 38383, 39464, 40546, 41627
7614 14 -1
19216, 2855, 771, 2651, 1633, 38432, 38964, 39498, 40030
7630 14 -1
19237, 3773, 792, 3334, 1071, 38473, 38831, 39191, 39549
7646 14 -1
19257, 2172, 1264, 3932, 1380, 38514, 39451, 40390, 41327
7662 14 -1
19277, 2243, 1283, 1969, 748, 38553, 38957, 39362, 39766
7678 14 -1
19299, 2207, 202, 2686, 664, 38597, 39067, 39538, 40008
7694 14 -1
19325, 2269, 750, 2658, 1059, 38650, 38998, 39348, 39696
7710 14 -1
19364, 2410, 1323, 2358, 742, 38728, 39044, 39361, 39677
7726 14 -1
19386, 2900, 468, 2352, 542, 38772, 39082, 39394, 39704
7742 14 -1
19411, 2832, 578, 2364, 948, 38822, 39240, 39660, 40078
7758 14 -1
19425, 2647, 460, 2847, 1684, 38850, 39561, 40274, 40985
7774 14 -1
19452, 3886, 1060, 2152, 1189, 38904, 39835, 40767, 41698
7790 14 -1
19483, 2811, 573, 3347, 609, 38966, 39251, 39538, 39823
7806 14 -1
19503, 2892, 849, 2770, 593, 39005, 39193, 39383, 39571
7822 14 -1
19529, 2990, 479, 2244, 1158, 39057, 39769, 40482, 41194
7838 14 -1
19555, 2932, 796, 3071, 1143, 39110, 39352, 39596, 39838
7854 14 -1
19578, 1808, 1933, 2950, 1642, 39156, 39872, 40589, 41305
7870 14 -1
19598, 2268, 1783, 2462, 763, 39196, 39802, 40410, 41016
7886 14 -1
19627, 3009, 1411, 2681, 1590, 39254, 39507, 39761, 40014
7902 14 -1
19646, 3091, 555, 2481, 1488, 39291, 40062, 40834, 41605
7918 14 -1
19672, 3508, 1031, 2493, 1143, 39344, 39907, 40471, 41034
7934 14 -1
19694, 2547, 1784, 2568, 953, 39387, 39812, 40239, 40664
7950 14 -1
19717, 2919, 1701, 3115, 1682, 39434, 39541, 39649, 39756
7966 14 -1
19744, 2721, 1362, 2362, 958, 39488, 39869, 40251, 40632
7982 14 -1
19779, 2107, 2250, 2961, 1112, 39558, 40553, 41550, 42545
7998 14 -1
19802, 2891, 1470, 2682, 128, 39604, 40379, 41155, 41930
8014 14 -1
19838, 1938, 915, 2112, 1002, 39676, 39806, 39937, 40067
8030 14 -1
19864, 2905, 793, 2388, 1102, 39728, 40140, 40554, 40966
8046 14 -1
19891, 2903, 1476, 3483, 468, 39782, 40575, 41370, 42163
8062 14 -1
19918, 2745, 1911, 2803, 1267, 39836, 40186, 40538, 40888
8078 14 -1
19939, 2738, 983, 3371, 659, 39878, 40356, 40835, 41313
8094 14 -1
19965, 3202, 1212, 2251, 1934, 39929, 40765, 41602, 42438
8110 14 -1
19990, 2637, 1696, 3235, 1187, 39980, 40533, 41087, 41640
8126 14 -1
20009, 2680, 1192, 2239, 854, 40017, 40406, 40796, 41185
8142 14 -1
20053, 2645, 571, 3470, 1399, 40106, 40932, 41759, 42585
8158 14 -1
20082, 3053, 1070, 4133, 31, 40163, 41222, 42282, 43341
8174 14 -1
20105, 1924, 1606, 2054, 97, 40209, 41028, 41848, 42667
8190 14 -1
20147, 1934, 757, 3288, 1098, 40294, 41141, 41989, 42836
8206 14 -1
20172, 3495, 994, 3202, 1746, 40343, 40865, 41388, 41910
8222 14 -1
20188, 2169, 748, 2688, 894, 40376, 40708, 41041, 41373
8238 14 -1
20223, 2803, 770, 2586, 1345, 40445, 40840, 41237, 41632
8254 14 -1
20252, 2662, 1231, 2826, 1247, 40504, 40593, 40684, 40773
8270 14 -1
20290, 2367, 292, 3371, 1058, 40580, 41464, 42350, 43234
8286 14 -1
20312, 1994, 1009, 3102, 581, 40623, 41390, 42159, 42926
8302 14 -1
20359, 3482, 695, 3136, 620, 40718, 40928, 41139, 41349
8318 14 -1
20382, 2922, 1008, 1959, 1300, 40764, 41391, 42019, 42646
8334 14 -1
20400, 2152, 1887, 2629, 1760, 40800, 41101, 41404, 41705
8350 14 -1
20427, 2762, 1230, 3071, 1287, 40854, 41036, 41220, 41402
8366 14 -1
20458, 2446, 829, 3134, 1130, 40915, 41409, 41904, 42398
8382 14 -1
20486, 2539, 1532, 3102, 1096, 40971, 41470, 41970, 42469
8398 14 -1
20518, 2844, 676, 3089, 47, 41035, 41471, 41909, 42345
8414 14 -1
20530, 3262, 317, 2687, 1459, 41060, 41918, 42777, 43635
8430 14 -1
20560, 2919, 1289, 2319, 747, 41119, 41689, 42261, 42831
8446 14 -1
20599, 3216, 1516, 2767, 215, 41198, 42072, 42948, 43822
8462 14 -1
20624, 2588, 839, 1307, 1405, 41247, 42170, 43094, 44017
8478 14 -1
20651, 3100, 1230, 3561, 125, 41301, 42083, 42867, 43649
8494 14 -1
20700, 3440, 278, 2479, 570, 41399, 42025, 42652, 43278
8510 14 -1
20725, 2551, 1241, 2883, 847, 41449, 41811, 42175, 42537
8526 14 -1
20760, 2489, 351, 2929, 627, 41520, 41877, 42236, 42593
8542 14 -1
20782, 3716, 635, 2319, 774, 41563, 42330, 43099, 43866
8558 14 -1
20802, 2183, 795, 2783, 1732, 41604, 42372, 43141, 43909
8574 14 -1
20834, 2608, 590, 2519, 1482, 41667, 42157, 42648, 43138
8590 14 -1
20861, 3106, 1678, 2514, 418, 41722, 42647, 43574, 44499
8606 14 -1
20892, 1950, 1238, 2068, 367, 41784, 42278, 42773, 43267
8622 14 -1
20920, 2920, 1357, 3975, 1100, 41840, 42495, 43152, 43807
8638 14 -1
20950, 3523, 1046, 3281, 1658, 41900, 42326, 42754, 43180
8654 14 -1
20984, 2619, 1231, 2775, 1833, 41967, 42345, 42725, 43103
8670 14 -1
21022, 2918, 1379, 2426, 882, 42044, 42538, 43033, 43527
8686 14 -1
21048, 3438, 1664, 3169, 975, 42095, 42573, 43053, 43531
8702 14 -1
21088, 2299, 357, 2724, 1025, 42175, 42721, 43268, 43814
8718 14 -1
21114, 2277, 1263, 2430, 1172, 42227, 42348, 42471, 42592
8734 14 -1
21133, 3670, 1985, 2890, 1975, 42265, 42659, 43055, 43449
8750 14 -1
21162, 2831, 499, 2842, 1047, 42324, 42603, 42883, 43162
8766 14 -1
21194, 2695, 355, 2378, 1511, 42388, 43124, 43861, 44597
8782 14 -1
21221, 3256, 1837, 2392, 1088, 42442, 43248, 44055, 44861
8798 14 -1
21244, 3512, 994, 3812, 1109, 42487, 42694, 42902, 43109
8814 14 -1
21276, 2278, 896, 2788, 576, 42551, 42965, 43381, 43795
8830 14 -1
21304, 2146, 554, 2942, 496, 42607, 43033, 43461, 43887
8846 14 -1
21333, 3082, 1368, 2610, 2364, 42666, 43399, 44134, 44867
8862 14 -1
21374, 3027, 994, 3230, 683, 42748, 43004, 43262, 43518
8878 14 -1
21421, 3272, 1587, 3002, 1153, 42841, 43192, 43545, 43896
8894 14 -1
21441, 3008, 1485, 2139, 1876, 42882, 43511, 44142, 44771
8910 14 -1
21474, 2473, 1441, 3182, 447, 42947, 43798, 44650, 45501
8926 14 -1
21504, 2880, 360, 2734, 1424, 43007, 43611, 44217, 44821
8942 14 -1
21542, 3343, 1199, 2856, 1522, 43083, 43487, 43893, 44297
8958 14 -1
21584, 3118, 740, 3121, 2062, 43168, 43830, 44493, 45155
8974 14 -1
21618, 2098, 1492, 2685, 1493, 43236, 43529, 43824, 44117
8990 14 -1
21652, 3509, 1278, 2794, 323, 43304, 44138, 44974, 45808
9006 14 -1
21702, 2676, 499, 1862, 490, 43403, 43814, 44226, 44637
9022 14 -1
21732, 2855, 621, 2072, 859, 43464, 43974, 44485, 44995
9038 14 -1
21766, 1757, 1321, 2796, 791, 43531, 44315, 45100, 45884
9054 14 -1
21784, 2247, 720, 3194, 797, 43568, 44079, 44592, 45103
9070 14 -1
21809, 3244, 1107, 3293, 432, 43618, 43979, 44342, 44703
9086 14 -1
21842, 2372, 1915, 3237, 2181, 43684, 44249, 44815, 45380
9102 14 -1
21878, 2792, 480, 2102, 1420, 43755, 44569, 45385, 46199
9118 14 -1
21909, 3602, 936, 3375, 524, 43818, 44137, 44457, 44776
9134 14 -1
21936, 2531, 748, 3320, 1411, 43872, 44597, 45324, 46049
9150 14 -1
21975, 2590, 1338, 2753, 841, 43949, 44278, 44609, 44938
9166 14 -1
22000, 2545, 1583, 3346, 760, 44000, 44811, 45624, 46435
9182 14 -1
22020, 2562, 467, 3312, 269, 44039, 44512, 44987, 45460
9198 14 -1
22049, 3239, 1534, 2691, 918, 44098, 44679, 45262, 45843
9214 14 -1
22095, 1813, 869, 2833, 1297, 44190, 44913, 45638, 46361
9230 14 -1
22139, 3277, 1388, 2135, 2008, 44278, 45158, 46040, 46920
9246 14 -1
22166, 2685, 1297, 3543, 305, 44332, 45256, 46182, 47106
9262 14 -1
22219, 2118, 1351, 2896, 1031, 44437, 44985, 45535, 46083
9278 14 -1
22246, 3298, 1066, 3859, 1299, 44491, 44887, 45285, 45681
9294 14 -1
22293, 2615, 1451, 3109, 726, 44585, 45194, 45804, 46413
9310 14 -1
22318, 2008, 1319, 2854, 1270, 44636, 45083, 45531, 45978
9326 14 -1
22393, 3042, 962, 2524, 511, 44785, 45269, 45754, 46238
9342 14 -1
22417, 3022, 1573, 2483, 2031, 44834, 45332, 45831, 46329
9358 14 -1
22461, 2997, 1850, 2675, 360, 44922, 45827, 46734, 47639
9374 14 -1
22498, 3137, 1909, 2458, 1414, 44996, 45582, 46170, 46756
9390 14 -1
22542, 3151, 36, 3062, 978, 45083, 45598, 46114, 46629
9406 14 -1
22583, 2540, 1284, 3577, 1056, 45165, 45797, 46430, 47062
9422 14 -1
22626, 2949, 1515, 2573, 1202, 45252, 45596, 45941, 46285
9438 14 -1
22678, 3404, 492, 3093, 512, 45356, 45521, 45687, 45852
9454 14 -1
22721, 2512, 1945, 3454, 534, 45441, 46617, 47794, 48970
9470 14 -1
22756, 3198, 1701, 2738, 1467, 45512, 45858, 46206, 46552
9486 14 -1
22810, 2539, 1373, 1926, 871, 45619, 46176, 46734, 47291
9502 14 -1
22850, 2820, 1196, 2804, 924, 45700, 45843, 45988, 46131
9518 14 -1
22904, 3484, 1014, 2558, 723, 45808, 46416, 47025, 47633
9534 14 -1
22949, 1835, 760, 3298, 182, 45898, 46918, 47939, 48959
9550 14 -1
22989, 2643, 1435, 3016, 1334, 45977, 46213, 46451, 46687
9566 14 -1
23025, 2864, 927, 2745, 1024, 46050, 46157, 46266, 46373
9582 14 -1
23074, 2741, 1227, 2328, 1686, 46147, 46582, 47019, 47454
9598 14 -1
23103, 2460, 1618, 2215, 959, 46205, 46656, 47109, 47560
9614 14 -1
23185, 3473, 1055, 2678, 1422, 46369, 46949, 47531, 48111
9630 14 -1
23229, 2403, 1112, 2896, 1379, 46457, 46836, 47217, 47596
9646 14 -1
23258, 2643, 1276, 2262, 1474, 46515, 46804, 47094, 47383
9662 14 -1
23308, 2653, 1873, 2750, 1949, 46616, 46702, 46789, 46875
9678 14 -1
23367, 2282, 349, 2572, 439, 46733, 46922, 47113, 47302
9694 14 -1
23411, 2361, 1145, 3093, 1676, 46822, 47453, 48085, 48716
9710 14 -1
23468, 2084, 734, 2656, 1118, 46935, 47412, 47891, 48368
9726 14 -1
23527, 2578, 1714, 2731, 356, 47053, 47808, 48564, 49319
9742 14 -1
23572, 2103, 176, 3401, 458, 47143, 47932, 48723, 49512
9758 14 -1
23609, 2946, 1894, 2524, 1146, 47217, 47801, 48387, 48971
9774 14 -1
23658, 2410, 891, 2494, 695, 47315, 47454, 47595, 47734
9790 14 -1
23722, 3154, 855, 3150, 1098, 47443, 47566, 47690, 47813
9806 14 -1
23763, 3948, 215, 3095, 1743, 47526, 48716, 49907, 51097
9822 14 -1
23823, 2209, 1076, 2703, 1158, 47645, 47932, 48221, 48508
9838 14 -1
23865, 2883, 194, 3516, 1029, 47730, 48463, 49198, 49931
9854 14 -1
23923, 2022, 1444, 2454, 1824, 47845, 48250, 48657, 49062
9870 14 -1
23970, 2703, 581, 2692, 1591, 47940, 48450, 48961, 49471
9886 14 -1
24050, 2453, 1308, 2946, 268, 48099, 48865, 49632, 50398
9902 14 -1
24109, 1839, 1092, 2767, 1180, 48218, 48725, 49234, 49741
9918 14 -1
24169, 2416, 1833, 2189, 862, 48338, 48936, 49536, 50134
9934 14 -1
24238, 2875, 596, 2779, 798, 48475, 48623, 48773, 48921
9950 14 -1
24339, 2353, 822, 3270, 987, 48678, 49218, 49760, 50300
9966 14 -1
24413, 2787, 1738, 2781, 991, 48826, 49202, 49579, 49955
9982 14 -1
24531, 2814, 906, 2617, 277, 49062, 49474, 49888, 50300
9998 14 -1
24752, 2641, 975, 3084, 931, 49503, 49746, 49990, 50233
