-------------------------------------------------------------------------
TPs satisfied = 201; Total TPs = 625; Percentage Satisfied + 32.2%
-------------------------------------------------------------------------

-------------------------------------------------------------------------

EVs

-------------------------------------------------------------------------
--------------------------------------
EV1
--------------------------------------
Num TPs served = 10
TPs served = 132 2724 2804 3444 4068 4132 4948 6372 6436 8868
Total energy used = 35546
--------------------------------------
Schedule:
0 1228 3750 3750 3750 3750 0 0 35632 35632 0 1228 0
1228 5709 3750 3750 2274 745 0 1 35632 31151 132 1478 4481
5709 15173 2274 745 553 8488 1 0 31151 21687 -132 1478 9464
15173 24567 553 8488 2126 667 0 1 21687 12293 2804 1069 9394
24567 24743 2126 667 2020 737 1 2 12293 12117 2724 13 176
24743 26295 2020 737 3029 1280 2 1 12117 10565 -2724 13 1552
26295 26397 3029 1280 2959 1312 1 2 10565 10463 3444 218 102
26397 26942 2959 1312 2670 1568 2 1 10463 9918 -3444 218 545
26942 28172 2670 1568 3797 1671 1 0 9918 8688 -2804 139 1230
28172 28843 3797 1671 3279 1824 0 1 8688 8017 4132 474 671
28843 29069 3279 1824 3418 1737 1 2 8017 7791 4068 275 226
29069 30129 3418 1737 3413 682 2 1 7791 6731 -4132 464 1060
30129 31002 3413 682 2672 814 1 0 6731 5858 -4068 11 873
31002 31502 2672 814 2462 1104 0 1 5858 5358 4948 20 500
31502 32615 2462 1104 3354 883 1 0 5358 4245 -4948 20 1113
32615 34742 3354 883 3354 883 0 0 4245 4245 0 2127 0
34742 34991 3354 883 3375 1111 0 1 4245 3996 6436 159 249
34991 35078 3375 1111 3296 1119 1 2 3996 3909 6372 82 87
35078 35311 3296 1119 3080 1136 2 1 3909 3676 -6436 159 233
35311 35769 3080 1136 2927 1441 1 0 3676 3218 -6372 82 458
35769 42642 2927 1441 2927 1441 0 0 3218 3218 0 6873 0
42642 42765 2927 1441 3015 1476 0 1 3218 3095 8868 351 123
42765 43469 3015 1476 3619 1576 1 0 3095 2391 -8868 351 704
43469 47695 3619 1576 3619 1576 0 0 2391 2391 0 4226 0
47695 50000 3619 1576 3750 3750 0 0 2391 86 1000000000 0 2305
--------------------------------------
--------------------------------------
EV2
--------------------------------------
Num TPs served = 5
TPs served = 180 324 356 372 436
Total energy used = 34070
--------------------------------------
Schedule:
0 2086 3750 3750 3750 3750 0 0 35632 35632 0 2086 0
2086 4226 3750 3750 3523 1837 0 1 35632 33492 180 1095 2140
4226 6527 3523 1837 1634 1425 1 0 33492 31191 -180 1095 2301
6527 6659 1634 1425 1634 1425 0 0 31191 31191 0 132 0
6659 8318 1634 1425 2360 492 0 1 31191 29532 372 277 1659
8318 8874 2360 492 2204 892 1 0 29532 28976 -372 277 556
8874 9053 2204 892 2204 892 0 0 28976 28976 0 179 0
9053 9612 2204 892 2490 1165 0 1 28976 28417 436 388 559
9612 10390 2490 1165 2970 867 1 0 28417 27639 -436 388 778
10390 10577 2970 867 2954 1038 0 1 27639 27452 356 4798 187
10577 11027 2954 1038 3296 930 1 2 27452 27002 324 664 450
11027 19803 3296 930 9999 3003 2 1 27002 18226 -324 664 8776
19803 25384 9999 3003 9999 8584 1 0 18226 12645 -356 4582 5581
25384 38917 9999 8584 9999 8584 0 0 12645 12645 0 13533 0
38917 50000 9999 8584 3750 3750 0 0 12645 1562 1000000000 0 11083
--------------------------------------
--------------------------------------
EV3
--------------------------------------
Num TPs served = 9
TPs served = 228 340 468 516 596 916 5540 6180 6324
Total energy used = 35576
--------------------------------------
Schedule:
0 2618 3750 3750 3750 3750 0 0 35632 35632 0 2618 0
2618 5591 3750 3750 2245 2282 0 1 35632 32659 228 127 2973
5591 6559 2245 2282 2076 1483 1 0 32659 31691 -228 127 968
6559 8273 2076 1483 2885 578 0 1 31691 29977 340 297 1714
8273 9885 2885 578 3740 1335 1 0 29977 28365 -340 297 1612
9885 10231 3740 1335 3628 1101 0 1 28365 28019 468 103 346
10231 11047 3628 1101 2949 1238 1 0 28019 27203 -468 103 816
11047 11809 2949 1238 2708 1759 0 1 27203 26441 516 514 762
11809 12665 2708 1759 2614 997 1 2 26441 25585 596 810 856
12665 15043 2614 997 738 495 2 1 25585 23207 -516 514 2378
15043 15904 738 495 215 157 1 0 23207 22346 -596 810 861
15904 18713 215 157 2916 49 0 1 22346 19537 916 122 2809
18713 26371 2916 49 9999 624 1 0 19537 11879 -916 122 7658
26371 32944 9999 624 3666 384 0 1 11879 5306 5540 666 6573
32944 33528 3666 384 3666 384 1 1 5306 5306 0 584 0
33528 34726 3666 384 2964 880 1 2 5306 4108 6324 69 1198
34726 34866 2964 880 2849 905 2 1 4108 3968 -6324 69 140
34866 34901 2849 905 2840 931 1 2 3968 3933 6180 265 35
34901 35446 2840 931 2766 1402 2 1 3933 3388 -5540 82 545
35446 36771 2766 1402 3553 1940 1 0 3388 2063 -6180 117 1325
36771 47993 3553 1940 3553 1940 0 0 2063 2063 0 11222 0
47993 50000 3553 1940 3750 3750 0 0 2063 56 1000000000 0 2007
--------------------------------------
--------------------------------------
EV4
--------------------------------------
Num TPs served = 9
TPs served = 244 388 420 484 564 1300 1460 2020 7700
Total energy used = 35614
--------------------------------------
Schedule:
0 2846 3750 3750 3750 3750 0 0 35632 35632 0 2846 0
2846 6095 3750 3750 3353 898 0 1 35632 32383 244 144 3249
6095 7190 3353 898 2642 1282 1 0 32383 31288 -244 144 1095
7190 8456 2642 1282 2642 1282 0 0 31288 31288 0 1266 0
8456 8655 2642 1282 2726 1397 0 1 31288 31089 388 243 199
8655 9143 2726 1397 2741 924 1 0 31089 30601 -388 243 488
9143 9433 2741 924 2741 924 0 0 30601 30601 0 290 0
9433 10323 2741 924 2931 224 0 1 30601 29711 484 278 890
10323 10880 2931 224 2871 721 1 0 29711 29154 -484 278 557
10880 11153 2871 721 2770 549 0 1 29154 28881 420 479 273
11153 11845 2770 549 2979 1032 1 2 28881 28189 564 188 692
11845 13135 2979 1032 2254 1597 2 1 28189 26899 -564 188 1290
13135 16168 2254 1597 46 2422 1 0 26899 23866 -420 61 3033
16168 18473 46 2422 1898 1969 0 1 23866 21561 1460 757 2305
18473 20403 1898 1969 3211 1352 1 0 21561 19631 -1460 757 1930
20403 20775 3211 1352 3162 1675 0 1 19631 19259 1300 919 372
20775 21395 3162 1675 3738 1719 1 2 19259 18639 2020 368 620
21395 22570 3738 1719 3415 867 2 1 18639 17464 -2020 368 1175
22570 30019 3415 867 9999 2 1 0 17464 10015 -1300 185 7449
30019 31960 9999 2 9999 2 0 0 10015 10015 0 1941 0
31960 38677 9999 2 3938 658 0 1 10015 3298 7700 611 6717
38677 39900 3938 658 3763 1706 1 0 3298 2075 -7700 611 1223
39900 47943 3763 1706 3763 1706 0 0 2075 2075 0 8043 0
47943 50000 3763 1706 3750 3750 0 0 2075 18 1000000000 0 2057
--------------------------------------
--------------------------------------
EV5
--------------------------------------
Num TPs served = 14
TPs served = 276 308 404 500 724 868 948 3604 3940 4900 5172 5684 6036 9540
Total energy used = 35504
--------------------------------------
Schedule:
0 3267 3750 3750 3750 3750 0 0 35632 35632 0 3267 0
3267 6598 3750 3750 3194 975 0 1 35632 32301 276 82 3331
6598 6894 3194 975 3386 1079 1 0 32301 32005 -276 82 296
6894 7289 3386 1079 3708 1152 0 1 32005 31610 308 427 395
7289 8500 3708 1152 2747 902 1 0 31610 30399 -308 427 1211
8500 9215 2747 902 2620 1490 0 1 30399 29684 404 189 715
9215 10021 2620 1490 3018 1898 1 0 29684 28878 -404 189 806
10021 10815 3018 1898 3710 2000 0 1 28878 28084 500 878 794
10815 11653 3710 2000 3710 2000 1 1 28084 28084 0 838 0
11653 13308 3710 2000 2836 1219 1 2 28084 26429 724 3040 1655
13308 13998 2836 1219 2749 616 2 1 26429 25739 -500 40 690
13998 14472 2749 616 2749 616 1 1 25739 25739 0 474 0
14472 14717 2749 616 2675 787 1 2 25739 25494 868 66 245
14717 14850 2675 787 2774 753 2 1 25494 25361 -868 66 133
14850 14974 2774 753 2774 753 1 1 25361 25361 0 124 0
14974 15321 2774 753 3046 828 1 2 25361 25014 948 529 347
15321 16380 3046 828 2138 677 2 1 25014 23955 -948 529 1059
16380 22305 2138 677 629 5093 1 0 23955 18030 -724 124 5925
22305 27172 629 5093 2289 1886 0 1 18030 13163 3604 108 4867
27172 27925 2289 1886 2973 1955 1 0 13163 12410 -3604 108 753
27925 28774 2973 1955 2805 1274 0 1 12410 11561 3940 109 849
28774 30461 2805 1274 1544 848 1 0 11561 9874 -3940 109 1687
30461 31416 1544 848 2254 1093 0 1 9874 8919 4900 33 955
31416 31955 2254 1093 2396 696 1 2 8919 8380 5172 131 539
31955 32668 2396 696 2943 530 2 1 8380 7667 -4900 33 713
32668 32944 2943 530 3131 442 1 0 7667 7391 -5172 131 276
32944 33205 3131 442 3247 587 0 1 7391 7130 5684 259 261
33205 34067 3247 587 2722 250 1 0 7130 6268 -5684 259 862
34067 34470 2722 250 2369 200 0 1 6268 5865 6036 236 403
34470 35987 2369 200 3712 26 1 0 5865 4348 -6036 236 1517
35987 45011 3712 26 3712 26 0 0 4348 4348 0 9024 0
45011 45914 3712 26 3772 869 0 1 4348 3445 9540 296 903
45914 46507 3772 869 3543 1233 1 0 3445 2852 -9540 296 593
46507 47276 3543 1233 3543 1233 0 0 2852 2852 0 769 0
47276 50000 3543 1233 3750 3750 0 0 2852 128 1000000000 0 2724
--------------------------------------
--------------------------------------
EV6
--------------------------------------
Num TPs served = 8
TPs served = 452 532 708 1044 1204 1476 1492 2148
Total energy used = 35412
--------------------------------------
Schedule:
0 7260 3750 3750 3750 3750 0 0 35632 35632 0 7260 0
7260 9766 3750 3750 3485 1509 0 1 35632 33126 452 291 2506
9766 10349 3485 1509 2959 1452 1 0 33126 32543 -452 291 583
10349 11515 2959 1452 2385 860 0 1 32543 31377 532 227 1166
11515 13070 2385 860 3613 1187 1 0 31377 29822 -532 227 1555
13070 13705 3613 1187 3313 852 0 1 29822 29187 708 50 635
13705 14901 3313 852 4112 1249 1 0 29187 27991 -708 50 1196
14901 16209 4112 1249 3444 609 0 1 27991 26683 1044 362 1308
16209 16416 3444 609 3444 609 1 1 26683 26683 0 207 0
16416 16846 3444 609 3471 206 1 2 26683 26253 1204 701 430
16846 17771 3471 206 2656 96 2 1 26253 25328 -1044 101 925
17771 18469 2656 96 2633 771 1 0 25328 24630 -1204 481 698
18469 18823 2633 771 2341 833 0 1 24630 24276 1476 147 354
18823 20039 2341 833 2497 1893 1 0 24276 23060 -1476 147 1216
20039 20308 2497 1893 2497 1893 0 0 23060 23060 0 269 0
20308 21650 2497 1893 2711 765 0 1 23060 21718 2148 321 1342
21650 22293 2711 765 3331 788 1 0 21718 21075 -2148 321 643
22293 22655 3331 788 3664 817 0 1 21075 20713 1492 1648 362
22655 34411 3664 817 9999 6238 1 0 20713 8957 -1492 1648 11756
34411 41263 9999 6238 9999 6238 0 0 8957 8957 0 6852 0
41263 50000 9999 6238 3750 3750 0 0 8957 220 1000000000 0 8737
--------------------------------------
--------------------------------------
EV7
--------------------------------------
Num TPs served = 8
TPs served = 548 660 884 1412 1764 1780 1924 2196
Total energy used = 33866
--------------------------------------
Schedule:
0 5990 3750 3750 3750 3750 0 0 35632 35632 0 5990 0
5990 11131 3750 3750 1480 879 0 1 35632 30491 548 1144 5141
11131 13085 1480 879 3223 668 1 2 30491 28537 660 70 1954
13085 14207 3223 668 2976 1543 2 1 28537 27415 -660 70 1122
14207 14337 2976 1543 3065 1584 1 0 27415 27285 -548 228 130
14337 15619 3065 1584 3514 751 0 1 27285 26003 884 181 1282
15619 17552 3514 751 2520 1690 1 0 26003 24070 -884 181 1933
17552 18214 2520 1690 2156 1392 0 1 24070 23408 1412 489 662
18214 19564 2156 1392 3421 1477 1 0 23408 22058 -1412 489 1350
19564 20219 3421 1477 3036 1207 0 1 22058 21403 1764 105 655
20219 20909 3036 1207 3327 808 1 0 21403 20713 -1764 105 690
20909 21202 3327 808 3142 916 0 1 20713 20420 1924 139 293
21202 21949 3142 916 2733 578 1 2 20420 19673 2196 609 747
21949 22315 2733 578 2657 288 2 1 19673 19307 -1924 139 366
22315 23887 2657 288 2051 1254 1 0 19307 17735 -2196 29 1572
23887 24003 2051 1254 2104 1317 0 1 17735 17619 1780 232 116
24003 32323 2104 1317 7 7540 1 0 17619 9299 -1780 232 8320
32323 42467 7 7540 7 7540 0 0 9299 9299 0 10144 0
42467 50000 7 7540 3750 3750 0 0 9299 1766 1000000000 0 7533
--------------------------------------
--------------------------------------
EV8
--------------------------------------
Num TPs served = 26
TPs served = 580 740 788 932 1076 1188 1876 2100 2356 2516 2964 3364 3716 4100 4436 4980 5316 5380 5444 6052 6548 6708 6772 7108 8308 8916
Total energy used = 35236
--------------------------------------
Schedule:
0 8434 3750 3750 3750 3750 0 0 35632 35632 0 8434 0
8434 11684 3750 3750 3399 851 0 1 35632 32382 580 626 3250
11684 12938 3399 851 2610 1316 1 0 32382 31128 -580 626 1254
12938 13307 2610 1316 2610 1316 0 0 31128 31128 0 369 0
13307 13466 2610 1316 2558 1209 0 1 31128 30969 740 419 159
13466 14115 2558 1209 2288 830 1 2 30969 30320 788 230 649
14115 14710 2288 830 2490 437 2 1 30320 29725 -740 15 595
14710 15067 2490 437 2562 152 1 0 29725 29368 -788 230 357
15067 16298 2562 152 1799 620 0 1 29368 28137 932 1 1231
16298 16890 1799 620 2181 830 1 2 28137 27545 1076 495 592
16890 16968 2181 830 2217 872 2 3 27545 27467 1188 64 78
16968 17528 2217 872 2502 1147 3 2 27467 26907 -1188 64 560
17528 18560 2502 1147 2931 1750 2 1 26907 25875 -932 1 1032
18560 19689 2931 1750 3950 1640 1 0 25875 24746 -1076 275 1129
19689 19733 3950 1640 3950 1640 0 0 24746 24746 0 44 0
19733 20533 3950 1640 3264 1526 0 1 24746 23946 1876 443 800
20533 20581 3264 1526 3264 1526 1 1 23946 23946 0 48 0
20581 21450 3264 1526 3237 684 1 2 23946 23077 2100 1156 869
21450 21522 3237 684 3299 674 2 1 23077 23005 -1876 341 72
21522 22241 3299 674 3299 674 1 1 23005 23005 0 719 0
22241 22530 3299 674 3045 709 1 2 23005 22716 2356 666 289
22530 22686 3045 709 3045 709 2 2 22716 22716 0 156 0
22686 23192 3045 709 2846 1016 2 3 22716 22210 2516 349 506
23192 23892 2846 1016 2453 1323 3 2 22210 21510 -2516 349 700
23892 24019 2453 1323 2409 1406 2 1 21510 21383 -2356 510 127
24019 24782 2409 1406 2163 1923 1 0 21383 20620 -2100 137 763
24782 25124 2163 1923 2430 1848 0 1 20620 20278 2964 538 342
25124 25134 2430 1848 2430 1848 1 1 20278 20278 0 10 0
25134 26100 2430 1848 2974 1426 1 2 20278 19312 3364 754 966
26100 26787 2974 1426 3232 997 2 1 19312 18625 -2964 528 687
26787 26994 3232 997 3232 997 1 1 18625 18625 0 207 0
26994 27255 3232 997 3116 852 1 2 18625 18364 3716 209 261
27255 27674 3116 852 2906 643 2 1 18364 17945 -3716 209 419
27674 28332 2906 643 2312 579 1 0 17945 17287 -3364 31 658
28332 28702 2312 579 2239 876 0 1 17287 16917 4100 404 370
28702 28729 2239 876 2239 876 1 1 16917 16917 0 27 0
28729 29506 2239 876 2943 949 1 2 16917 16140 4436 656 777
29506 29862 2943 949 2886 1248 2 1 16140 15784 -4100 263 356
29862 31314 2886 1248 2075 607 1 2 15784 14332 4980 748 1452
31314 31435 2075 607 1963 616 2 1 14332 14211 -4436 40 121
31435 31437 1963 616 1963 616 1 1 14211 14211 0 2 0
31437 32192 1963 616 2686 648 1 2 14211 13456 5380 118 755
32192 32326 2686 648 2792 676 2 3 13456 13322 5316 373 134
32326 32430 2792 676 2861 711 3 2 13322 13218 -5380 118 104
32430 32623 2861 711 2880 885 2 3 13218 13025 5444 7 193
32623 33132 2880 885 3078 1196 3 2 13025 12516 -5444 7 509
33132 33707 3078 1196 3323 1526 2 1 12516 11941 -5316 373 575
33707 33971 3323 1526 3359 1298 1 0 11941 11677 -4980 66 264
33971 34301 3359 1298 3416 1025 0 1 11677 11347 6052 323 330
34301 34525 3416 1025 3416 1025 1 1 11347 11347 0 224 0
34525 35313 3416 1025 2650 1003 1 2 11347 10559 6548 491 788
35313 35844 2650 1003 2537 1421 2 1 10559 10028 -6052 55 531
35844 36484 2537 1421 3017 1581 1 2 10028 9388 6708 563 640
36484 36523 3017 1581 3019 1618 2 1 9388 9349 -6548 265 39
36523 36844 3019 1618 3200 1478 1 2 9349 9028 6772 19 321
36844 36956 3200 1478 3183 1383 2 3 9028 8916 7108 285 112
36956 37674 3183 1383 2531 1317 3 2 8916 8198 -7108 285 718
37674 38779 2531 1317 2476 267 2 1 8198 7093 -6772 19 1105
38779 39571 2476 267 1920 31 1 0 7093 6301 -6708 123 792
39571 41074 1920 31 2495 959 0 1 6301 4798 8308 129 1503
41074 42023 2495 959 2792 1611 1 0 4798 3849 -8308 129 949
42023 42730 2792 1611 2792 1611 0 0 3849 3849 0 707 0
42730 42977 2792 1611 2861 1433 0 1 3849 3602 8916 207 247
42977 43393 2861 1433 3141 1569 1 0 3602 3186 -8916 207 416
43393 47210 3141 1569 3141 1569 0 0 3186 3186 0 3817 0
47210 50000 3141 1569 3750 3750 0 0 3186 396 1000000000 0 2790
--------------------------------------
--------------------------------------
EV9
--------------------------------------
Num TPs served = 16
TPs served = 612 900 1060 1380 1716 1844 2132 2740 2820 3732 4052 4916 5428 5476 6356 9364
Total energy used = 35388
--------------------------------------
Schedule:
0 8201 3750 3750 3750 3750 0 0 35632 35632 0 8201 0
8201 12096 3750 3750 2571 1034 0 1 35632 31737 612 658 3895
12096 13414 2571 1034 3160 305 1 0 31737 30419 -612 658 1318
13414 15255 3160 305 3023 2009 0 1 30419 28578 900 541 1841
15255 15405 3023 2009 3023 2009 1 1 28578 28578 0 150 0
15405 16005 3023 2009 2839 1593 1 2 28578 27978 1060 1084 600
16005 17139 2839 1593 2611 687 2 1 27978 26844 -900 391 1134
17139 17563 2611 687 2611 687 1 1 26844 26844 0 424 0
17563 17897 2611 687 2568 978 1 2 26844 26510 1380 210 334
17897 18318 2568 978 2484 641 2 1 26510 26089 -1380 210 421
18318 19181 2484 641 2106 156 1 0 26089 25226 -1060 78 863
19181 19239 2106 156 2106 156 0 0 25226 25226 0 58 0
19239 19729 2106 156 2405 347 0 1 25226 24736 1716 283 490
19729 20296 2405 347 2511 808 1 0 24736 24169 -1716 283 567
20296 20701 2511 808 2639 1085 0 1 24169 23764 1844 202 405
20701 20742 2639 1085 2639 1085 1 1 23764 23764 0 41 0
20742 21572 2639 1085 3135 1419 1 2 23764 22934 2132 678 830
21572 21893 3135 1419 3387 1350 2 1 22934 22613 -1844 23 321
21893 23434 3387 1350 3047 149 1 0 22613 21072 -2132 174 1541
23434 23669 3047 149 3047 149 0 0 21072 21072 0 235 0
23669 24065 3047 149 3298 4 0 1 21072 20676 2740 1208 396
24065 25182 3298 4 3514 905 1 2 20676 19559 2820 145 1117
25182 27111 3514 905 2638 1958 2 1 19559 17630 -2820 145 1929
27111 27523 2638 1958 2530 1654 1 0 17630 17218 -2740 168 412
27523 27715 2530 1654 2417 1575 0 1 17218 17026 3732 816 192
27715 28789 2417 1575 2960 1044 1 2 17026 15952 4052 74 1074
28789 29602 2960 1044 3592 863 2 1 15952 15139 -4052 74 813
29602 30144 3592 863 3726 455 1 0 15139 14597 -3732 816 542
30144 31212 3726 455 2700 413 0 1 14597 13529 4916 144 1068
31212 32220 2700 413 2564 1285 1 0 13529 12521 -4916 144 1008
32220 32538 2564 1285 2320 1211 0 1 12521 12203 5428 298 318
32538 33551 2320 1211 1389 1129 1 0 12203 11190 -5428 298 1013
33551 34067 1389 1129 1536 760 0 1 11190 10674 5476 609 516
34067 35590 1536 760 2789 490 1 2 10674 9151 6356 58 1523
35590 37316 2789 490 3637 1368 2 1 9151 7425 -6356 58 1726
37316 38999 3637 1368 4059 2629 1 0 7425 5742 -5476 69 1683
38999 43045 4059 2629 4059 2629 0 0 5742 5742 0 4046 0
43045 44956 4059 2629 2981 1796 0 1 5742 3831 9364 426 1911
44956 45810 2981 1796 3403 1364 1 0 3831 2977 -9364 426 854
45810 47267 3403 1364 3403 1364 0 0 2977 2977 0 1457 0
47267 50000 3403 1364 3750 3750 0 0 2977 244 1000000000 0 2733
--------------------------------------
--------------------------------------
EV10
--------------------------------------
Num TPs served = 19
TPs served = 628 964 1028 1428 2260 2548 2628 2948 3044 3492 4148 4356 4404 4772 5604 7348 7524 7988 9652
Total energy used = 35412
--------------------------------------
Schedule:
0 9738 3750 3750 3750 3750 0 0 35632 35632 0 9738 0
9738 12305 3750 3750 3128 1805 0 1 35632 33065 628 798 2567
12305 13903 3128 1805 3994 1073 1 0 33065 31467 -628 798 1598
13903 13990 3994 1073 3994 1073 0 0 31467 31467 0 87 0
13990 15428 3994 1073 3098 531 0 1 31467 30029 964 883 1438
15428 16445 3098 531 2153 459 1 2 30029 29012 1028 227 1017
16445 17499 2153 459 2233 1433 2 1 29012 27958 -964 579 1054
17499 18270 2233 1433 2916 1345 1 0 27958 27187 -1028 51 771
18270 19325 2916 1345 3168 2148 0 1 27187 26132 1428 9 1055
19325 21709 3168 2148 2569 363 1 0 26132 23748 -1428 9 2384
21709 22604 2569 363 2292 981 0 1 23748 22853 2260 38 895
22604 23446 2292 981 2946 1169 1 2 22853 22011 2548 333 842
23446 23549 2946 1169 3028 1190 2 1 22011 21908 -2260 38 103
23549 23795 3028 1190 2796 1176 1 2 21908 21662 2628 111 246
23795 24353 2796 1176 2804 626 2 1 21662 21104 -2628 111 558
24353 24707 2804 626 2480 656 1 0 21104 20750 -2548 51 354
24707 25153 2480 656 2825 757 0 1 20750 20304 3044 823 446
25153 25422 2825 757 3077 774 1 2 20304 20035 2948 251 269
25422 26679 3077 774 2403 1357 2 3 20035 18778 3492 88 1257
26679 27162 2403 1357 2256 1693 3 2 18778 18295 -3492 88 483
27162 27308 2256 1693 2315 1780 2 1 18295 18149 -2948 133 146
27308 27712 2315 1780 2003 1688 1 0 18149 17745 -3044 17 404
27712 28669 2003 1688 2003 1688 0 0 17745 17745 0 957 0
28669 28717 2003 1688 1977 1710 0 1 17745 17697 4148 780 48
28717 28800 1977 1710 1977 1710 1 1 17697 17697 0 83 0
28800 29409 1977 1710 2474 1598 1 2 17697 17088 4404 377 609
29409 29620 2474 1598 2614 1669 2 3 17088 16877 4356 89 211
29620 30307 2614 1669 3099 1467 3 2 16877 16190 -4404 235 687
30307 30529 3099 1467 3064 1280 2 1 16190 15968 -4356 19 222
30529 30617 3064 1280 3130 1302 1 0 15968 15880 -4148 441 88
30617 31162 3130 1302 2940 1657 0 1 15880 15335 4772 327 545
31162 32920 2940 1657 1579 1260 1 2 15335 13577 5604 1052 1758
32920 33185 1579 1260 1605 1021 2 1 13577 13312 -4772 275 265
33185 35305 1605 1021 221 285 1 0 13312 11192 -5604 1000 2120
35305 35343 221 285 221 285 0 0 11192 11192 0 38 0
35343 37606 221 285 2407 208 0 1 11192 8929 7348 777 2263
37606 38248 2407 208 2537 720 1 2 8929 8287 7524 472 642
38248 39437 2537 720 3492 954 2 1 8287 7098 -7524 472 1189
39437 39748 3492 954 3199 972 1 0 7098 6787 -7348 191 311
39748 40056 3199 972 3148 1229 0 1 6787 6479 7988 412 308
40056 41834 3148 1229 3401 2754 1 0 6479 4701 -7988 412 1778
41834 44952 3401 2754 3401 2754 0 0 4701 4701 0 3118 0
44952 46559 3401 2754 3553 1299 0 1 4701 3094 9652 91 1607
46559 46743 3553 1299 3624 1186 1 0 3094 2910 -9652 91 184
46743 47310 3624 1186 3624 1186 0 0 2910 2910 0 567 0
47310 50000 3624 1186 3750 3750 0 0 2910 220 1000000000 0 2690
--------------------------------------
--------------------------------------
EV11
--------------------------------------
Num TPs served = 20
TPs served = 644 980 1108 1332 1524 2212 2532 2644 3028 3284 3300 4212 4484 5220 5588 5780 6388 6820 7252 8180
Total energy used = 35038
--------------------------------------
Schedule:
0 8268 3750 3750 3750 3750 0 0 35632 35632 0 8268 0
8268 12489 3750 3750 3165 114 0 1 35632 31411 644 640 4221
12489 13771 3165 114 3572 989 1 0 31411 30129 -644 640 1282
13771 14054 3572 989 3572 989 0 0 30129 30129 0 283 0
14054 15556 3572 989 2395 1314 0 1 30129 28627 980 427 1502
15556 16399 2395 1314 2967 1585 1 2 28627 27784 1108 428 843
16399 16673 2967 1585 3110 1454 2 1 27784 27510 -980 165 274
16673 17660 3110 1454 2643 934 1 0 27510 26523 -1108 142 987
17660 18290 2643 934 2212 735 0 1 26523 25893 1332 265 630
18290 19373 2212 735 3273 757 1 2 25893 24810 1524 293 1083
19373 20120 3273 757 3348 1429 2 1 24810 24063 -1332 265 747
20120 21600 3348 1429 2229 1790 1 0 24063 22583 -1524 143 1480
21600 22321 2229 1790 2623 1463 0 1 22583 21862 2212 58 721
22321 23170 2623 1463 2974 965 1 0 21862 21013 -2212 58 849
23170 23369 2974 965 3126 1012 0 1 21013 20814 2532 191 199
23369 23857 3126 1012 2682 968 1 2 20814 20326 2644 319 488
23857 24005 2682 968 2672 830 2 1 20326 20178 -2532 191 148
24005 24866 2672 830 2077 564 1 0 20178 19317 -2644 319 861
24866 25673 2077 564 2638 318 0 1 19317 18510 3028 184 807
25673 26172 2638 318 3113 294 1 2 18510 18011 3300 497 499
26172 26264 3113 294 3174 263 2 3 18011 17919 3284 669 92
26264 27387 3174 263 3199 1361 3 2 17919 16796 -3028 74 1123
27387 27958 3199 1361 2864 1597 2 1 16796 16225 -3300 263 571
27958 28500 2864 1597 2392 1667 1 0 16225 15683 -3284 619 542
28500 28998 2392 1667 2661 1896 0 1 15683 15185 4212 630 498
28998 29196 2661 1896 2661 1896 1 1 15185 15185 0 198 0
29196 29655 2661 1896 2393 1705 1 2 15185 14726 4484 619 459
29655 30693 2393 1705 2209 851 2 1 14726 13688 -4212 432 1038
30693 31132 2209 851 1889 970 1 0 13688 13249 -4484 381 439
31132 31930 1889 970 2354 1303 0 1 13249 12451 5220 303 798
31930 32097 2354 1303 2354 1303 1 1 12451 12451 0 167 0
32097 32779 2354 1303 2900 1439 1 2 12451 11769 5588 672 682
32779 33110 2900 1439 3218 1452 2 1 11769 11438 -5220 136 331
33110 33664 3218 1452 2986 1130 1 2 11438 10884 5780 489 554
33664 34787 2986 1130 2750 243 2 1 10884 9761 -5588 10 1123
34787 34937 2750 243 2759 102 1 2 9761 9611 6388 709 150
34937 35445 2759 102 2313 40 2 1 9611 9103 -5780 471 508
35445 36302 2313 40 2281 865 1 2 9103 8246 6820 471 857
36302 36856 2281 865 2400 1300 2 1 8246 7692 -6388 347 554
36856 37909 2400 1300 2682 2071 1 2 7692 6639 7252 81 1053
37909 38081 2682 2071 2610 1971 2 1 6639 6467 -6820 127 172
38081 39223 2610 1971 2027 1412 1 0 6467 5325 -7252 81 1142
39223 40446 2027 1412 3249 1413 0 1 5325 4102 8180 294 1223
40446 41439 3249 1413 2914 2071 1 0 4102 3109 -8180 294 993
41439 47485 2914 2071 2914 2071 0 0 3109 3109 0 6046 0
47485 50000 2914 2071 3750 3750 0 0 3109 594 1000000000 0 2515
--------------------------------------
--------------------------------------
EV12
--------------------------------------
Num TPs served = 23
TPs served = 676 756 1012 1220 1540 1604 1828 2452 2484 2676 3060 3172 3764 4836 5252 5412 6068 6660 7044 7556 8052 8468 8724
Total energy used = 35052
--------------------------------------
Schedule:
0 10307 3750 3750 3750 3750 0 0 35632 35632 0 10307 0
10307 12802 3750 3750 3928 1433 0 1 35632 33137 676 729 2495
12802 12840 3928 1433 3928 1433 1 1 33137 33137 0 38 0
12840 13629 3928 1433 3315 1609 1 2 33137 32348 756 698 789
13629 14652 3315 1609 3170 731 2 1 32348 31325 -676 339 1023
14652 15027 3170 731 2872 654 1 0 31325 30950 -756 698 375
15027 16010 2872 654 2105 870 0 1 30950 29967 1012 569 983
16010 16302 2105 870 2105 870 1 1 29967 29967 0 292 0
16302 16937 2105 870 2392 1218 1 2 29967 29332 1220 166 635
16937 17270 2392 1218 2717 1226 2 1 29332 28999 -1220 166 333
17270 17960 2717 1226 2884 1749 1 0 28999 28309 -1012 277 690
17960 18740 2884 1749 2912 997 0 1 28309 27529 1540 197 780
18740 19178 2912 997 2547 1070 1 0 27529 27091 -1540 197 438
19178 19309 2547 1070 2463 1117 0 1 27091 26960 1604 654 131
19309 20576 2463 1117 2230 83 1 2 26960 25693 1828 667 1267
20576 21560 2230 83 3151 20 2 1 25693 24709 -1604 188 984
21560 22575 3151 20 3226 960 1 0 24709 23694 -1828 541 1015
22575 22841 3226 960 3226 960 0 0 23694 23694 0 266 0
22841 23063 3226 960 3351 863 0 1 23694 23472 2484 356 222
23063 23417 3351 863 3380 1188 1 2 23472 23118 2452 376 354
23417 23459 3380 1188 3380 1188 2 2 23118 23118 0 42 0
23459 23809 3380 1188 3042 1176 2 3 23118 22768 2676 210 350
23809 23900 3042 1176 2972 1197 3 2 22768 22677 -2484 232 91
23900 24231 2972 1197 2663 1219 2 1 22677 22346 -2676 210 331
24231 25225 2663 1219 2483 2033 1 0 22346 21352 -2452 310 994
25225 25416 2483 2033 2463 2204 0 1 21352 21161 3060 713 191
25416 25996 2463 2204 2196 1891 1 2 21161 20581 3172 658 580
25996 27516 2196 1891 2534 709 2 3 20581 19061 3764 977 1520
27516 27903 2534 709 2600 388 3 2 19061 18674 -3060 179 387
27903 28230 2600 388 2783 244 2 1 18674 18347 -3172 658 327
28230 30587 2783 244 3059 2325 1 0 18347 15990 -3764 47 2357
30587 30736 3059 2325 3045 2190 0 1 15990 15841 4836 88 149
30736 31080 3045 2190 3247 2048 1 0 15841 15497 -4836 88 344
31080 32042 3247 2048 3169 1164 0 1 15497 14535 5252 17 962
32042 32481 3169 1164 3033 861 1 0 14535 14096 -5252 17 439
32481 32695 3033 861 3215 829 0 1 14096 13882 5412 15 214
32695 33556 3215 829 3365 118 1 0 13882 13021 -5412 15 861
33556 33698 3365 118 3365 118 0 0 13021 13021 0 142 0
33698 34016 3365 118 3196 267 0 1 13021 12703 6068 915 318
34016 35695 3196 267 3539 1603 1 2 12703 11024 6660 1034 1679
35695 36442 3539 1603 3242 2053 2 1 11024 10277 -6068 321 747
36442 36952 3242 2053 3281 1582 1 2 10277 9767 7044 428 510
36952 38299 3281 1582 2333 1183 2 1 9767 8420 -7044 428 1347
38299 38503 2333 1183 2146 1200 1 2 8420 8216 7556 344 204
38503 38986 2146 1200 2157 728 2 1 8216 7733 -6660 0 483
38986 39708 2157 728 2779 628 1 0 7733 7011 -7556 344 722
39708 40047 2779 628 2559 509 0 1 7011 6672 8052 167 339
40047 40871 2559 509 3359 485 1 0 6672 5848 -8052 167 824
40871 41405 3359 485 3101 761 0 1 5848 5314 8468 96 534
41405 41876 3101 761 3513 702 1 0 5314 4843 -8468 96 471
41876 42557 3513 702 3079 949 0 1 4843 4162 8724 298 681
42557 43776 3079 949 3805 1442 1 0 4162 2943 -8724 298 1219
43776 47637 3805 1442 3805 1442 0 0 2943 2943 0 3861 0
47637 50000 3805 1442 3750 3750 0 0 2943 580 1000000000 0 2363
--------------------------------------
--------------------------------------
EV13
--------------------------------------
Num TPs served = 19
TPs served = 692 996 1252 1556 1620 1860 2180 2612 3140 3572 4564 5140 5364 5924 6164 6644 7172 8132 8548
Total energy used = 35044
--------------------------------------
Schedule:
0 10330 3750 3750 3750 3750 0 0 35632 35632 0 10330 0
10330 12952 3750 3750 3379 1499 0 1 35632 33010 692 643 2622
12952 14240 3379 1499 2716 874 1 0 33010 31722 -692 643 1288
14240 14446 2716 874 2716 874 0 0 31722 31722 0 206 0
14446 15684 2716 874 1982 1378 0 1 31722 30484 996 702 1238
15684 17294 1982 1378 3510 1460 1 2 30484 28874 1252 251 1610
17294 17729 3510 1460 3272 1263 2 1 28874 28439 -996 62 435
17729 18297 3272 1263 2756 1315 1 0 28439 27871 -1252 147 568
18297 18892 2756 1315 3200 1164 0 1 27871 27276 1556 510 595
18892 19353 3200 1164 3093 810 1 2 27276 26815 1620 98 461
19353 19939 3093 810 2633 936 2 1 26815 26229 -1620 98 586
19939 20315 2633 936 2360 833 1 0 26229 25853 -1556 258 376
20315 20649 2360 833 2424 563 0 1 25853 25519 1860 748 334
20649 21207 2424 563 2424 563 1 1 25519 25519 0 558 0
21207 21808 2424 563 2474 1114 1 2 25519 24918 2180 195 601
21808 22199 2474 1114 2563 1416 2 1 24918 24527 -2180 195 391
22199 23093 2563 1416 3003 1870 1 0 24527 23633 -1860 190 894
23093 23973 3003 1870 3386 1373 0 1 23633 22753 2612 110 880
23973 25037 3386 1373 2627 1678 1 0 22753 21689 -2612 110 1064
25037 25091 2627 1678 2627 1678 0 0 21689 21689 0 54 0
25091 25452 2627 1678 2793 1873 0 1 21689 21328 3140 660 361
25452 26773 2793 1873 2413 932 1 0 21328 20007 -3140 660 1321
26773 27531 2413 932 2867 1236 0 1 20007 19249 3572 4 758
27531 28994 2867 1236 3192 2374 1 0 19249 17786 -3572 4 1463
28994 30169 3192 2374 3324 1331 0 1 17786 16611 4564 203 1175
30169 31059 3324 1331 3546 663 1 0 16611 15721 -4564 203 890
31059 31777 3546 663 3279 1114 0 1 15721 15003 5140 213 718
31777 32460 3279 1114 3054 1572 1 2 15003 14320 5364 302 683
32460 32728 3054 1572 2789 1569 2 1 14320 14052 -5140 207 268
32728 33681 2789 1569 1995 1410 1 0 14052 13099 -5364 302 953
33681 33884 1995 1410 1831 1449 0 1 13099 12896 5924 238 203
33884 34665 1831 1449 2584 1477 1 2 12896 12115 6164 228 781
34665 34873 2584 1477 2791 1478 2 1 12115 11907 -5924 238 208
34873 34895 2791 1478 2791 1478 1 1 11907 11907 0 22 0
34895 35567 2791 1478 3195 1210 1 2 11907 11235 6644 567 672
35567 35990 3195 1210 3166 816 2 1 11235 10812 -6164 146 423
35990 37225 3166 816 2192 1077 1 0 10812 9577 -6644 45 1235
37225 37792 2192 1077 2082 1534 0 1 9577 9010 7172 291 567
37792 39832 2082 1534 3435 2221 1 0 9010 6970 -7172 291 2040
39832 40430 3435 2221 3212 2596 0 1 6970 6372 8132 696 598
40430 40688 3212 2596 3212 2596 1 1 6372 6372 0 258 0
40688 41578 3212 2596 3050 1868 1 2 6372 5482 8548 927 890
41578 43160 3050 1868 3719 955 2 1 5482 3900 -8132 114 1582
43160 43434 3719 955 3862 824 1 0 3900 3626 -8548 927 274
43434 46962 3862 824 3862 824 0 0 3626 3626 0 3528 0
46962 50000 3862 824 3750 3750 0 0 3626 588 1000000000 0 3038
--------------------------------------
--------------------------------------
EV14
--------------------------------------
Num TPs served = 4
TPs served = 772 1092 1316 1588
Total energy used = 35532
--------------------------------------
Schedule:
0 9604 3750 3750 3750 3750 0 0 35632 35632 0 9604 0
9604 13723 3750 3750 2644 737 0 1 35632 31513 772 303 4119
13723 14331 2644 737 2903 388 1 0 31513 30905 -772 303 608
14331 14973 2903 388 2903 388 0 0 30905 30905 0 642 0
14973 16233 2903 388 2436 1181 0 1 30905 29645 1092 506 1260
16233 17246 2436 1181 2018 586 1 0 29645 28632 -1092 506 1013
17246 18643 2018 586 2018 586 0 0 28632 28632 0 1397 0
18643 18990 2018 586 2356 577 0 1 28632 28285 1588 590 347
18990 19382 2356 577 2623 702 1 2 28285 27893 1316 6139 392
19382 20171 2623 702 2822 1292 2 1 27893 27104 -1588 590 789
20171 35366 2822 1292 9999 9310 1 0 27104 11909 -1316 6139 15195
35366 38191 9999 9310 9999 9310 0 0 11909 11909 0 2825 0
38191 50000 9999 9310 3750 3750 0 0 11909 100 1000000000 0 11809
--------------------------------------
--------------------------------------
EV15
--------------------------------------
Num TPs served = 11
TPs served = 804 852 1172 1572 1908 2372 2708 3156 3428 3828 8852
Total energy used = 35630
--------------------------------------
Schedule:
0 10121 3750 3750 3750 3750 0 0 35632 35632 0 10121 0
10121 14011 3750 3750 1735 1875 0 1 35632 31742 804 1153 3890
14011 14982 1735 1875 2290 1459 1 2 31742 30771 852 81 971
14982 16120 2290 1459 2490 521 2 1 30771 29633 -852 81 1138
16120 16518 2490 521 2490 521 1 1 29633 29633 0 398 0
16518 16701 2490 521 2577 425 1 2 29633 29450 1172 710 183
16701 17426 2577 425 2947 780 2 1 29450 28725 -804 45 725
17426 18122 2947 780 3300 1123 1 0 28725 28029 -1172 710 696
18122 19254 3300 1123 2361 1316 0 1 28029 26897 1572 14 1132
19254 20023 2361 1316 2276 632 1 0 26897 26128 -1572 14 769
20023 21340 2276 632 3224 263 0 1 26128 24811 1908 203 1317
21340 22852 3224 263 2323 874 1 2 24811 23299 2372 407 1512
22852 23018 2323 874 2250 967 2 1 23299 23133 -1908 203 166
23018 24194 2250 967 2873 1520 1 2 23133 21957 2708 31 1176
24194 24393 2873 1520 2825 1671 2 1 21957 21758 -2372 165 199
24393 24775 2825 1671 2802 2030 1 0 21758 21376 -2708 31 382
24775 25723 2802 2030 2943 1223 0 1 21376 20428 3156 84 948
25723 26355 2943 1223 3091 739 1 0 20428 19796 -3156 84 632
26355 26667 3091 739 2973 545 0 1 19796 19484 3428 284 312
26667 26751 2973 545 2973 545 1 1 19484 19484 0 84 0
26751 27661 2973 545 3627 801 1 2 19484 18574 3828 3577 910
27661 28248 3627 801 4119 706 2 1 18574 17987 -3428 10 587
28248 34816 4119 706 9999 18 1 0 17987 11419 -3828 3577 6568
34816 34835 9999 18 9999 18 0 0 11419 11419 0 19 0
34835 42694 9999 18 3260 1138 0 1 11419 3560 8852 278 7859
42694 43252 3260 1138 3590 910 1 0 3560 3002 -8852 278 558
43252 47000 3590 910 3590 910 0 0 3002 3002 0 3748 0
47000 50000 3590 910 3750 3750 0 0 3002 2 1000000000 0 3000
--------------------------------------

-------------------------------------------------------------------------

TPs

-------------------------------------------------------------------------

----------------------
TP4 not allocated
----------------------

----------------------
TP20 not allocated
----------------------

----------------------
TP36 not allocated
----------------------

----------------------
TP52 not allocated
----------------------

----------------------
TP68 not allocated
----------------------

----------------------
TP84 not allocated
----------------------

----------------------
TP100 not allocated
----------------------

----------------------
TP116 not allocated
----------------------

----------------------
TP132 allocated to 1
----------------------

----------------------
TP148 not allocated
----------------------

----------------------
TP164 not allocated
----------------------

----------------------
TP180 allocated to 2
----------------------

----------------------
TP196 not allocated
----------------------

----------------------
TP212 not allocated
----------------------

----------------------
TP228 allocated to 3
----------------------

----------------------
TP244 allocated to 4
----------------------

----------------------
TP260 not allocated
----------------------

----------------------
TP276 allocated to 5
----------------------

----------------------
TP292 not allocated
----------------------

----------------------
TP308 allocated to 5
----------------------

----------------------
TP324 allocated to 2
----------------------

----------------------
TP340 allocated to 3
----------------------

----------------------
TP356 allocated to 2
----------------------

----------------------
TP372 allocated to 2
----------------------

----------------------
TP388 allocated to 4
----------------------

----------------------
TP404 allocated to 5
----------------------

----------------------
TP420 allocated to 4
----------------------

----------------------
TP436 allocated to 2
----------------------

----------------------
TP452 allocated to 6
----------------------

----------------------
TP468 allocated to 3
----------------------

----------------------
TP484 allocated to 4
----------------------

----------------------
TP500 allocated to 5
----------------------

----------------------
TP516 allocated to 3
----------------------

----------------------
TP532 allocated to 6
----------------------

----------------------
TP548 allocated to 7
----------------------

----------------------
TP564 allocated to 4
----------------------

----------------------
TP580 allocated to 8
----------------------

----------------------
TP596 allocated to 3
----------------------

----------------------
TP612 allocated to 9
----------------------

----------------------
TP628 allocated to 10
----------------------

----------------------
TP644 allocated to 11
----------------------

----------------------
TP660 allocated to 7
----------------------

----------------------
TP676 allocated to 12
----------------------

----------------------
TP692 allocated to 13
----------------------

----------------------
TP708 allocated to 6
----------------------

----------------------
TP724 allocated to 5
----------------------

----------------------
TP740 allocated to 8
----------------------

----------------------
TP756 allocated to 12
----------------------

----------------------
TP772 allocated to 14
----------------------

----------------------
TP788 allocated to 8
----------------------

----------------------
TP804 allocated to 15
----------------------

----------------------
TP820 not allocated
----------------------

----------------------
TP836 not allocated
----------------------

----------------------
TP852 allocated to 15
----------------------

----------------------
TP868 allocated to 5
----------------------

----------------------
TP884 allocated to 7
----------------------

----------------------
TP900 allocated to 9
----------------------

----------------------
TP916 allocated to 3
----------------------

----------------------
TP932 allocated to 8
----------------------

----------------------
TP948 allocated to 5
----------------------

----------------------
TP964 allocated to 10
----------------------

----------------------
TP980 allocated to 11
----------------------

----------------------
TP996 allocated to 13
----------------------

----------------------
TP1012 allocated to 12
----------------------

----------------------
TP1028 allocated to 10
----------------------

----------------------
TP1044 allocated to 6
----------------------

----------------------
TP1060 allocated to 9
----------------------

----------------------
TP1076 allocated to 8
----------------------

----------------------
TP1092 allocated to 14
----------------------

----------------------
TP1108 allocated to 11
----------------------

----------------------
TP1124 not allocated
----------------------

----------------------
TP1140 not allocated
----------------------

----------------------
TP1156 not allocated
----------------------

----------------------
TP1172 allocated to 15
----------------------

----------------------
TP1188 allocated to 8
----------------------

----------------------
TP1204 allocated to 6
----------------------

----------------------
TP1220 allocated to 12
----------------------

----------------------
TP1236 not allocated
----------------------

----------------------
TP1252 allocated to 13
----------------------

----------------------
TP1268 not allocated
----------------------

----------------------
TP1284 not allocated
----------------------

----------------------
TP1300 allocated to 4
----------------------

----------------------
TP1316 allocated to 14
----------------------

----------------------
TP1332 allocated to 11
----------------------

----------------------
TP1348 not allocated
----------------------

----------------------
TP1364 not allocated
----------------------

----------------------
TP1380 allocated to 9
----------------------

----------------------
TP1396 not allocated
----------------------

----------------------
TP1412 allocated to 7
----------------------

----------------------
TP1428 allocated to 10
----------------------

----------------------
TP1444 not allocated
----------------------

----------------------
TP1460 allocated to 4
----------------------

----------------------
TP1476 allocated to 6
----------------------

----------------------
TP1492 allocated to 6
----------------------

----------------------
TP1508 not allocated
----------------------

----------------------
TP1524 allocated to 11
----------------------

----------------------
TP1540 allocated to 12
----------------------

----------------------
TP1556 allocated to 13
----------------------

----------------------
TP1572 allocated to 15
----------------------

----------------------
TP1588 allocated to 14
----------------------

----------------------
TP1604 allocated to 12
----------------------

----------------------
TP1620 allocated to 13
----------------------

----------------------
TP1636 not allocated
----------------------

----------------------
TP1652 not allocated
----------------------

----------------------
TP1668 not allocated
----------------------

----------------------
TP1684 not allocated
----------------------

----------------------
TP1700 not allocated
----------------------

----------------------
TP1716 allocated to 9
----------------------

----------------------
TP1732 not allocated
----------------------

----------------------
TP1748 not allocated
----------------------

----------------------
TP1764 allocated to 7
----------------------

----------------------
TP1780 allocated to 7
----------------------

----------------------
TP1796 not allocated
----------------------

----------------------
TP1812 not allocated
----------------------

----------------------
TP1828 allocated to 12
----------------------

----------------------
TP1844 allocated to 9
----------------------

----------------------
TP1860 allocated to 13
----------------------

----------------------
TP1876 allocated to 8
----------------------

----------------------
TP1892 not allocated
----------------------

----------------------
TP1908 allocated to 15
----------------------

----------------------
TP1924 allocated to 7
----------------------

----------------------
TP1940 not allocated
----------------------

----------------------
TP1956 not allocated
----------------------

----------------------
TP1972 not allocated
----------------------

----------------------
TP1988 not allocated
----------------------

----------------------
TP2004 not allocated
----------------------

----------------------
TP2020 allocated to 4
----------------------

----------------------
TP2036 not allocated
----------------------

----------------------
TP2052 not allocated
----------------------

----------------------
TP2068 not allocated
----------------------

----------------------
TP2084 not allocated
----------------------

----------------------
TP2100 allocated to 8
----------------------

----------------------
TP2116 not allocated
----------------------

----------------------
TP2132 allocated to 9
----------------------

----------------------
TP2148 allocated to 6
----------------------

----------------------
TP2164 not allocated
----------------------

----------------------
TP2180 allocated to 13
----------------------

----------------------
TP2196 allocated to 7
----------------------

----------------------
TP2212 allocated to 11
----------------------

----------------------
TP2228 not allocated
----------------------

----------------------
TP2244 not allocated
----------------------

----------------------
TP2260 allocated to 10
----------------------

----------------------
TP2276 not allocated
----------------------

----------------------
TP2292 not allocated
----------------------

----------------------
TP2308 not allocated
----------------------

----------------------
TP2324 not allocated
----------------------

----------------------
TP2340 not allocated
----------------------

----------------------
TP2356 allocated to 8
----------------------

----------------------
TP2372 allocated to 15
----------------------

----------------------
TP2388 not allocated
----------------------

----------------------
TP2404 not allocated
----------------------

----------------------
TP2420 not allocated
----------------------

----------------------
TP2436 not allocated
----------------------

----------------------
TP2452 allocated to 12
----------------------

----------------------
TP2468 not allocated
----------------------

----------------------
TP2484 allocated to 12
----------------------

----------------------
TP2500 not allocated
----------------------

----------------------
TP2516 allocated to 8
----------------------

----------------------
TP2532 allocated to 11
----------------------

----------------------
TP2548 allocated to 10
----------------------

----------------------
TP2564 not allocated
----------------------

----------------------
TP2580 not allocated
----------------------

----------------------
TP2596 not allocated
----------------------

----------------------
TP2612 allocated to 13
----------------------

----------------------
TP2628 allocated to 10
----------------------

----------------------
TP2644 allocated to 11
----------------------

----------------------
TP2660 not allocated
----------------------

----------------------
TP2676 allocated to 12
----------------------

----------------------
TP2692 not allocated
----------------------

----------------------
TP2708 allocated to 15
----------------------

----------------------
TP2724 allocated to 1
----------------------

----------------------
TP2740 allocated to 9
----------------------

----------------------
TP2756 not allocated
----------------------

----------------------
TP2772 not allocated
----------------------

----------------------
TP2788 not allocated
----------------------

----------------------
TP2804 allocated to 1
----------------------

----------------------
TP2820 allocated to 9
----------------------

----------------------
TP2836 not allocated
----------------------

----------------------
TP2852 not allocated
----------------------

----------------------
TP2868 not allocated
----------------------

----------------------
TP2884 not allocated
----------------------

----------------------
TP2900 not allocated
----------------------

----------------------
TP2916 not allocated
----------------------

----------------------
TP2932 not allocated
----------------------

----------------------
TP2948 allocated to 10
----------------------

----------------------
TP2964 allocated to 8
----------------------

----------------------
TP2980 not allocated
----------------------

----------------------
TP2996 not allocated
----------------------

----------------------
TP3012 not allocated
----------------------

----------------------
TP3028 allocated to 11
----------------------

----------------------
TP3044 allocated to 10
----------------------

----------------------
TP3060 allocated to 12
----------------------

----------------------
TP3076 not allocated
----------------------

----------------------
TP3092 not allocated
----------------------

----------------------
TP3108 not allocated
----------------------

----------------------
TP3124 not allocated
----------------------

----------------------
TP3140 allocated to 13
----------------------

----------------------
TP3156 allocated to 15
----------------------

----------------------
TP3172 allocated to 12
----------------------

----------------------
TP3188 not allocated
----------------------

----------------------
TP3204 not allocated
----------------------

----------------------
TP3220 not allocated
----------------------

----------------------
TP3236 not allocated
----------------------

----------------------
TP3252 not allocated
----------------------

----------------------
TP3268 not allocated
----------------------

----------------------
TP3284 allocated to 11
----------------------

----------------------
TP3300 allocated to 11
----------------------

----------------------
TP3316 not allocated
----------------------

----------------------
TP3332 not allocated
----------------------

----------------------
TP3348 not allocated
----------------------

----------------------
TP3364 allocated to 8
----------------------

----------------------
TP3380 not allocated
----------------------

----------------------
TP3396 not allocated
----------------------

----------------------
TP3412 not allocated
----------------------

----------------------
TP3428 allocated to 15
----------------------

----------------------
TP3444 allocated to 1
----------------------

----------------------
TP3460 not allocated
----------------------

----------------------
TP3476 not allocated
----------------------

----------------------
TP3492 allocated to 10
----------------------

----------------------
TP3508 not allocated
----------------------

----------------------
TP3524 not allocated
----------------------

----------------------
TP3540 not allocated
----------------------

----------------------
TP3556 not allocated
----------------------

----------------------
TP3572 allocated to 13
----------------------

----------------------
TP3588 not allocated
----------------------

----------------------
TP3604 allocated to 5
----------------------

----------------------
TP3620 not allocated
----------------------

----------------------
TP3636 not allocated
----------------------

----------------------
TP3652 not allocated
----------------------

----------------------
TP3668 not allocated
----------------------

----------------------
TP3684 not allocated
----------------------

----------------------
TP3700 not allocated
----------------------

----------------------
TP3716 allocated to 8
----------------------

----------------------
TP3732 allocated to 9
----------------------

----------------------
TP3748 not allocated
----------------------

----------------------
TP3764 allocated to 12
----------------------

----------------------
TP3780 not allocated
----------------------

----------------------
TP3796 not allocated
----------------------

----------------------
TP3812 not allocated
----------------------

----------------------
TP3828 allocated to 15
----------------------

----------------------
TP3844 not allocated
----------------------

----------------------
TP3860 not allocated
----------------------

----------------------
TP3876 not allocated
----------------------

----------------------
TP3892 not allocated
----------------------

----------------------
TP3908 not allocated
----------------------

----------------------
TP3924 not allocated
----------------------

----------------------
TP3940 allocated to 5
----------------------

----------------------
TP3956 not allocated
----------------------

----------------------
TP3972 not allocated
----------------------

----------------------
TP3988 not allocated
----------------------

----------------------
TP4004 not allocated
----------------------

----------------------
TP4020 not allocated
----------------------

----------------------
TP4036 not allocated
----------------------

----------------------
TP4052 allocated to 9
----------------------

----------------------
TP4068 allocated to 1
----------------------

----------------------
TP4084 not allocated
----------------------

----------------------
TP4100 allocated to 8
----------------------

----------------------
TP4116 not allocated
----------------------

----------------------
TP4132 allocated to 1
----------------------

----------------------
TP4148 allocated to 10
----------------------

----------------------
TP4164 not allocated
----------------------

----------------------
TP4180 not allocated
----------------------

----------------------
TP4196 not allocated
----------------------

----------------------
TP4212 allocated to 11
----------------------

----------------------
TP4228 not allocated
----------------------

----------------------
TP4244 not allocated
----------------------

----------------------
TP4260 not allocated
----------------------

----------------------
TP4276 not allocated
----------------------

----------------------
TP4292 not allocated
----------------------

----------------------
TP4308 not allocated
----------------------

----------------------
TP4324 not allocated
----------------------

----------------------
TP4340 not allocated
----------------------

----------------------
TP4356 allocated to 10
----------------------

----------------------
TP4372 not allocated
----------------------

----------------------
TP4388 not allocated
----------------------

----------------------
TP4404 allocated to 10
----------------------

----------------------
TP4420 not allocated
----------------------

----------------------
TP4436 allocated to 8
----------------------

----------------------
TP4452 not allocated
----------------------

----------------------
TP4468 not allocated
----------------------

----------------------
TP4484 allocated to 11
----------------------

----------------------
TP4500 not allocated
----------------------

----------------------
TP4516 not allocated
----------------------

----------------------
TP4532 not allocated
----------------------

----------------------
TP4548 not allocated
----------------------

----------------------
TP4564 allocated to 13
----------------------

----------------------
TP4580 not allocated
----------------------

----------------------
TP4596 not allocated
----------------------

----------------------
TP4612 not allocated
----------------------

----------------------
TP4628 not allocated
----------------------

----------------------
TP4644 not allocated
----------------------

----------------------
TP4660 not allocated
----------------------

----------------------
TP4676 not allocated
----------------------

----------------------
TP4692 not allocated
----------------------

----------------------
TP4708 not allocated
----------------------

----------------------
TP4724 not allocated
----------------------

----------------------
TP4740 not allocated
----------------------

----------------------
TP4756 not allocated
----------------------

----------------------
TP4772 allocated to 10
----------------------

----------------------
TP4788 not allocated
----------------------

----------------------
TP4804 not allocated
----------------------

----------------------
TP4820 not allocated
----------------------

----------------------
TP4836 allocated to 12
----------------------

----------------------
TP4852 not allocated
----------------------

----------------------
TP4868 not allocated
----------------------

----------------------
TP4884 not allocated
----------------------

----------------------
TP4900 allocated to 5
----------------------

----------------------
TP4916 allocated to 9
----------------------

----------------------
TP4932 not allocated
----------------------

----------------------
TP4948 allocated to 1
----------------------

----------------------
TP4964 not allocated
----------------------

----------------------
TP4980 allocated to 8
----------------------

----------------------
TP4996 not allocated
----------------------

----------------------
TP5012 not allocated
----------------------

----------------------
TP5028 not allocated
----------------------

----------------------
TP5044 not allocated
----------------------

----------------------
TP5060 not allocated
----------------------

----------------------
TP5076 not allocated
----------------------

----------------------
TP5092 not allocated
----------------------

----------------------
TP5108 not allocated
----------------------

----------------------
TP5124 not allocated
----------------------

----------------------
TP5140 allocated to 13
----------------------

----------------------
TP5156 not allocated
----------------------

----------------------
TP5172 allocated to 5
----------------------

----------------------
TP5188 not allocated
----------------------

----------------------
TP5204 not allocated
----------------------

----------------------
TP5220 allocated to 11
----------------------

----------------------
TP5236 not allocated
----------------------

----------------------
TP5252 allocated to 12
----------------------

----------------------
TP5268 not allocated
----------------------

----------------------
TP5284 not allocated
----------------------

----------------------
TP5300 not allocated
----------------------

----------------------
TP5316 allocated to 8
----------------------

----------------------
TP5332 not allocated
----------------------

----------------------
TP5348 not allocated
----------------------

----------------------
TP5364 allocated to 13
----------------------

----------------------
TP5380 allocated to 8
----------------------

----------------------
TP5396 not allocated
----------------------

----------------------
TP5412 allocated to 12
----------------------

----------------------
TP5428 allocated to 9
----------------------

----------------------
TP5444 allocated to 8
----------------------

----------------------
TP5460 not allocated
----------------------

----------------------
TP5476 allocated to 9
----------------------

----------------------
TP5492 not allocated
----------------------

----------------------
TP5508 not allocated
----------------------

----------------------
TP5524 not allocated
----------------------

----------------------
TP5540 allocated to 3
----------------------

----------------------
TP5556 not allocated
----------------------

----------------------
TP5572 not allocated
----------------------

----------------------
TP5588 allocated to 11
----------------------

----------------------
TP5604 allocated to 10
----------------------

----------------------
TP5620 not allocated
----------------------

----------------------
TP5636 not allocated
----------------------

----------------------
TP5652 not allocated
----------------------

----------------------
TP5668 not allocated
----------------------

----------------------
TP5684 allocated to 5
----------------------

----------------------
TP5700 not allocated
----------------------

----------------------
TP5716 not allocated
----------------------

----------------------
TP5732 not allocated
----------------------

----------------------
TP5748 not allocated
----------------------

----------------------
TP5764 not allocated
----------------------

----------------------
TP5780 allocated to 11
----------------------

----------------------
TP5796 not allocated
----------------------

----------------------
TP5812 not allocated
----------------------

----------------------
TP5828 not allocated
----------------------

----------------------
TP5844 not allocated
----------------------

----------------------
TP5860 not allocated
----------------------

----------------------
TP5876 not allocated
----------------------

----------------------
TP5892 not allocated
----------------------

----------------------
TP5908 not allocated
----------------------

----------------------
TP5924 allocated to 13
----------------------

----------------------
TP5940 not allocated
----------------------

----------------------
TP5956 not allocated
----------------------

----------------------
TP5972 not allocated
----------------------

----------------------
TP5988 not allocated
----------------------

----------------------
TP6004 not allocated
----------------------

----------------------
TP6020 not allocated
----------------------

----------------------
TP6036 allocated to 5
----------------------

----------------------
TP6052 allocated to 8
----------------------

----------------------
TP6068 allocated to 12
----------------------

----------------------
TP6084 not allocated
----------------------

----------------------
TP6100 not allocated
----------------------

----------------------
TP6116 not allocated
----------------------

----------------------
TP6132 not allocated
----------------------

----------------------
TP6148 not allocated
----------------------

----------------------
TP6164 allocated to 13
----------------------

----------------------
TP6180 allocated to 3
----------------------

----------------------
TP6196 not allocated
----------------------

----------------------
TP6212 not allocated
----------------------

----------------------
TP6228 not allocated
----------------------

----------------------
TP6244 not allocated
----------------------

----------------------
TP6260 not allocated
----------------------

----------------------
TP6276 not allocated
----------------------

----------------------
TP6292 not allocated
----------------------

----------------------
TP6308 not allocated
----------------------

----------------------
TP6324 allocated to 3
----------------------

----------------------
TP6340 not allocated
----------------------

----------------------
TP6356 allocated to 9
----------------------

----------------------
TP6372 allocated to 1
----------------------

----------------------
TP6388 allocated to 11
----------------------

----------------------
TP6404 not allocated
----------------------

----------------------
TP6420 not allocated
----------------------

----------------------
TP6436 allocated to 1
----------------------

----------------------
TP6452 not allocated
----------------------

----------------------
TP6468 not allocated
----------------------

----------------------
TP6484 not allocated
----------------------

----------------------
TP6500 not allocated
----------------------

----------------------
TP6516 not allocated
----------------------

----------------------
TP6532 not allocated
----------------------

----------------------
TP6548 allocated to 8
----------------------

----------------------
TP6564 not allocated
----------------------

----------------------
TP6580 not allocated
----------------------

----------------------
TP6596 not allocated
----------------------

----------------------
TP6612 not allocated
----------------------

----------------------
TP6628 not allocated
----------------------

----------------------
TP6644 allocated to 13
----------------------

----------------------
TP6660 allocated to 12
----------------------

----------------------
TP6676 not allocated
----------------------

----------------------
TP6692 not allocated
----------------------

----------------------
TP6708 allocated to 8
----------------------

----------------------
TP6724 not allocated
----------------------

----------------------
TP6740 not allocated
----------------------

----------------------
TP6756 not allocated
----------------------

----------------------
TP6772 allocated to 8
----------------------

----------------------
TP6788 not allocated
----------------------

----------------------
TP6804 not allocated
----------------------

----------------------
TP6820 allocated to 11
----------------------

----------------------
TP6836 not allocated
----------------------

----------------------
TP6852 not allocated
----------------------

----------------------
TP6868 not allocated
----------------------

----------------------
TP6884 not allocated
----------------------

----------------------
TP6900 not allocated
----------------------

----------------------
TP6916 not allocated
----------------------

----------------------
TP6932 not allocated
----------------------

----------------------
TP6948 not allocated
----------------------

----------------------
TP6964 not allocated
----------------------

----------------------
TP6980 not allocated
----------------------

----------------------
TP6996 not allocated
----------------------

----------------------
TP7012 not allocated
----------------------

----------------------
TP7028 not allocated
----------------------

----------------------
TP7044 allocated to 12
----------------------

----------------------
TP7060 not allocated
----------------------

----------------------
TP7076 not allocated
----------------------

----------------------
TP7092 not allocated
----------------------

----------------------
TP7108 allocated to 8
----------------------

----------------------
TP7124 not allocated
----------------------

----------------------
TP7140 not allocated
----------------------

----------------------
TP7156 not allocated
----------------------

----------------------
TP7172 allocated to 13
----------------------

----------------------
TP7188 not allocated
----------------------

----------------------
TP7204 not allocated
----------------------

----------------------
TP7220 not allocated
----------------------

----------------------
TP7236 not allocated
----------------------

----------------------
TP7252 allocated to 11
----------------------

----------------------
TP7268 not allocated
----------------------

----------------------
TP7284 not allocated
----------------------

----------------------
TP7300 not allocated
----------------------

----------------------
TP7316 not allocated
----------------------

----------------------
TP7332 not allocated
----------------------

----------------------
TP7348 allocated to 10
----------------------

----------------------
TP7364 not allocated
----------------------

----------------------
TP7380 not allocated
----------------------

----------------------
TP7396 not allocated
----------------------

----------------------
TP7412 not allocated
----------------------

----------------------
TP7428 not allocated
----------------------

----------------------
TP7444 not allocated
----------------------

----------------------
TP7460 not allocated
----------------------

----------------------
TP7476 not allocated
----------------------

----------------------
TP7492 not allocated
----------------------

----------------------
TP7508 not allocated
----------------------

----------------------
TP7524 allocated to 10
----------------------

----------------------
TP7540 not allocated
----------------------

----------------------
TP7556 allocated to 12
----------------------

----------------------
TP7572 not allocated
----------------------

----------------------
TP7588 not allocated
----------------------

----------------------
TP7604 not allocated
----------------------

----------------------
TP7620 not allocated
----------------------

----------------------
TP7636 not allocated
----------------------

----------------------
TP7652 not allocated
----------------------

----------------------
TP7668 not allocated
----------------------

----------------------
TP7684 not allocated
----------------------

----------------------
TP7700 allocated to 4
----------------------

----------------------
TP7716 not allocated
----------------------

----------------------
TP7732 not allocated
----------------------

----------------------
TP7748 not allocated
----------------------

----------------------
TP7764 not allocated
----------------------

----------------------
TP7780 not allocated
----------------------

----------------------
TP7796 not allocated
----------------------

----------------------
TP7812 not allocated
----------------------

----------------------
TP7828 not allocated
----------------------

----------------------
TP7844 not allocated
----------------------

----------------------
TP7860 not allocated
----------------------

----------------------
TP7876 not allocated
----------------------

----------------------
TP7892 not allocated
----------------------

----------------------
TP7908 not allocated
----------------------

----------------------
TP7924 not allocated
----------------------

----------------------
TP7940 not allocated
----------------------

----------------------
TP7956 not allocated
----------------------

----------------------
TP7972 not allocated
----------------------

----------------------
TP7988 allocated to 10
----------------------

----------------------
TP8004 not allocated
----------------------

----------------------
TP8020 not allocated
----------------------

----------------------
TP8036 not allocated
----------------------

----------------------
TP8052 allocated to 12
----------------------

----------------------
TP8068 not allocated
----------------------

----------------------
TP8084 not allocated
----------------------

----------------------
TP8100 not allocated
----------------------

----------------------
TP8116 not allocated
----------------------

----------------------
TP8132 allocated to 13
----------------------

----------------------
TP8148 not allocated
----------------------

----------------------
TP8164 not allocated
----------------------

----------------------
TP8180 allocated to 11
----------------------

----------------------
TP8196 not allocated
----------------------

----------------------
TP8212 not allocated
----------------------

----------------------
TP8228 not allocated
----------------------

----------------------
TP8244 not allocated
----------------------

----------------------
TP8260 not allocated
----------------------

----------------------
TP8276 not allocated
----------------------

----------------------
TP8292 not allocated
----------------------

----------------------
TP8308 allocated to 8
----------------------

----------------------
TP8324 not allocated
----------------------

----------------------
TP8340 not allocated
----------------------

----------------------
TP8356 not allocated
----------------------

----------------------
TP8372 not allocated
----------------------

----------------------
TP8388 not allocated
----------------------

----------------------
TP8404 not allocated
----------------------

----------------------
TP8420 not allocated
----------------------

----------------------
TP8436 not allocated
----------------------

----------------------
TP8452 not allocated
----------------------

----------------------
TP8468 allocated to 12
----------------------

----------------------
TP8484 not allocated
----------------------

----------------------
TP8500 not allocated
----------------------

----------------------
TP8516 not allocated
----------------------

----------------------
TP8532 not allocated
----------------------

----------------------
TP8548 allocated to 13
----------------------

----------------------
TP8564 not allocated
----------------------

----------------------
TP8580 not allocated
----------------------

----------------------
TP8596 not allocated
----------------------

----------------------
TP8612 not allocated
----------------------

----------------------
TP8628 not allocated
----------------------

----------------------
TP8644 not allocated
----------------------

----------------------
TP8660 not allocated
----------------------

----------------------
TP8676 not allocated
----------------------

----------------------
TP8692 not allocated
----------------------

----------------------
TP8708 not allocated
----------------------

----------------------
TP8724 allocated to 12
----------------------

----------------------
TP8740 not allocated
----------------------

----------------------
TP8756 not allocated
----------------------

----------------------
TP8772 not allocated
----------------------

----------------------
TP8788 not allocated
----------------------

----------------------
TP8804 not allocated
----------------------

----------------------
TP8820 not allocated
----------------------

----------------------
TP8836 not allocated
----------------------

----------------------
TP8852 allocated to 15
----------------------

----------------------
TP8868 allocated to 1
----------------------

----------------------
TP8884 not allocated
----------------------

----------------------
TP8900 not allocated
----------------------

----------------------
TP8916 allocated to 8
----------------------

----------------------
TP8932 not allocated
----------------------

----------------------
TP8948 not allocated
----------------------

----------------------
TP8964 not allocated
----------------------

----------------------
TP8980 not allocated
----------------------

----------------------
TP8996 not allocated
----------------------

----------------------
TP9012 not allocated
----------------------

----------------------
TP9028 not allocated
----------------------

----------------------
TP9044 not allocated
----------------------

----------------------
TP9060 not allocated
----------------------

----------------------
TP9076 not allocated
----------------------

----------------------
TP9092 not allocated
----------------------

----------------------
TP9108 not allocated
----------------------

----------------------
TP9124 not allocated
----------------------

----------------------
TP9140 not allocated
----------------------

----------------------
TP9156 not allocated
----------------------

----------------------
TP9172 not allocated
----------------------

----------------------
TP9188 not allocated
----------------------

----------------------
TP9204 not allocated
----------------------

----------------------
TP9220 not allocated
----------------------

----------------------
TP9236 not allocated
----------------------

----------------------
TP9252 not allocated
----------------------

----------------------
TP9268 not allocated
----------------------

----------------------
TP9284 not allocated
----------------------

----------------------
TP9300 not allocated
----------------------

----------------------
TP9316 not allocated
----------------------

----------------------
TP9332 not allocated
----------------------

----------------------
TP9348 not allocated
----------------------

----------------------
TP9364 allocated to 9
----------------------

----------------------
TP9380 not allocated
----------------------

----------------------
TP9396 not allocated
----------------------

----------------------
TP9412 not allocated
----------------------

----------------------
TP9428 not allocated
----------------------

----------------------
TP9444 not allocated
----------------------

----------------------
TP9460 not allocated
----------------------

----------------------
TP9476 not allocated
----------------------

----------------------
TP9492 not allocated
----------------------

----------------------
TP9508 not allocated
----------------------

----------------------
TP9524 not allocated
----------------------

----------------------
TP9540 allocated to 5
----------------------

----------------------
TP9556 not allocated
----------------------

----------------------
TP9572 not allocated
----------------------

----------------------
TP9588 not allocated
----------------------

----------------------
TP9604 not allocated
----------------------

----------------------
TP9620 not allocated
----------------------

----------------------
TP9636 not allocated
----------------------

----------------------
TP9652 allocated to 10
----------------------

----------------------
TP9668 not allocated
----------------------

----------------------
TP9684 not allocated
----------------------

----------------------
TP9700 not allocated
----------------------

----------------------
TP9716 not allocated
----------------------

----------------------
TP9732 not allocated
----------------------

----------------------
TP9748 not allocated
----------------------

----------------------
TP9764 not allocated
----------------------

----------------------
TP9780 not allocated
----------------------

----------------------
TP9796 not allocated
----------------------

----------------------
TP9812 not allocated
----------------------

----------------------
TP9828 not allocated
----------------------

----------------------
TP9844 not allocated
----------------------

----------------------
TP9860 not allocated
----------------------

----------------------
TP9876 not allocated
----------------------

----------------------
TP9892 not allocated
----------------------

----------------------
TP9908 not allocated
----------------------

----------------------
TP9924 not allocated
----------------------

----------------------
TP9940 not allocated
----------------------

----------------------
TP9956 not allocated
----------------------

----------------------
TP9972 not allocated
----------------------

----------------------
TP9988 not allocated
----------------------

-------------------------------------------------------------------------

Ride-sharing vs Individual Mode - Num Vehicles and Distance Comparisson 

-------------------------------------------------------------------------
Individual Mode = 625 vehicles.
Ride-sharing Mode = 439 vehicles. The 15 ride-sharing vehicles + 424 vehicles of the individuals not served by the ride-sharing service.
-------------------------------------------------------------------------
Individual Mode = 901955 distance.
Ride-sharing Mode = 1081911 distance. 527920 from the EV fleet + 553991 from the distance of the trips not covered individuals had to do with their own vehicle.
-------------------------------------------------------------------------
