-------------------------------------------------------------------------
TPs satisfied = 124; Total TPs = 625; Percentage Satisfied + 19.8%
-------------------------------------------------------------------------

-------------------------------------------------------------------------

EVs

-------------------------------------------------------------------------
--------------------------------------
EV1
--------------------------------------
Num TPs served = 10
TPs served = 132 2724 2804 3444 4068 4132 4948 6372 6436 8868
Total energy used = 35546
--------------------------------------
Schedule:
0 1228 3750 3750 3750 3750 0 0 35632 35632 0 1228 0
1228 5709 3750 3750 2274 745 0 1 35632 31151 132 1478 4481
5709 15173 2274 745 553 8488 1 0 31151 21687 -132 1478 9464
15173 24567 553 8488 2126 667 0 1 21687 12293 2804 1069 9394
24567 24743 2126 667 2020 737 1 2 12293 12117 2724 13 176
24743 26295 2020 737 3029 1280 2 1 12117 10565 -2724 13 1552
26295 26397 3029 1280 2959 1312 1 2 10565 10463 3444 218 102
26397 26942 2959 1312 2670 1568 2 1 10463 9918 -3444 218 545
26942 28172 2670 1568 3797 1671 1 0 9918 8688 -2804 139 1230
28172 28843 3797 1671 3279 1824 0 1 8688 8017 4132 474 671
28843 29069 3279 1824 3418 1737 1 2 8017 7791 4068 275 226
29069 30129 3418 1737 3413 682 2 1 7791 6731 -4132 464 1060
30129 31002 3413 682 2672 814 1 0 6731 5858 -4068 11 873
31002 31502 2672 814 2462 1104 0 1 5858 5358 4948 20 500
31502 32615 2462 1104 3354 883 1 0 5358 4245 -4948 20 1113
32615 34742 3354 883 3354 883 0 0 4245 4245 0 2127 0
34742 34991 3354 883 3375 1111 0 1 4245 3996 6436 159 249
34991 35078 3375 1111 3296 1119 1 2 3996 3909 6372 82 87
35078 35311 3296 1119 3080 1136 2 1 3909 3676 -6436 159 233
35311 35769 3080 1136 2927 1441 1 0 3676 3218 -6372 82 458
35769 42642 2927 1441 2927 1441 0 0 3218 3218 0 6873 0
42642 42765 2927 1441 3015 1476 0 1 3218 3095 8868 351 123
42765 43469 3015 1476 3619 1576 1 0 3095 2391 -8868 351 704
43469 47695 3619 1576 3619 1576 0 0 2391 2391 0 4226 0
47695 50000 3619 1576 3750 3750 0 0 2391 86 1000000000 0 2305
--------------------------------------
--------------------------------------
EV2
--------------------------------------
Num TPs served = 5
TPs served = 180 324 356 372 436
Total energy used = 34070
--------------------------------------
Schedule:
0 2086 3750 3750 3750 3750 0 0 35632 35632 0 2086 0
2086 4226 3750 3750 3523 1837 0 1 35632 33492 180 1095 2140
4226 6527 3523 1837 1634 1425 1 0 33492 31191 -180 1095 2301
6527 6659 1634 1425 1634 1425 0 0 31191 31191 0 132 0
6659 8318 1634 1425 2360 492 0 1 31191 29532 372 277 1659
8318 8874 2360 492 2204 892 1 0 29532 28976 -372 277 556
8874 9053 2204 892 2204 892 0 0 28976 28976 0 179 0
9053 9612 2204 892 2490 1165 0 1 28976 28417 436 388 559
9612 10390 2490 1165 2970 867 1 0 28417 27639 -436 388 778
10390 10577 2970 867 2954 1038 0 1 27639 27452 356 4798 187
10577 11027 2954 1038 3296 930 1 2 27452 27002 324 664 450
11027 19803 3296 930 9999 3003 2 1 27002 18226 -324 664 8776
19803 25384 9999 3003 9999 8584 1 0 18226 12645 -356 4582 5581
25384 38917 9999 8584 9999 8584 0 0 12645 12645 0 13533 0
38917 50000 9999 8584 3750 3750 0 0 12645 1562 1000000000 0 11083
--------------------------------------
--------------------------------------
EV3
--------------------------------------
Num TPs served = 9
TPs served = 228 340 468 516 596 916 5540 6180 6324
Total energy used = 35576
--------------------------------------
Schedule:
0 2618 3750 3750 3750 3750 0 0 35632 35632 0 2618 0
2618 5591 3750 3750 2245 2282 0 1 35632 32659 228 127 2973
5591 6559 2245 2282 2076 1483 1 0 32659 31691 -228 127 968
6559 8273 2076 1483 2885 578 0 1 31691 29977 340 297 1714
8273 9885 2885 578 3740 1335 1 0 29977 28365 -340 297 1612
9885 10231 3740 1335 3628 1101 0 1 28365 28019 468 103 346
10231 11047 3628 1101 2949 1238 1 0 28019 27203 -468 103 816
11047 11809 2949 1238 2708 1759 0 1 27203 26441 516 514 762
11809 12665 2708 1759 2614 997 1 2 26441 25585 596 810 856
12665 15043 2614 997 738 495 2 1 25585 23207 -516 514 2378
15043 15904 738 495 215 157 1 0 23207 22346 -596 810 861
15904 18713 215 157 2916 49 0 1 22346 19537 916 122 2809
18713 26371 2916 49 9999 624 1 0 19537 11879 -916 122 7658
26371 32944 9999 624 3666 384 0 1 11879 5306 5540 666 6573
32944 33528 3666 384 3666 384 1 1 5306 5306 0 584 0
33528 34726 3666 384 2964 880 1 2 5306 4108 6324 69 1198
34726 34866 2964 880 2849 905 2 1 4108 3968 -6324 69 140
34866 34901 2849 905 2840 931 1 2 3968 3933 6180 265 35
34901 35446 2840 931 2766 1402 2 1 3933 3388 -5540 82 545
35446 36771 2766 1402 3553 1940 1 0 3388 2063 -6180 117 1325
36771 47993 3553 1940 3553 1940 0 0 2063 2063 0 11222 0
47993 50000 3553 1940 3750 3750 0 0 2063 56 1000000000 0 2007
--------------------------------------
--------------------------------------
EV4
--------------------------------------
Num TPs served = 9
TPs served = 244 388 420 484 564 1300 1460 2020 7700
Total energy used = 35614
--------------------------------------
Schedule:
0 2846 3750 3750 3750 3750 0 0 35632 35632 0 2846 0
2846 6095 3750 3750 3353 898 0 1 35632 32383 244 144 3249
6095 7190 3353 898 2642 1282 1 0 32383 31288 -244 144 1095
7190 8456 2642 1282 2642 1282 0 0 31288 31288 0 1266 0
8456 8655 2642 1282 2726 1397 0 1 31288 31089 388 243 199
8655 9143 2726 1397 2741 924 1 0 31089 30601 -388 243 488
9143 9433 2741 924 2741 924 0 0 30601 30601 0 290 0
9433 10323 2741 924 2931 224 0 1 30601 29711 484 278 890
10323 10880 2931 224 2871 721 1 0 29711 29154 -484 278 557
10880 11153 2871 721 2770 549 0 1 29154 28881 420 479 273
11153 11845 2770 549 2979 1032 1 2 28881 28189 564 188 692
11845 13135 2979 1032 2254 1597 2 1 28189 26899 -564 188 1290
13135 16168 2254 1597 46 2422 1 0 26899 23866 -420 61 3033
16168 18473 46 2422 1898 1969 0 1 23866 21561 1460 757 2305
18473 20403 1898 1969 3211 1352 1 0 21561 19631 -1460 757 1930
20403 20775 3211 1352 3162 1675 0 1 19631 19259 1300 919 372
20775 21395 3162 1675 3738 1719 1 2 19259 18639 2020 368 620
21395 22570 3738 1719 3415 867 2 1 18639 17464 -2020 368 1175
22570 30019 3415 867 9999 2 1 0 17464 10015 -1300 185 7449
30019 31960 9999 2 9999 2 0 0 10015 10015 0 1941 0
31960 38677 9999 2 3938 658 0 1 10015 3298 7700 611 6717
38677 39900 3938 658 3763 1706 1 0 3298 2075 -7700 611 1223
39900 47943 3763 1706 3763 1706 0 0 2075 2075 0 8043 0
47943 50000 3763 1706 3750 3750 0 0 2075 18 1000000000 0 2057
--------------------------------------
--------------------------------------
EV5
--------------------------------------
Num TPs served = 14
TPs served = 276 308 404 500 724 868 948 3604 3940 4900 5172 5684 6036 9540
Total energy used = 35504
--------------------------------------
Schedule:
0 3267 3750 3750 3750 3750 0 0 35632 35632 0 3267 0
3267 6598 3750 3750 3194 975 0 1 35632 32301 276 82 3331
6598 6894 3194 975 3386 1079 1 0 32301 32005 -276 82 296
6894 7289 3386 1079 3708 1152 0 1 32005 31610 308 427 395
7289 8500 3708 1152 2747 902 1 0 31610 30399 -308 427 1211
8500 9215 2747 902 2620 1490 0 1 30399 29684 404 189 715
9215 10021 2620 1490 3018 1898 1 0 29684 28878 -404 189 806
10021 10815 3018 1898 3710 2000 0 1 28878 28084 500 878 794
10815 11653 3710 2000 3710 2000 1 1 28084 28084 0 838 0
11653 13308 3710 2000 2836 1219 1 2 28084 26429 724 3040 1655
13308 13998 2836 1219 2749 616 2 1 26429 25739 -500 40 690
13998 14472 2749 616 2749 616 1 1 25739 25739 0 474 0
14472 14717 2749 616 2675 787 1 2 25739 25494 868 66 245
14717 14850 2675 787 2774 753 2 1 25494 25361 -868 66 133
14850 14974 2774 753 2774 753 1 1 25361 25361 0 124 0
14974 15321 2774 753 3046 828 1 2 25361 25014 948 529 347
15321 16380 3046 828 2138 677 2 1 25014 23955 -948 529 1059
16380 22305 2138 677 629 5093 1 0 23955 18030 -724 124 5925
22305 27172 629 5093 2289 1886 0 1 18030 13163 3604 108 4867
27172 27925 2289 1886 2973 1955 1 0 13163 12410 -3604 108 753
27925 28774 2973 1955 2805 1274 0 1 12410 11561 3940 109 849
28774 30461 2805 1274 1544 848 1 0 11561 9874 -3940 109 1687
30461 31416 1544 848 2254 1093 0 1 9874 8919 4900 33 955
31416 31955 2254 1093 2396 696 1 2 8919 8380 5172 131 539
31955 32668 2396 696 2943 530 2 1 8380 7667 -4900 33 713
32668 32944 2943 530 3131 442 1 0 7667 7391 -5172 131 276
32944 33205 3131 442 3247 587 0 1 7391 7130 5684 259 261
33205 34067 3247 587 2722 250 1 0 7130 6268 -5684 259 862
34067 34470 2722 250 2369 200 0 1 6268 5865 6036 236 403
34470 35987 2369 200 3712 26 1 0 5865 4348 -6036 236 1517
35987 45011 3712 26 3712 26 0 0 4348 4348 0 9024 0
45011 45914 3712 26 3772 869 0 1 4348 3445 9540 296 903
45914 46507 3772 869 3543 1233 1 0 3445 2852 -9540 296 593
46507 47276 3543 1233 3543 1233 0 0 2852 2852 0 769 0
47276 50000 3543 1233 3750 3750 0 0 2852 128 1000000000 0 2724
--------------------------------------
--------------------------------------
EV6
--------------------------------------
Num TPs served = 8
TPs served = 452 532 708 1044 1204 1476 1492 2148
Total energy used = 35412
--------------------------------------
Schedule:
0 7260 3750 3750 3750 3750 0 0 35632 35632 0 7260 0
7260 9766 3750 3750 3485 1509 0 1 35632 33126 452 291 2506
9766 10349 3485 1509 2959 1452 1 0 33126 32543 -452 291 583
10349 11515 2959 1452 2385 860 0 1 32543 31377 532 227 1166
11515 13070 2385 860 3613 1187 1 0 31377 29822 -532 227 1555
13070 13705 3613 1187 3313 852 0 1 29822 29187 708 50 635
13705 14901 3313 852 4112 1249 1 0 29187 27991 -708 50 1196
14901 16209 4112 1249 3444 609 0 1 27991 26683 1044 362 1308
16209 16416 3444 609 3444 609 1 1 26683 26683 0 207 0
16416 16846 3444 609 3471 206 1 2 26683 26253 1204 701 430
16846 17771 3471 206 2656 96 2 1 26253 25328 -1044 101 925
17771 18469 2656 96 2633 771 1 0 25328 24630 -1204 481 698
18469 18823 2633 771 2341 833 0 1 24630 24276 1476 147 354
18823 20039 2341 833 2497 1893 1 0 24276 23060 -1476 147 1216
20039 20308 2497 1893 2497 1893 0 0 23060 23060 0 269 0
20308 21650 2497 1893 2711 765 0 1 23060 21718 2148 321 1342
21650 22293 2711 765 3331 788 1 0 21718 21075 -2148 321 643
22293 22655 3331 788 3664 817 0 1 21075 20713 1492 1648 362
22655 34411 3664 817 9999 6238 1 0 20713 8957 -1492 1648 11756
34411 41263 9999 6238 9999 6238 0 0 8957 8957 0 6852 0
41263 50000 9999 6238 3750 3750 0 0 8957 220 1000000000 0 8737
--------------------------------------
--------------------------------------
EV7
--------------------------------------
Num TPs served = 8
TPs served = 548 660 884 1412 1764 1780 1924 2196
Total energy used = 33866
--------------------------------------
Schedule:
0 5990 3750 3750 3750 3750 0 0 35632 35632 0 5990 0
5990 11131 3750 3750 1480 879 0 1 35632 30491 548 1144 5141
11131 13085 1480 879 3223 668 1 2 30491 28537 660 70 1954
13085 14207 3223 668 2976 1543 2 1 28537 27415 -660 70 1122
14207 14337 2976 1543 3065 1584 1 0 27415 27285 -548 228 130
14337 15619 3065 1584 3514 751 0 1 27285 26003 884 181 1282
15619 17552 3514 751 2520 1690 1 0 26003 24070 -884 181 1933
17552 18214 2520 1690 2156 1392 0 1 24070 23408 1412 489 662
18214 19564 2156 1392 3421 1477 1 0 23408 22058 -1412 489 1350
19564 20219 3421 1477 3036 1207 0 1 22058 21403 1764 105 655
20219 20909 3036 1207 3327 808 1 0 21403 20713 -1764 105 690
20909 21202 3327 808 3142 916 0 1 20713 20420 1924 139 293
21202 21949 3142 916 2733 578 1 2 20420 19673 2196 609 747
21949 22315 2733 578 2657 288 2 1 19673 19307 -1924 139 366
22315 23887 2657 288 2051 1254 1 0 19307 17735 -2196 29 1572
23887 24003 2051 1254 2104 1317 0 1 17735 17619 1780 232 116
24003 32323 2104 1317 7 7540 1 0 17619 9299 -1780 232 8320
32323 42467 7 7540 7 7540 0 0 9299 9299 0 10144 0
42467 50000 7 7540 3750 3750 0 0 9299 1766 1000000000 0 7533
--------------------------------------
--------------------------------------
EV8
--------------------------------------
Num TPs served = 26
TPs served = 580 740 788 932 1076 1188 1876 2100 2356 2516 2964 3364 3716 4100 4436 4980 5316 5380 5444 6052 6548 6708 6772 7108 8308 8916
Total energy used = 35236
--------------------------------------
Schedule:
0 8434 3750 3750 3750 3750 0 0 35632 35632 0 8434 0
8434 11684 3750 3750 3399 851 0 1 35632 32382 580 626 3250
11684 12938 3399 851 2610 1316 1 0 32382 31128 -580 626 1254
12938 13307 2610 1316 2610 1316 0 0 31128 31128 0 369 0
13307 13466 2610 1316 2558 1209 0 1 31128 30969 740 419 159
13466 14115 2558 1209 2288 830 1 2 30969 30320 788 230 649
14115 14710 2288 830 2490 437 2 1 30320 29725 -740 15 595
14710 15067 2490 437 2562 152 1 0 29725 29368 -788 230 357
15067 16298 2562 152 1799 620 0 1 29368 28137 932 1 1231
16298 16890 1799 620 2181 830 1 2 28137 27545 1076 495 592
16890 16968 2181 830 2217 872 2 3 27545 27467 1188 64 78
16968 17528 2217 872 2502 1147 3 2 27467 26907 -1188 64 560
17528 18560 2502 1147 2931 1750 2 1 26907 25875 -932 1 1032
18560 19689 2931 1750 3950 1640 1 0 25875 24746 -1076 275 1129
19689 19733 3950 1640 3950 1640 0 0 24746 24746 0 44 0
19733 20533 3950 1640 3264 1526 0 1 24746 23946 1876 443 800
20533 20581 3264 1526 3264 1526 1 1 23946 23946 0 48 0
20581 21450 3264 1526 3237 684 1 2 23946 23077 2100 1156 869
21450 21522 3237 684 3299 674 2 1 23077 23005 -1876 341 72
21522 22241 3299 674 3299 674 1 1 23005 23005 0 719 0
22241 22530 3299 674 3045 709 1 2 23005 22716 2356 666 289
22530 22686 3045 709 3045 709 2 2 22716 22716 0 156 0
22686 23192 3045 709 2846 1016 2 3 22716 22210 2516 349 506
23192 23892 2846 1016 2453 1323 3 2 22210 21510 -2516 349 700
23892 24019 2453 1323 2409 1406 2 1 21510 21383 -2356 510 127
24019 24782 2409 1406 2163 1923 1 0 21383 20620 -2100 137 763
24782 25124 2163 1923 2430 1848 0 1 20620 20278 2964 538 342
25124 25134 2430 1848 2430 1848 1 1 20278 20278 0 10 0
25134 26100 2430 1848 2974 1426 1 2 20278 19312 3364 754 966
26100 26787 2974 1426 3232 997 2 1 19312 18625 -2964 528 687
26787 26994 3232 997 3232 997 1 1 18625 18625 0 207 0
26994 27255 3232 997 3116 852 1 2 18625 18364 3716 209 261
27255 27674 3116 852 2906 643 2 1 18364 17945 -3716 209 419
27674 28332 2906 643 2312 579 1 0 17945 17287 -3364 31 658
28332 28702 2312 579 2239 876 0 1 17287 16917 4100 404 370
28702 28729 2239 876 2239 876 1 1 16917 16917 0 27 0
28729 29506 2239 876 2943 949 1 2 16917 16140 4436 656 777
29506 29862 2943 949 2886 1248 2 1 16140 15784 -4100 263 356
29862 31314 2886 1248 2075 607 1 2 15784 14332 4980 748 1452
31314 31435 2075 607 1963 616 2 1 14332 14211 -4436 40 121
31435 31437 1963 616 1963 616 1 1 14211 14211 0 2 0
31437 32192 1963 616 2686 648 1 2 14211 13456 5380 118 755
32192 32326 2686 648 2792 676 2 3 13456 13322 5316 373 134
32326 32430 2792 676 2861 711 3 2 13322 13218 -5380 118 104
32430 32623 2861 711 2880 885 2 3 13218 13025 5444 7 193
32623 33132 2880 885 3078 1196 3 2 13025 12516 -5444 7 509
33132 33707 3078 1196 3323 1526 2 1 12516 11941 -5316 373 575
33707 33971 3323 1526 3359 1298 1 0 11941 11677 -4980 66 264
33971 34301 3359 1298 3416 1025 0 1 11677 11347 6052 323 330
34301 34525 3416 1025 3416 1025 1 1 11347 11347 0 224 0
34525 35313 3416 1025 2650 1003 1 2 11347 10559 6548 491 788
35313 35844 2650 1003 2537 1421 2 1 10559 10028 -6052 55 531
35844 36484 2537 1421 3017 1581 1 2 10028 9388 6708 563 640
36484 36523 3017 1581 3019 1618 2 1 9388 9349 -6548 265 39
36523 36844 3019 1618 3200 1478 1 2 9349 9028 6772 19 321
36844 36956 3200 1478 3183 1383 2 3 9028 8916 7108 285 112
36956 37674 3183 1383 2531 1317 3 2 8916 8198 -7108 285 718
37674 38779 2531 1317 2476 267 2 1 8198 7093 -6772 19 1105
38779 39571 2476 267 1920 31 1 0 7093 6301 -6708 123 792
39571 41074 1920 31 2495 959 0 1 6301 4798 8308 129 1503
41074 42023 2495 959 2792 1611 1 0 4798 3849 -8308 129 949
42023 42730 2792 1611 2792 1611 0 0 3849 3849 0 707 0
42730 42977 2792 1611 2861 1433 0 1 3849 3602 8916 207 247
42977 43393 2861 1433 3141 1569 1 0 3602 3186 -8916 207 416
43393 47210 3141 1569 3141 1569 0 0 3186 3186 0 3817 0
47210 50000 3141 1569 3750 3750 0 0 3186 396 1000000000 0 2790
--------------------------------------
--------------------------------------
EV9
--------------------------------------
Num TPs served = 16
TPs served = 612 900 1060 1380 1716 1844 2132 2740 2820 3732 4052 4916 5428 5476 6356 9364
Total energy used = 35388
--------------------------------------
Schedule:
0 8201 3750 3750 3750 3750 0 0 35632 35632 0 8201 0
8201 12096 3750 3750 2571 1034 0 1 35632 31737 612 658 3895
12096 13414 2571 1034 3160 305 1 0 31737 30419 -612 658 1318
13414 15255 3160 305 3023 2009 0 1 30419 28578 900 541 1841
15255 15405 3023 2009 3023 2009 1 1 28578 28578 0 150 0
15405 16005 3023 2009 2839 1593 1 2 28578 27978 1060 1084 600
16005 17139 2839 1593 2611 687 2 1 27978 26844 -900 391 1134
17139 17563 2611 687 2611 687 1 1 26844 26844 0 424 0
17563 17897 2611 687 2568 978 1 2 26844 26510 1380 210 334
17897 18318 2568 978 2484 641 2 1 26510 26089 -1380 210 421
18318 19181 2484 641 2106 156 1 0 26089 25226 -1060 78 863
19181 19239 2106 156 2106 156 0 0 25226 25226 0 58 0
19239 19729 2106 156 2405 347 0 1 25226 24736 1716 283 490
19729 20296 2405 347 2511 808 1 0 24736 24169 -1716 283 567
20296 20701 2511 808 2639 1085 0 1 24169 23764 1844 202 405
20701 20742 2639 1085 2639 1085 1 1 23764 23764 0 41 0
20742 21572 2639 1085 3135 1419 1 2 23764 22934 2132 678 830
21572 21893 3135 1419 3387 1350 2 1 22934 22613 -1844 23 321
21893 23434 3387 1350 3047 149 1 0 22613 21072 -2132 174 1541
23434 23669 3047 149 3047 149 0 0 21072 21072 0 235 0
23669 24065 3047 149 3298 4 0 1 21072 20676 2740 1208 396
24065 25182 3298 4 3514 905 1 2 20676 19559 2820 145 1117
25182 27111 3514 905 2638 1958 2 1 19559 17630 -2820 145 1929
27111 27523 2638 1958 2530 1654 1 0 17630 17218 -2740 168 412
27523 27715 2530 1654 2417 1575 0 1 17218 17026 3732 816 192
27715 28789 2417 1575 2960 1044 1 2 17026 15952 4052 74 1074
28789 29602 2960 1044 3592 863 2 1 15952 15139 -4052 74 813
29602 30144 3592 863 3726 455 1 0 15139 14597 -3732 816 542
30144 31212 3726 455 2700 413 0 1 14597 13529 4916 144 1068
31212 32220 2700 413 2564 1285 1 0 13529 12521 -4916 144 1008
32220 32538 2564 1285 2320 1211 0 1 12521 12203 5428 298 318
32538 33551 2320 1211 1389 1129 1 0 12203 11190 -5428 298 1013
33551 34067 1389 1129 1536 760 0 1 11190 10674 5476 609 516
34067 35590 1536 760 2789 490 1 2 10674 9151 6356 58 1523
35590 37316 2789 490 3637 1368 2 1 9151 7425 -6356 58 1726
37316 38999 3637 1368 4059 2629 1 0 7425 5742 -5476 69 1683
38999 43045 4059 2629 4059 2629 0 0 5742 5742 0 4046 0
43045 44956 4059 2629 2981 1796 0 1 5742 3831 9364 426 1911
44956 45810 2981 1796 3403 1364 1 0 3831 2977 -9364 426 854
45810 47267 3403 1364 3403 1364 0 0 2977 2977 0 1457 0
47267 50000 3403 1364 3750 3750 0 0 2977 244 1000000000 0 2733
--------------------------------------
--------------------------------------
EV10
--------------------------------------
Num TPs served = 19
TPs served = 628 964 1028 1428 2260 2548 2628 2948 3044 3492 4148 4356 4404 4772 5604 7348 7524 7988 9652
Total energy used = 35412
--------------------------------------
Schedule:
0 9738 3750 3750 3750 3750 0 0 35632 35632 0 9738 0
9738 12305 3750 3750 3128 1805 0 1 35632 33065 628 798 2567
12305 13903 3128 1805 3994 1073 1 0 33065 31467 -628 798 1598
13903 13990 3994 1073 3994 1073 0 0 31467 31467 0 87 0
13990 15428 3994 1073 3098 531 0 1 31467 30029 964 883 1438
15428 16445 3098 531 2153 459 1 2 30029 29012 1028 227 1017
16445 17499 2153 459 2233 1433 2 1 29012 27958 -964 579 1054
17499 18270 2233 1433 2916 1345 1 0 27958 27187 -1028 51 771
18270 19325 2916 1345 3168 2148 0 1 27187 26132 1428 9 1055
19325 21709 3168 2148 2569 363 1 0 26132 23748 -1428 9 2384
21709 22604 2569 363 2292 981 0 1 23748 22853 2260 38 895
22604 23446 2292 981 2946 1169 1 2 22853 22011 2548 333 842
23446 23549 2946 1169 3028 1190 2 1 22011 21908 -2260 38 103
23549 23795 3028 1190 2796 1176 1 2 21908 21662 2628 111 246
23795 24353 2796 1176 2804 626 2 1 21662 21104 -2628 111 558
24353 24707 2804 626 2480 656 1 0 21104 20750 -2548 51 354
24707 25153 2480 656 2825 757 0 1 20750 20304 3044 823 446
25153 25422 2825 757 3077 774 1 2 20304 20035 2948 251 269
25422 26679 3077 774 2403 1357 2 3 20035 18778 3492 88 1257
26679 27162 2403 1357 2256 1693 3 2 18778 18295 -3492 88 483
27162 27308 2256 1693 2315 1780 2 1 18295 18149 -2948 133 146
27308 27712 2315 1780 2003 1688 1 0 18149 17745 -3044 17 404
27712 28669 2003 1688 2003 1688 0 0 17745 17745 0 957 0
28669 28717 2003 1688 1977 1710 0 1 17745 17697 4148 780 48
28717 28800 1977 1710 1977 1710 1 1 17697 17697 0 83 0
28800 29409 1977 1710 2474 1598 1 2 17697 17088 4404 377 609
29409 29620 2474 1598 2614 1669 2 3 17088 16877 4356 89 211
29620 30307 2614 1669 3099 1467 3 2 16877 16190 -4404 235 687
30307 30529 3099 1467 3064 1280 2 1 16190 15968 -4356 19 222
30529 30617 3064 1280 3130 1302 1 0 15968 15880 -4148 441 88
30617 31162 3130 1302 2940 1657 0 1 15880 15335 4772 327 545
31162 32920 2940 1657 1579 1260 1 2 15335 13577 5604 1052 1758
32920 33185 1579 1260 1605 1021 2 1 13577 13312 -4772 275 265
33185 35305 1605 1021 221 285 1 0 13312 11192 -5604 1000 2120
35305 35343 221 285 221 285 0 0 11192 11192 0 38 0
35343 37606 221 285 2407 208 0 1 11192 8929 7348 777 2263
37606 38248 2407 208 2537 720 1 2 8929 8287 7524 472 642
38248 39437 2537 720 3492 954 2 1 8287 7098 -7524 472 1189
39437 39748 3492 954 3199 972 1 0 7098 6787 -7348 191 311
39748 40056 3199 972 3148 1229 0 1 6787 6479 7988 412 308
40056 41834 3148 1229 3401 2754 1 0 6479 4701 -7988 412 1778
41834 44952 3401 2754 3401 2754 0 0 4701 4701 0 3118 0
44952 46559 3401 2754 3553 1299 0 1 4701 3094 9652 91 1607
46559 46743 3553 1299 3624 1186 1 0 3094 2910 -9652 91 184
46743 47310 3624 1186 3624 1186 0 0 2910 2910 0 567 0
47310 50000 3624 1186 3750 3750 0 0 2910 220 1000000000 0 2690
--------------------------------------

-------------------------------------------------------------------------

TPs

-------------------------------------------------------------------------

----------------------
TP4 not allocated
----------------------

----------------------
TP20 not allocated
----------------------

----------------------
TP36 not allocated
----------------------

----------------------
TP52 not allocated
----------------------

----------------------
TP68 not allocated
----------------------

----------------------
TP84 not allocated
----------------------

----------------------
TP100 not allocated
----------------------

----------------------
TP116 not allocated
----------------------

----------------------
TP132 allocated to 1
----------------------

----------------------
TP148 not allocated
----------------------

----------------------
TP164 not allocated
----------------------

----------------------
TP180 allocated to 2
----------------------

----------------------
TP196 not allocated
----------------------

----------------------
TP212 not allocated
----------------------

----------------------
TP228 allocated to 3
----------------------

----------------------
TP244 allocated to 4
----------------------

----------------------
TP260 not allocated
----------------------

----------------------
TP276 allocated to 5
----------------------

----------------------
TP292 not allocated
----------------------

----------------------
TP308 allocated to 5
----------------------

----------------------
TP324 allocated to 2
----------------------

----------------------
TP340 allocated to 3
----------------------

----------------------
TP356 allocated to 2
----------------------

----------------------
TP372 allocated to 2
----------------------

----------------------
TP388 allocated to 4
----------------------

----------------------
TP404 allocated to 5
----------------------

----------------------
TP420 allocated to 4
----------------------

----------------------
TP436 allocated to 2
----------------------

----------------------
TP452 allocated to 6
----------------------

----------------------
TP468 allocated to 3
----------------------

----------------------
TP484 allocated to 4
----------------------

----------------------
TP500 allocated to 5
----------------------

----------------------
TP516 allocated to 3
----------------------

----------------------
TP532 allocated to 6
----------------------

----------------------
TP548 allocated to 7
----------------------

----------------------
TP564 allocated to 4
----------------------

----------------------
TP580 allocated to 8
----------------------

----------------------
TP596 allocated to 3
----------------------

----------------------
TP612 allocated to 9
----------------------

----------------------
TP628 allocated to 10
----------------------

----------------------
TP644 not allocated
----------------------

----------------------
TP660 allocated to 7
----------------------

----------------------
TP676 not allocated
----------------------

----------------------
TP692 not allocated
----------------------

----------------------
TP708 allocated to 6
----------------------

----------------------
TP724 allocated to 5
----------------------

----------------------
TP740 allocated to 8
----------------------

----------------------
TP756 not allocated
----------------------

----------------------
TP772 not allocated
----------------------

----------------------
TP788 allocated to 8
----------------------

----------------------
TP804 not allocated
----------------------

----------------------
TP820 not allocated
----------------------

----------------------
TP836 not allocated
----------------------

----------------------
TP852 not allocated
----------------------

----------------------
TP868 allocated to 5
----------------------

----------------------
TP884 allocated to 7
----------------------

----------------------
TP900 allocated to 9
----------------------

----------------------
TP916 allocated to 3
----------------------

----------------------
TP932 allocated to 8
----------------------

----------------------
TP948 allocated to 5
----------------------

----------------------
TP964 allocated to 10
----------------------

----------------------
TP980 not allocated
----------------------

----------------------
TP996 not allocated
----------------------

----------------------
TP1012 not allocated
----------------------

----------------------
TP1028 allocated to 10
----------------------

----------------------
TP1044 allocated to 6
----------------------

----------------------
TP1060 allocated to 9
----------------------

----------------------
TP1076 allocated to 8
----------------------

----------------------
TP1092 not allocated
----------------------

----------------------
TP1108 not allocated
----------------------

----------------------
TP1124 not allocated
----------------------

----------------------
TP1140 not allocated
----------------------

----------------------
TP1156 not allocated
----------------------

----------------------
TP1172 not allocated
----------------------

----------------------
TP1188 allocated to 8
----------------------

----------------------
TP1204 allocated to 6
----------------------

----------------------
TP1220 not allocated
----------------------

----------------------
TP1236 not allocated
----------------------

----------------------
TP1252 not allocated
----------------------

----------------------
TP1268 not allocated
----------------------

----------------------
TP1284 not allocated
----------------------

----------------------
TP1300 allocated to 4
----------------------

----------------------
TP1316 not allocated
----------------------

----------------------
TP1332 not allocated
----------------------

----------------------
TP1348 not allocated
----------------------

----------------------
TP1364 not allocated
----------------------

----------------------
TP1380 allocated to 9
----------------------

----------------------
TP1396 not allocated
----------------------

----------------------
TP1412 allocated to 7
----------------------

----------------------
TP1428 allocated to 10
----------------------

----------------------
TP1444 not allocated
----------------------

----------------------
TP1460 allocated to 4
----------------------

----------------------
TP1476 allocated to 6
----------------------

----------------------
TP1492 allocated to 6
----------------------

----------------------
TP1508 not allocated
----------------------

----------------------
TP1524 not allocated
----------------------

----------------------
TP1540 not allocated
----------------------

----------------------
TP1556 not allocated
----------------------

----------------------
TP1572 not allocated
----------------------

----------------------
TP1588 not allocated
----------------------

----------------------
TP1604 not allocated
----------------------

----------------------
TP1620 not allocated
----------------------

----------------------
TP1636 not allocated
----------------------

----------------------
TP1652 not allocated
----------------------

----------------------
TP1668 not allocated
----------------------

----------------------
TP1684 not allocated
----------------------

----------------------
TP1700 not allocated
----------------------

----------------------
TP1716 allocated to 9
----------------------

----------------------
TP1732 not allocated
----------------------

----------------------
TP1748 not allocated
----------------------

----------------------
TP1764 allocated to 7
----------------------

----------------------
TP1780 allocated to 7
----------------------

----------------------
TP1796 not allocated
----------------------

----------------------
TP1812 not allocated
----------------------

----------------------
TP1828 not allocated
----------------------

----------------------
TP1844 allocated to 9
----------------------

----------------------
TP1860 not allocated
----------------------

----------------------
TP1876 allocated to 8
----------------------

----------------------
TP1892 not allocated
----------------------

----------------------
TP1908 not allocated
----------------------

----------------------
TP1924 allocated to 7
----------------------

----------------------
TP1940 not allocated
----------------------

----------------------
TP1956 not allocated
----------------------

----------------------
TP1972 not allocated
----------------------

----------------------
TP1988 not allocated
----------------------

----------------------
TP2004 not allocated
----------------------

----------------------
TP2020 allocated to 4
----------------------

----------------------
TP2036 not allocated
----------------------

----------------------
TP2052 not allocated
----------------------

----------------------
TP2068 not allocated
----------------------

----------------------
TP2084 not allocated
----------------------

----------------------
TP2100 allocated to 8
----------------------

----------------------
TP2116 not allocated
----------------------

----------------------
TP2132 allocated to 9
----------------------

----------------------
TP2148 allocated to 6
----------------------

----------------------
TP2164 not allocated
----------------------

----------------------
TP2180 not allocated
----------------------

----------------------
TP2196 allocated to 7
----------------------

----------------------
TP2212 not allocated
----------------------

----------------------
TP2228 not allocated
----------------------

----------------------
TP2244 not allocated
----------------------

----------------------
TP2260 allocated to 10
----------------------

----------------------
TP2276 not allocated
----------------------

----------------------
TP2292 not allocated
----------------------

----------------------
TP2308 not allocated
----------------------

----------------------
TP2324 not allocated
----------------------

----------------------
TP2340 not allocated
----------------------

----------------------
TP2356 allocated to 8
----------------------

----------------------
TP2372 not allocated
----------------------

----------------------
TP2388 not allocated
----------------------

----------------------
TP2404 not allocated
----------------------

----------------------
TP2420 not allocated
----------------------

----------------------
TP2436 not allocated
----------------------

----------------------
TP2452 not allocated
----------------------

----------------------
TP2468 not allocated
----------------------

----------------------
TP2484 not allocated
----------------------

----------------------
TP2500 not allocated
----------------------

----------------------
TP2516 allocated to 8
----------------------

----------------------
TP2532 not allocated
----------------------

----------------------
TP2548 allocated to 10
----------------------

----------------------
TP2564 not allocated
----------------------

----------------------
TP2580 not allocated
----------------------

----------------------
TP2596 not allocated
----------------------

----------------------
TP2612 not allocated
----------------------

----------------------
TP2628 allocated to 10
----------------------

----------------------
TP2644 not allocated
----------------------

----------------------
TP2660 not allocated
----------------------

----------------------
TP2676 not allocated
----------------------

----------------------
TP2692 not allocated
----------------------

----------------------
TP2708 not allocated
----------------------

----------------------
TP2724 allocated to 1
----------------------

----------------------
TP2740 allocated to 9
----------------------

----------------------
TP2756 not allocated
----------------------

----------------------
TP2772 not allocated
----------------------

----------------------
TP2788 not allocated
----------------------

----------------------
TP2804 allocated to 1
----------------------

----------------------
TP2820 allocated to 9
----------------------

----------------------
TP2836 not allocated
----------------------

----------------------
TP2852 not allocated
----------------------

----------------------
TP2868 not allocated
----------------------

----------------------
TP2884 not allocated
----------------------

----------------------
TP2900 not allocated
----------------------

----------------------
TP2916 not allocated
----------------------

----------------------
TP2932 not allocated
----------------------

----------------------
TP2948 allocated to 10
----------------------

----------------------
TP2964 allocated to 8
----------------------

----------------------
TP2980 not allocated
----------------------

----------------------
TP2996 not allocated
----------------------

----------------------
TP3012 not allocated
----------------------

----------------------
TP3028 not allocated
----------------------

----------------------
TP3044 allocated to 10
----------------------

----------------------
TP3060 not allocated
----------------------

----------------------
TP3076 not allocated
----------------------

----------------------
TP3092 not allocated
----------------------

----------------------
TP3108 not allocated
----------------------

----------------------
TP3124 not allocated
----------------------

----------------------
TP3140 not allocated
----------------------

----------------------
TP3156 not allocated
----------------------

----------------------
TP3172 not allocated
----------------------

----------------------
TP3188 not allocated
----------------------

----------------------
TP3204 not allocated
----------------------

----------------------
TP3220 not allocated
----------------------

----------------------
TP3236 not allocated
----------------------

----------------------
TP3252 not allocated
----------------------

----------------------
TP3268 not allocated
----------------------

----------------------
TP3284 not allocated
----------------------

----------------------
TP3300 not allocated
----------------------

----------------------
TP3316 not allocated
----------------------

----------------------
TP3332 not allocated
----------------------

----------------------
TP3348 not allocated
----------------------

----------------------
TP3364 allocated to 8
----------------------

----------------------
TP3380 not allocated
----------------------

----------------------
TP3396 not allocated
----------------------

----------------------
TP3412 not allocated
----------------------

----------------------
TP3428 not allocated
----------------------

----------------------
TP3444 allocated to 1
----------------------

----------------------
TP3460 not allocated
----------------------

----------------------
TP3476 not allocated
----------------------

----------------------
TP3492 allocated to 10
----------------------

----------------------
TP3508 not allocated
----------------------

----------------------
TP3524 not allocated
----------------------

----------------------
TP3540 not allocated
----------------------

----------------------
TP3556 not allocated
----------------------

----------------------
TP3572 not allocated
----------------------

----------------------
TP3588 not allocated
----------------------

----------------------
TP3604 allocated to 5
----------------------

----------------------
TP3620 not allocated
----------------------

----------------------
TP3636 not allocated
----------------------

----------------------
TP3652 not allocated
----------------------

----------------------
TP3668 not allocated
----------------------

----------------------
TP3684 not allocated
----------------------

----------------------
TP3700 not allocated
----------------------

----------------------
TP3716 allocated to 8
----------------------

----------------------
TP3732 allocated to 9
----------------------

----------------------
TP3748 not allocated
----------------------

----------------------
TP3764 not allocated
----------------------

----------------------
TP3780 not allocated
----------------------

----------------------
TP3796 not allocated
----------------------

----------------------
TP3812 not allocated
----------------------

----------------------
TP3828 not allocated
----------------------

----------------------
TP3844 not allocated
----------------------

----------------------
TP3860 not allocated
----------------------

----------------------
TP3876 not allocated
----------------------

----------------------
TP3892 not allocated
----------------------

----------------------
TP3908 not allocated
----------------------

----------------------
TP3924 not allocated
----------------------

----------------------
TP3940 allocated to 5
----------------------

----------------------
TP3956 not allocated
----------------------

----------------------
TP3972 not allocated
----------------------

----------------------
TP3988 not allocated
----------------------

----------------------
TP4004 not allocated
----------------------

----------------------
TP4020 not allocated
----------------------

----------------------
TP4036 not allocated
----------------------

----------------------
TP4052 allocated to 9
----------------------

----------------------
TP4068 allocated to 1
----------------------

----------------------
TP4084 not allocated
----------------------

----------------------
TP4100 allocated to 8
----------------------

----------------------
TP4116 not allocated
----------------------

----------------------
TP4132 allocated to 1
----------------------

----------------------
TP4148 allocated to 10
----------------------

----------------------
TP4164 not allocated
----------------------

----------------------
TP4180 not allocated
----------------------

----------------------
TP4196 not allocated
----------------------

----------------------
TP4212 not allocated
----------------------

----------------------
TP4228 not allocated
----------------------

----------------------
TP4244 not allocated
----------------------

----------------------
TP4260 not allocated
----------------------

----------------------
TP4276 not allocated
----------------------

----------------------
TP4292 not allocated
----------------------

----------------------
TP4308 not allocated
----------------------

----------------------
TP4324 not allocated
----------------------

----------------------
TP4340 not allocated
----------------------

----------------------
TP4356 allocated to 10
----------------------

----------------------
TP4372 not allocated
----------------------

----------------------
TP4388 not allocated
----------------------

----------------------
TP4404 allocated to 10
----------------------

----------------------
TP4420 not allocated
----------------------

----------------------
TP4436 allocated to 8
----------------------

----------------------
TP4452 not allocated
----------------------

----------------------
TP4468 not allocated
----------------------

----------------------
TP4484 not allocated
----------------------

----------------------
TP4500 not allocated
----------------------

----------------------
TP4516 not allocated
----------------------

----------------------
TP4532 not allocated
----------------------

----------------------
TP4548 not allocated
----------------------

----------------------
TP4564 not allocated
----------------------

----------------------
TP4580 not allocated
----------------------

----------------------
TP4596 not allocated
----------------------

----------------------
TP4612 not allocated
----------------------

----------------------
TP4628 not allocated
----------------------

----------------------
TP4644 not allocated
----------------------

----------------------
TP4660 not allocated
----------------------

----------------------
TP4676 not allocated
----------------------

----------------------
TP4692 not allocated
----------------------

----------------------
TP4708 not allocated
----------------------

----------------------
TP4724 not allocated
----------------------

----------------------
TP4740 not allocated
----------------------

----------------------
TP4756 not allocated
----------------------

----------------------
TP4772 allocated to 10
----------------------

----------------------
TP4788 not allocated
----------------------

----------------------
TP4804 not allocated
----------------------

----------------------
TP4820 not allocated
----------------------

----------------------
TP4836 not allocated
----------------------

----------------------
TP4852 not allocated
----------------------

----------------------
TP4868 not allocated
----------------------

----------------------
TP4884 not allocated
----------------------

----------------------
TP4900 allocated to 5
----------------------

----------------------
TP4916 allocated to 9
----------------------

----------------------
TP4932 not allocated
----------------------

----------------------
TP4948 allocated to 1
----------------------

----------------------
TP4964 not allocated
----------------------

----------------------
TP4980 allocated to 8
----------------------

----------------------
TP4996 not allocated
----------------------

----------------------
TP5012 not allocated
----------------------

----------------------
TP5028 not allocated
----------------------

----------------------
TP5044 not allocated
----------------------

----------------------
TP5060 not allocated
----------------------

----------------------
TP5076 not allocated
----------------------

----------------------
TP5092 not allocated
----------------------

----------------------
TP5108 not allocated
----------------------

----------------------
TP5124 not allocated
----------------------

----------------------
TP5140 not allocated
----------------------

----------------------
TP5156 not allocated
----------------------

----------------------
TP5172 allocated to 5
----------------------

----------------------
TP5188 not allocated
----------------------

----------------------
TP5204 not allocated
----------------------

----------------------
TP5220 not allocated
----------------------

----------------------
TP5236 not allocated
----------------------

----------------------
TP5252 not allocated
----------------------

----------------------
TP5268 not allocated
----------------------

----------------------
TP5284 not allocated
----------------------

----------------------
TP5300 not allocated
----------------------

----------------------
TP5316 allocated to 8
----------------------

----------------------
TP5332 not allocated
----------------------

----------------------
TP5348 not allocated
----------------------

----------------------
TP5364 not allocated
----------------------

----------------------
TP5380 allocated to 8
----------------------

----------------------
TP5396 not allocated
----------------------

----------------------
TP5412 not allocated
----------------------

----------------------
TP5428 allocated to 9
----------------------

----------------------
TP5444 allocated to 8
----------------------

----------------------
TP5460 not allocated
----------------------

----------------------
TP5476 allocated to 9
----------------------

----------------------
TP5492 not allocated
----------------------

----------------------
TP5508 not allocated
----------------------

----------------------
TP5524 not allocated
----------------------

----------------------
TP5540 allocated to 3
----------------------

----------------------
TP5556 not allocated
----------------------

----------------------
TP5572 not allocated
----------------------

----------------------
TP5588 not allocated
----------------------

----------------------
TP5604 allocated to 10
----------------------

----------------------
TP5620 not allocated
----------------------

----------------------
TP5636 not allocated
----------------------

----------------------
TP5652 not allocated
----------------------

----------------------
TP5668 not allocated
----------------------

----------------------
TP5684 allocated to 5
----------------------

----------------------
TP5700 not allocated
----------------------

----------------------
TP5716 not allocated
----------------------

----------------------
TP5732 not allocated
----------------------

----------------------
TP5748 not allocated
----------------------

----------------------
TP5764 not allocated
----------------------

----------------------
TP5780 not allocated
----------------------

----------------------
TP5796 not allocated
----------------------

----------------------
TP5812 not allocated
----------------------

----------------------
TP5828 not allocated
----------------------

----------------------
TP5844 not allocated
----------------------

----------------------
TP5860 not allocated
----------------------

----------------------
TP5876 not allocated
----------------------

----------------------
TP5892 not allocated
----------------------

----------------------
TP5908 not allocated
----------------------

----------------------
TP5924 not allocated
----------------------

----------------------
TP5940 not allocated
----------------------

----------------------
TP5956 not allocated
----------------------

----------------------
TP5972 not allocated
----------------------

----------------------
TP5988 not allocated
----------------------

----------------------
TP6004 not allocated
----------------------

----------------------
TP6020 not allocated
----------------------

----------------------
TP6036 allocated to 5
----------------------

----------------------
TP6052 allocated to 8
----------------------

----------------------
TP6068 not allocated
----------------------

----------------------
TP6084 not allocated
----------------------

----------------------
TP6100 not allocated
----------------------

----------------------
TP6116 not allocated
----------------------

----------------------
TP6132 not allocated
----------------------

----------------------
TP6148 not allocated
----------------------

----------------------
TP6164 not allocated
----------------------

----------------------
TP6180 allocated to 3
----------------------

----------------------
TP6196 not allocated
----------------------

----------------------
TP6212 not allocated
----------------------

----------------------
TP6228 not allocated
----------------------

----------------------
TP6244 not allocated
----------------------

----------------------
TP6260 not allocated
----------------------

----------------------
TP6276 not allocated
----------------------

----------------------
TP6292 not allocated
----------------------

----------------------
TP6308 not allocated
----------------------

----------------------
TP6324 allocated to 3
----------------------

----------------------
TP6340 not allocated
----------------------

----------------------
TP6356 allocated to 9
----------------------

----------------------
TP6372 allocated to 1
----------------------

----------------------
TP6388 not allocated
----------------------

----------------------
TP6404 not allocated
----------------------

----------------------
TP6420 not allocated
----------------------

----------------------
TP6436 allocated to 1
----------------------

----------------------
TP6452 not allocated
----------------------

----------------------
TP6468 not allocated
----------------------

----------------------
TP6484 not allocated
----------------------

----------------------
TP6500 not allocated
----------------------

----------------------
TP6516 not allocated
----------------------

----------------------
TP6532 not allocated
----------------------

----------------------
TP6548 allocated to 8
----------------------

----------------------
TP6564 not allocated
----------------------

----------------------
TP6580 not allocated
----------------------

----------------------
TP6596 not allocated
----------------------

----------------------
TP6612 not allocated
----------------------

----------------------
TP6628 not allocated
----------------------

----------------------
TP6644 not allocated
----------------------

----------------------
TP6660 not allocated
----------------------

----------------------
TP6676 not allocated
----------------------

----------------------
TP6692 not allocated
----------------------

----------------------
TP6708 allocated to 8
----------------------

----------------------
TP6724 not allocated
----------------------

----------------------
TP6740 not allocated
----------------------

----------------------
TP6756 not allocated
----------------------

----------------------
TP6772 allocated to 8
----------------------

----------------------
TP6788 not allocated
----------------------

----------------------
TP6804 not allocated
----------------------

----------------------
TP6820 not allocated
----------------------

----------------------
TP6836 not allocated
----------------------

----------------------
TP6852 not allocated
----------------------

----------------------
TP6868 not allocated
----------------------

----------------------
TP6884 not allocated
----------------------

----------------------
TP6900 not allocated
----------------------

----------------------
TP6916 not allocated
----------------------

----------------------
TP6932 not allocated
----------------------

----------------------
TP6948 not allocated
----------------------

----------------------
TP6964 not allocated
----------------------

----------------------
TP6980 not allocated
----------------------

----------------------
TP6996 not allocated
----------------------

----------------------
TP7012 not allocated
----------------------

----------------------
TP7028 not allocated
----------------------

----------------------
TP7044 not allocated
----------------------

----------------------
TP7060 not allocated
----------------------

----------------------
TP7076 not allocated
----------------------

----------------------
TP7092 not allocated
----------------------

----------------------
TP7108 allocated to 8
----------------------

----------------------
TP7124 not allocated
----------------------

----------------------
TP7140 not allocated
----------------------

----------------------
TP7156 not allocated
----------------------

----------------------
TP7172 not allocated
----------------------

----------------------
TP7188 not allocated
----------------------

----------------------
TP7204 not allocated
----------------------

----------------------
TP7220 not allocated
----------------------

----------------------
TP7236 not allocated
----------------------

----------------------
TP7252 not allocated
----------------------

----------------------
TP7268 not allocated
----------------------

----------------------
TP7284 not allocated
----------------------

----------------------
TP7300 not allocated
----------------------

----------------------
TP7316 not allocated
----------------------

----------------------
TP7332 not allocated
----------------------

----------------------
TP7348 allocated to 10
----------------------

----------------------
TP7364 not allocated
----------------------

----------------------
TP7380 not allocated
----------------------

----------------------
TP7396 not allocated
----------------------

----------------------
TP7412 not allocated
----------------------

----------------------
TP7428 not allocated
----------------------

----------------------
TP7444 not allocated
----------------------

----------------------
TP7460 not allocated
----------------------

----------------------
TP7476 not allocated
----------------------

----------------------
TP7492 not allocated
----------------------

----------------------
TP7508 not allocated
----------------------

----------------------
TP7524 allocated to 10
----------------------

----------------------
TP7540 not allocated
----------------------

----------------------
TP7556 not allocated
----------------------

----------------------
TP7572 not allocated
----------------------

----------------------
TP7588 not allocated
----------------------

----------------------
TP7604 not allocated
----------------------

----------------------
TP7620 not allocated
----------------------

----------------------
TP7636 not allocated
----------------------

----------------------
TP7652 not allocated
----------------------

----------------------
TP7668 not allocated
----------------------

----------------------
TP7684 not allocated
----------------------

----------------------
TP7700 allocated to 4
----------------------

----------------------
TP7716 not allocated
----------------------

----------------------
TP7732 not allocated
----------------------

----------------------
TP7748 not allocated
----------------------

----------------------
TP7764 not allocated
----------------------

----------------------
TP7780 not allocated
----------------------

----------------------
TP7796 not allocated
----------------------

----------------------
TP7812 not allocated
----------------------

----------------------
TP7828 not allocated
----------------------

----------------------
TP7844 not allocated
----------------------

----------------------
TP7860 not allocated
----------------------

----------------------
TP7876 not allocated
----------------------

----------------------
TP7892 not allocated
----------------------

----------------------
TP7908 not allocated
----------------------

----------------------
TP7924 not allocated
----------------------

----------------------
TP7940 not allocated
----------------------

----------------------
TP7956 not allocated
----------------------

----------------------
TP7972 not allocated
----------------------

----------------------
TP7988 allocated to 10
----------------------

----------------------
TP8004 not allocated
----------------------

----------------------
TP8020 not allocated
----------------------

----------------------
TP8036 not allocated
----------------------

----------------------
TP8052 not allocated
----------------------

----------------------
TP8068 not allocated
----------------------

----------------------
TP8084 not allocated
----------------------

----------------------
TP8100 not allocated
----------------------

----------------------
TP8116 not allocated
----------------------

----------------------
TP8132 not allocated
----------------------

----------------------
TP8148 not allocated
----------------------

----------------------
TP8164 not allocated
----------------------

----------------------
TP8180 not allocated
----------------------

----------------------
TP8196 not allocated
----------------------

----------------------
TP8212 not allocated
----------------------

----------------------
TP8228 not allocated
----------------------

----------------------
TP8244 not allocated
----------------------

----------------------
TP8260 not allocated
----------------------

----------------------
TP8276 not allocated
----------------------

----------------------
TP8292 not allocated
----------------------

----------------------
TP8308 allocated to 8
----------------------

----------------------
TP8324 not allocated
----------------------

----------------------
TP8340 not allocated
----------------------

----------------------
TP8356 not allocated
----------------------

----------------------
TP8372 not allocated
----------------------

----------------------
TP8388 not allocated
----------------------

----------------------
TP8404 not allocated
----------------------

----------------------
TP8420 not allocated
----------------------

----------------------
TP8436 not allocated
----------------------

----------------------
TP8452 not allocated
----------------------

----------------------
TP8468 not allocated
----------------------

----------------------
TP8484 not allocated
----------------------

----------------------
TP8500 not allocated
----------------------

----------------------
TP8516 not allocated
----------------------

----------------------
TP8532 not allocated
----------------------

----------------------
TP8548 not allocated
----------------------

----------------------
TP8564 not allocated
----------------------

----------------------
TP8580 not allocated
----------------------

----------------------
TP8596 not allocated
----------------------

----------------------
TP8612 not allocated
----------------------

----------------------
TP8628 not allocated
----------------------

----------------------
TP8644 not allocated
----------------------

----------------------
TP8660 not allocated
----------------------

----------------------
TP8676 not allocated
----------------------

----------------------
TP8692 not allocated
----------------------

----------------------
TP8708 not allocated
----------------------

----------------------
TP8724 not allocated
----------------------

----------------------
TP8740 not allocated
----------------------

----------------------
TP8756 not allocated
----------------------

----------------------
TP8772 not allocated
----------------------

----------------------
TP8788 not allocated
----------------------

----------------------
TP8804 not allocated
----------------------

----------------------
TP8820 not allocated
----------------------

----------------------
TP8836 not allocated
----------------------

----------------------
TP8852 not allocated
----------------------

----------------------
TP8868 allocated to 1
----------------------

----------------------
TP8884 not allocated
----------------------

----------------------
TP8900 not allocated
----------------------

----------------------
TP8916 allocated to 8
----------------------

----------------------
TP8932 not allocated
----------------------

----------------------
TP8948 not allocated
----------------------

----------------------
TP8964 not allocated
----------------------

----------------------
TP8980 not allocated
----------------------

----------------------
TP8996 not allocated
----------------------

----------------------
TP9012 not allocated
----------------------

----------------------
TP9028 not allocated
----------------------

----------------------
TP9044 not allocated
----------------------

----------------------
TP9060 not allocated
----------------------

----------------------
TP9076 not allocated
----------------------

----------------------
TP9092 not allocated
----------------------

----------------------
TP9108 not allocated
----------------------

----------------------
TP9124 not allocated
----------------------

----------------------
TP9140 not allocated
----------------------

----------------------
TP9156 not allocated
----------------------

----------------------
TP9172 not allocated
----------------------

----------------------
TP9188 not allocated
----------------------

----------------------
TP9204 not allocated
----------------------

----------------------
TP9220 not allocated
----------------------

----------------------
TP9236 not allocated
----------------------

----------------------
TP9252 not allocated
----------------------

----------------------
TP9268 not allocated
----------------------

----------------------
TP9284 not allocated
----------------------

----------------------
TP9300 not allocated
----------------------

----------------------
TP9316 not allocated
----------------------

----------------------
TP9332 not allocated
----------------------

----------------------
TP9348 not allocated
----------------------

----------------------
TP9364 allocated to 9
----------------------

----------------------
TP9380 not allocated
----------------------

----------------------
TP9396 not allocated
----------------------

----------------------
TP9412 not allocated
----------------------

----------------------
TP9428 not allocated
----------------------

----------------------
TP9444 not allocated
----------------------

----------------------
TP9460 not allocated
----------------------

----------------------
TP9476 not allocated
----------------------

----------------------
TP9492 not allocated
----------------------

----------------------
TP9508 not allocated
----------------------

----------------------
TP9524 not allocated
----------------------

----------------------
TP9540 allocated to 5
----------------------

----------------------
TP9556 not allocated
----------------------

----------------------
TP9572 not allocated
----------------------

----------------------
TP9588 not allocated
----------------------

----------------------
TP9604 not allocated
----------------------

----------------------
TP9620 not allocated
----------------------

----------------------
TP9636 not allocated
----------------------

----------------------
TP9652 allocated to 10
----------------------

----------------------
TP9668 not allocated
----------------------

----------------------
TP9684 not allocated
----------------------

----------------------
TP9700 not allocated
----------------------

----------------------
TP9716 not allocated
----------------------

----------------------
TP9732 not allocated
----------------------

----------------------
TP9748 not allocated
----------------------

----------------------
TP9764 not allocated
----------------------

----------------------
TP9780 not allocated
----------------------

----------------------
TP9796 not allocated
----------------------

----------------------
TP9812 not allocated
----------------------

----------------------
TP9828 not allocated
----------------------

----------------------
TP9844 not allocated
----------------------

----------------------
TP9860 not allocated
----------------------

----------------------
TP9876 not allocated
----------------------

----------------------
TP9892 not allocated
----------------------

----------------------
TP9908 not allocated
----------------------

----------------------
TP9924 not allocated
----------------------

----------------------
TP9940 not allocated
----------------------

----------------------
TP9956 not allocated
----------------------

----------------------
TP9972 not allocated
----------------------

----------------------
TP9988 not allocated
----------------------

-------------------------------------------------------------------------

Ride-sharing vs Individual Mode - Num Vehicles and Distance Comparisson 

-------------------------------------------------------------------------
Individual Mode = 625 vehicles.
Ride-sharing Mode = 511 vehicles. The 10 ride-sharing vehicles + 501 vehicles of the individuals not served by the ride-sharing service.
-------------------------------------------------------------------------
Individual Mode = 901955 distance.
Ride-sharing Mode = 1023149 distance. 351624 from the EV fleet + 671525 from the distance of the trips not covered individuals had to do with their own vehicle.
-------------------------------------------------------------------------
