10000 10000 50000
1
3 3750 1250
15
1 3 0 35632 5
0
2 3 0 35632 5
0
3 3 0 35632 5
0
4 3 0 35632 5
0
5 3 0 35632 5
0
6 3 0 35632 5
0
7 3 0 35632 5
0
8 3 0 35632 5
0
9 3 0 35632 5
0
10 3 0 35632 5
0
11 3 0 35632 5
0
12 3 0 35632 5
0
13 3 0 35632 5
0
14 3 0 35632 5
0
15 3 0 35632 5
0
625
3 3 -1
1, 2115, 1036, 3086, 1444, 1, 690, 1380, 2069
19 3 -1
1, 2512, 1114, 2356, 854, 1, 208, 417, 624
35 3 -1
1, 2768, 1404, 2833, 905, 1, 282, 565, 846
51 3 -1
1, 2975, 1376, 3105, 2100, 1, 427, 855, 1281
67 3 -1
1, 3330, 714, 2621, 1489, 1, 742, 1485, 2226
83 3 -1
78, 2802, 1154, 3656, 1317, 155, 663, 1172, 1680
99 3 -1
477, 3260, 2157, 2744, 788, 953, 1895, 2838, 3780
115 3 -1
817, 3292, 1142, 2880, 1202, 1634, 1869, 2106, 2341
131 3 -1
1203, 2793, 747, 3407, 1505, 2405, 3090, 3777, 4462
147 3 -1
1553, 1913, 916, 3924, 548, 3106, 4295, 5485, 6674
163 3 -1
1767, 3336, 2088, 2075, 740, 3533, 4837, 6142, 7446
179 3 -1
2064, 1671, 1688, 2932, 557, 4128, 5323, 6520, 7715
195 3 -1
2241, 2588, 1455, 3092, 1263, 4481, 4828, 5177, 5524
211 3 -1
2446, 1978, 496, 2377, 470, 4892, 5104, 5317, 5529
227 3 -1
2610, 2962, 426, 2360, 891, 5219, 5752, 6286, 6819
243 3 -1
2827, 3006, 1253, 2779, 1427, 5654, 5854, 6055, 6255
259 3 -1
3017, 2308, 11, 3070, 1427, 6033, 7121, 8211, 9299
275 3 -1
3251, 2546, 1546, 3612, 1552, 6501, 7036, 7573, 8108
291 3 -1
3407, 2384, 196, 3080, 598, 6813, 7361, 7911, 8459
307 3 -1
3551, 2738, 1629, 3243, 432, 7101, 7951, 8803, 9653
323 3 -1
3644, 2681, 1781, 3088, 911, 7287, 7925, 8564, 9202
339 3 -1
3879, 2782, 535, 2430, 740, 7758, 8036, 8315, 8593
355 3 -1
4036, 3128, 1043, 2447, 988, 8071, 8438, 8807, 9174
371 3 -1
4158, 2929, 292, 3130, 1425, 8315, 8981, 9649, 10315
387 3 -1
4326, 3477, 1233, 2747, 713, 8652, 9276, 9902, 10526
403 3 -1
4497, 2375, 1510, 2087, 1648, 8993, 9205, 9419, 9631
419 3 -1
4662, 2444, 1174, 2958, 332, 9323, 10000, 10679, 11356
435 3 -1
4773, 1524, 1578, 1994, 995, 9546, 10072, 10599, 11125
451 3 -1
4874, 2960, 738, 3104, 992, 9748, 9946, 10146, 10344
467 3 -1
4964, 2641, 440, 2703, 1634, 9927, 10554, 11183, 11810
483 3 -1
5159, 3007, 786, 2504, 708, 10317, 10607, 10898, 11188
499 3 -1
5258, 2694, 1289, 3302, 462, 10515, 11232, 11950, 12667
515 3 -1
5354, 2170, 1147, 2053, 473, 10707, 11102, 11498, 11893
531 3 -1
5475, 3652, 1724, 2951, 292, 10950, 12016, 13083, 14149
547 3 -1
5553, 3129, 918, 2138, 996, 11106, 11640, 12175, 12709
563 3 -1
5695, 2426, 696, 3400, 1686, 11389, 12370, 13353, 14334
579 3 -1
5831, 2810, 877, 3086, 321, 11662, 12077, 12494, 12909
595 3 -1
5926, 2581, 868, 3366, 1241, 11851, 12429, 13009, 13587
611 3 -1
6047, 2822, 432, 2494, 585, 12093, 12333, 12574, 12814
627 3 -1
6149, 3070, 1271, 3230, 1217, 12298, 12404, 12512, 12618
643 3 -1
6245, 2408, 992, 2852, 1370, 12489, 12899, 13311, 13721
659 3 -1
6298, 2235, 269, 2686, 1111, 12595, 13241, 13888, 14534
675 3 -1
6394, 2807, 1069, 3476, 1042, 12788, 13135, 13484, 13831
691 3 -1
6473, 3021, 572, 2541, 685, 12945, 13241, 13538, 13834
707 3 -1
6568, 3591, 923, 9999, 46, 13135, 16777, 20420, 24062
723 3 -1
6653, 3132, 1353, 2477, 935, 13305, 13841, 14378, 14914
739 3 -1
6731, 2628, 952, 9999, 9615, 13462, 21478, 29496, 37512
755 3 -1
6812, 2578, 666, 2060, 576, 13624, 13927, 14232, 14535
771 3 -1
6859, 2379, 844, 3868, 713, 13717, 14526, 15337, 16146
787 3 -1
6931, 2786, 1692, 1696, 1022, 13862, 14741, 15622, 16501
803 3 -1
7001, 3557, 709, 3235, 826, 14002, 14221, 14441, 14660
819 3 -1
7089, 2244, 1045, 3223, 1787, 14177, 15037, 15898, 16758
835 3 -1
7164, 1956, 610, 2050, 1082, 14328, 14610, 14894, 15176
851 3 -1
7244, 3236, 403, 2995, 591, 14487, 14701, 14916, 15130
867 3 -1
7359, 2532, 840, 2132, 1247, 14717, 15120, 15524, 15927
883 3 -1
7417, 2186, 917, 3154, 961, 14834, 15339, 15846, 16351
899 3 -1
7465, 2700, 793, 3161, 1339, 14929, 15432, 15936, 16439
915 3 -1
7500, 3033, 1250, 9999, 7313, 14999, 21513, 28028, 34542
931 3 -1
7576, 2123, 1661, 2831, 1195, 15151, 15737, 16325, 16911
947 3 -1
7661, 2304, 1041, 1607, 1461, 15322, 15880, 16439, 16997
963 3 -1
7711, 3081, 1536, 2466, 982, 15421, 16005, 16590, 17174
979 3 -1
7777, 3192, 494, 2440, 1627, 15553, 16495, 17438, 18380
995 3 -1
7839, 2396, 1180, 421, 123, 15677, 17192, 18709, 20224
1011 3 -1
7874, 2700, 782, 2835, 1870, 15748, 16359, 16971, 17582
1027 3 -1
7904, 2966, 1004, 2976, 719, 15807, 15954, 16102, 16249
1043 3 -1
7961, 3072, 1390, 3561, 165, 15921, 16777, 17635, 18491
1059 3 -1
8003, 2509, 1317, 2537, 1747, 16005, 16233, 16463, 16691
1075 3 -1
8046, 3054, 349, 3025, 1860, 16091, 16860, 17631, 18400
1091 3 -1
8115, 2836, 655, 2721, 982, 16230, 16450, 16672, 16892
1107 3 -1
8169, 3284, 950, 2853, 1481, 16338, 16818, 17300, 17780
1123 3 -1
8221, 2635, 563, 3007, 1126, 16442, 16909, 17377, 17844
1139 3 -1
8279, 3129, 1341, 2287, 1658, 16557, 17136, 17716, 18295
1155 3 -1
8314, 3260, 1194, 2744, 1533, 16628, 17055, 17483, 17910
1171 3 -1
8351, 1819, 748, 3503, 856, 16701, 17596, 18493, 19388
1187 3 -1
8374, 2693, 553, 2120, 568, 16747, 17040, 17335, 17628
1203 3 -1
8416, 2596, 489, 2650, 1287, 16832, 17257, 17684, 18109
1219 3 -1
8463, 2782, 68, 936, 7492, 16925, 21559, 26195, 30829
1235 3 -1
8515, 3112, 713, 3384, 243, 17029, 17399, 17771, 18141
1251 3 -1
8546, 3509, 578, 3280, 487, 17092, 17251, 17412, 17571
1267 3 -1
8594, 3176, 725, 3040, 1287, 17188, 17536, 17886, 18234
1283 3 -1
8674, 3132, 924, 2511, 456, 17347, 17891, 18436, 18980
1299 3 -1
8716, 2888, 1117, 2379, 1032, 17431, 17727, 18025, 18321
1315 3 -1
8759, 2396, 1368, 3116, 900, 17518, 18111, 18706, 19299
1331 3 -1
8816, 2650, 797, 2825, 1231, 17632, 17936, 18241, 18545
1347 3 -1
8865, 3473, 583, 3341, 1042, 17730, 18025, 18321, 18616
1363 3 -1
8906, 1871, 576, 2598, 1029, 17811, 18400, 18991, 19580
1379 3 -1
8942, 2579, 143, 2565, 1341, 17883, 18488, 19095, 19700
1395 3 -1
8978, 2995, 1020, 3387, 655, 17955, 18333, 18712, 19090
1411 3 -1
9008, 2282, 975, 1671, 1032, 18015, 18348, 18683, 19016
1427 3 -1
9072, 2761, 175, 3384, 1763, 18144, 19249, 20355, 21460
1443 3 -1
9102, 3028, 586, 2674, 951, 18203, 18562, 18922, 19281
1459 3 -1
9129, 2811, 1515, 2595, 965, 18257, 18639, 19023, 19405
1475 3 -1
9179, 2863, 1618, 3778, 741, 18358, 19253, 20150, 21045
1491 3 -1
9213, 3355, 1001, 3730, 1222, 18425, 18722, 19021, 19318
1507 3 -1
9268, 3022, 1178, 2293, 1916, 18535, 19268, 20002, 20735
1523 3 -1
9314, 2153, 890, 3067, 1087, 18628, 19183, 19739, 20294
1539 3 -1
9359, 2264, 935, 2609, 724, 18718, 18995, 19274, 19551
1555 3 -1
9406, 3478, 1168, 1997, 1021, 18811, 19624, 20439, 21252
1571 3 -1
9441, 2955, 482, 2636, 1357, 18881, 19477, 20075, 20671
1587 3 -1
9487, 2444, 953, 2647, 653, 18974, 19225, 19477, 19728
1603 3 -1
9532, 2445, 1310, 2845, 1246, 19063, 19294, 19527, 19758
1619 3 -1
9577, 3220, 1403, 917, 7900, 19153, 23552, 27953, 32352
1635 3 -1
9627, 2083, 1050, 2354, 774, 19253, 19526, 19800, 20073
1651 3 -1
9681, 3362, 482, 2496, 367, 19361, 19851, 20342, 20832
1667 3 -1
9742, 2925, 1351, 2753, 1118, 19484, 19686, 19889, 20091
1683 3 -1
9780, 3088, 891, 2675, 1505, 19560, 20073, 20587, 21100
1699 3 -1
9811, 3131, 1674, 89, 475, 19622, 21742, 23863, 25983
1715 3 -1
9864, 3069, 1106, 1934, 10, 19728, 20843, 21959, 23074
1731 3 -1
9900, 2744, 1052, 3238, 515, 19800, 20315, 20831, 21346
1747 3 -1
9934, 2466, 869, 2741, 1327, 19867, 20233, 20600, 20966
1763 3 -1
9989, 2434, 320, 2507, 1376, 19978, 20542, 21107, 21671
1779 3 -1
10032, 3548, 932, 2655, 1430, 20064, 20759, 21455, 22150
1795 3 -1
10074, 2197, 584, 2254, 1443, 20148, 20605, 21064, 21521
1811 3 -1
10124, 2299, 1145, 2533, 794, 20248, 20540, 20833, 21125
1827 3 -1
10150, 3135, 890, 3261, 977, 20299, 20405, 20512, 20618
1843 3 -1
10185, 2963, 1903, 3218, 640, 20370, 21128, 21888, 22646
1859 3 -1
10226, 2165, 1818, 2462, 934, 20451, 21041, 21632, 22222
1875 3 -1
10264, 2234, 1178, 3247, 930, 20528, 21158, 21789, 22419
1891 3 -1
10308, 2580, 791, 2562, 650, 20615, 20694, 20774, 20853
1907 3 -1
10345, 3108, 415, 3814, 236, 20690, 21132, 21575, 22017
1923 3 -1
10391, 1907, 1323, 3272, 1905, 20781, 21754, 22728, 23701
1939 3 -1
10428, 2874, 928, 2073, 986, 20856, 21285, 21715, 22144
1955 3 -1
10458, 2226, 1049, 2134, 1063, 20915, 20967, 21021, 21073
1971 3 -1
10496, 2779, 563, 272, 705, 20992, 22316, 23641, 24965
1987 3 -1
10535, 3004, 584, 2096, 1001, 21069, 21731, 22394, 23056
2003 3 -1
10563, 2619, 1488, 2131, 2048, 21126, 21649, 22174, 22697
2019 3 -1
10588, 2882, 946, 2255, 1197, 21176, 21614, 22054, 22492
2035 3 -1
10620, 2753, 574, 2657, 314, 21239, 21416, 21595, 21772
2051 3 -1
10640, 3060, 1421, 2819, 974, 21280, 21623, 21968, 22311
2067 3 -1
10671, 2660, 639, 3014, 1138, 21341, 21767, 22194, 22620
2083 3 -1
10687, 3434, 721, 2430, 1205, 21374, 22117, 22862, 23605
2099 3 -1
10725, 3227, 1040, 2539, 1083, 21450, 21815, 22181, 22546
2115 3 -1
10755, 2494, 535, 2668, 1263, 21509, 21959, 22411, 22861
2131 3 -1
10786, 2421, 410, 2552, 911, 21572, 21887, 22204, 22519
2147 3 -1
10822, 2928, 731, 3136, 1409, 21644, 22086, 22530, 22972
2163 3 -1
10857, 3491, 790, 2248, 1710, 21714, 22795, 23877, 24958
2179 3 -1
10903, 2658, 1421, 3485, 475, 21806, 22692, 23579, 24465
2195 3 -1
10940, 2205, 1635, 2761, 1547, 21880, 22201, 22524, 22845
2211 3 -1
10977, 2519, 1153, 3196, 1075, 21954, 22331, 22709, 23086
2227 3 -1
11011, 2861, 1137, 2727, 1237, 22021, 22137, 22255, 22371
2243 3 -1
11042, 2719, 1417, 2369, 1522, 22083, 22310, 22538, 22765
2259 3 -1
11083, 2757, 570, 2664, 1818, 22165, 22835, 23506, 24176
2275 3 -1
11116, 2221, 1217, 3175, 297, 22232, 23168, 24106, 25042
2291 3 -1
11142, 3505, 1561, 2800, 951, 22283, 22940, 23598, 24255
2307 3 -1
11167, 2660, 1092, 2604, 259, 22334, 22778, 23223, 23667
2323 3 -1
11202, 3318, 524, 2810, 952, 22404, 22871, 23340, 23807
2339 3 -1
11236, 2840, 2262, 2481, 1678, 22472, 22943, 23415, 23886
2355 3 -1
11265, 2450, 862, 3336, 1288, 22530, 23185, 23842, 24497
2371 3 -1
11302, 3149, 965, 2391, 464, 22603, 23232, 23862, 24491
2387 3 -1
11341, 3475, 383, 2884, 837, 22682, 23204, 23727, 24249
2403 3 -1
11369, 2691, 1056, 2924, 968, 22738, 22898, 23059, 23219
2419 3 -1
11396, 3851, 466, 2932, 1009, 22791, 23521, 24253, 24983
2435 3 -1
11434, 2464, 978, 3073, 1302, 22867, 23333, 23800, 24266
2451 3 -1
11462, 3334, 1348, 2475, 1263, 22923, 23394, 23867, 24338
2467 3 -1
11497, 3022, 1908, 3023, 697, 22993, 23598, 24205, 24810
2483 3 -1
11532, 2052, 1276, 2924, 2370, 23063, 24045, 25029, 26011
2499 3 -1
11559, 2631, 443, 3237, 1587, 23117, 23991, 24867, 25741
2515 3 -1
11596, 2274, 725, 2689, 607, 23191, 23457, 23724, 23990
2531 3 -1
11622, 2919, 663, 2778, 424, 23243, 23432, 23623, 23812
2547 3 -1
11642, 3310, 1336, 2341, 1124, 23283, 23873, 24464, 25054
2563 3 -1
11674, 3238, 1410, 9999, 449, 23347, 27207, 31069, 34929
2579 3 -1
11711, 3135, 1329, 2249, 968, 23421, 24044, 24668, 25291
2595 3 -1
11742, 2108, 1464, 2888, 552, 23483, 24328, 25175, 26020
2611 3 -1
11774, 2239, 1145, 2681, 371, 23547, 24154, 24763, 25370
2627 3 -1
11814, 2476, 985, 3481, 479, 23628, 24383, 25139, 25894
2643 3 -1
11833, 1856, 890, 1751, 1128, 23665, 23836, 24008, 24179
2659 3 -1
11876, 3752, 964, 2893, 444, 23752, 24441, 25131, 25820
2675 3 -1
11904, 2861, 1314, 2549, 1574, 23807, 24092, 24379, 24664
2691 3 -1
11939, 2322, 1570, 1776, 1866, 23878, 24298, 24720, 25140
2707 3 -1
11966, 2378, 540, 2909, 978, 23932, 24416, 24901, 25385
2723 3 -1
11988, 2191, 1435, 2877, 1724, 23975, 24462, 24950, 25437
2739 3 -1
12031, 3667, 395, 2869, 441, 24062, 24483, 24906, 25327
2755 3 -1
12065, 2558, 895, 2497, 162, 24129, 24525, 24923, 25319
2771 3 -1
12087, 2838, 1131, 3590, 1090, 24173, 24569, 24966, 25362
2787 3 -1
12126, 3513, 401, 2334, 1344, 24252, 25312, 26374, 27434
2803 3 -1
12149, 2879, 125, 2255, 1378, 24297, 25235, 26174, 27112
2819 3 -1
12182, 2516, 693, 2966, 895, 24364, 24689, 25016, 25341
2835 3 -1
12208, 3456, 323, 3554, 738, 24415, 24671, 24928, 25184
2851 3 -1
12236, 2680, 610, 2283, 2165, 24472, 25447, 26424, 27399
2867 3 -1
12261, 3486, 1493, 3593, 1800, 24522, 24728, 24936, 25142
2883 3 -1
12287, 2249, 1330, 3371, 1021, 24574, 25289, 26005, 26720
2899 3 -1
12319, 2896, 1631, 3812, 1279, 24638, 25271, 25906, 26539
2915 3 -1
12344, 3194, 1275, 2966, 460, 24687, 25208, 25730, 26251
2931 3 -1
12372, 3148, 1051, 2967, 1164, 24743, 24889, 25037, 25183
2947 3 -1
12395, 2137, 398, 2580, 1151, 24790, 25387, 25986, 26583
2963 3 -1
12416, 2839, 2035, 2969, 158, 24832, 25835, 26839, 27842
2979 3 -1
12433, 2957, 949, 4205, 905, 24866, 25511, 26158, 26803
2995 3 -1
12477, 3140, 499, 2679, 1837, 24954, 25853, 26753, 27652
3011 3 -1
12502, 2606, 1041, 2191, 586, 25003, 25437, 25873, 26307
3027 3 -1
12525, 2252, 1160, 2892, 1341, 25049, 25459, 25870, 26280
3043 3 -1
12549, 3491, 561, 3362, 1156, 25098, 25459, 25822, 26183
3059 3 -1
12575, 2335, 808, 3410, 1508, 25149, 26036, 26924, 27811
3075 3 -1
12597, 2297, 936, 2730, 2265, 25194, 26074, 26956, 27836
3091 3 -1
12621, 1480, 850, 2777, 975, 25242, 25952, 26664, 27374
3107 3 -1
12663, 2143, 1337, 2292, 734, 25325, 25700, 26077, 26452
3123 3 -1
12687, 3499, 1320, 2851, 1634, 25374, 25854, 26336, 26816
3139 3 -1
12719, 2134, 928, 2740, 962, 25437, 25756, 26077, 26396
3155 3 -1
12743, 3587, 796, 2577, 1295, 25486, 26240, 26995, 27749
3171 3 -1
12766, 2780, 754, 3065, 1544, 25531, 26068, 26606, 27143
3187 3 -1
12787, 3160, 1143, 2972, 475, 25573, 26000, 26429, 26856
3203 3 -1
12816, 2815, 569, 2301, 737, 25631, 25971, 26313, 26653
3219 3 -1
12828, 2642, 1835, 2010, 789, 25656, 26494, 27334, 28172
3235 3 -1
12855, 2901, 1127, 2378, 1361, 25709, 26087, 26466, 26844
3251 3 -1
12878, 2694, 26, 3611, 671, 25756, 26536, 27318, 28098
3267 3 -1
12899, 3570, 640, 2512, 805, 25797, 26408, 27020, 27631
3283 3 -1
12920, 2759, 1526, 3021, 1857, 25840, 26136, 26433, 26729
3299 3 -1
12944, 2802, 1304, 3140, 1567, 25887, 26187, 26488, 26788
3315 3 -1
12964, 2164, 1154, 191, 467, 25927, 27256, 28587, 29916
3331 3 -1
13002, 3026, 302, 2432, 1404, 26004, 26851, 27700, 28547
3347 3 -1
13020, 2724, 1060, 2531, 472, 26040, 26430, 26821, 27211
3363 3 -1
13049, 3395, 739, 3128, 1095, 26098, 26409, 26721, 27032
3379 3 -1
13069, 2188, 326, 2298, 1835, 26138, 26947, 27757, 28566
3395 3 -1
13096, 3328, 428, 9999, 1370, 26191, 29997, 33804, 37610
3411 3 -1
13121, 2578, 952, 2780, 1513, 26242, 26623, 27005, 27386
3427 3 -1
13148, 3454, 227, 3328, 988, 26295, 26738, 27182, 27625
3443 3 -1
13171, 2523, 833, 3366, 833, 26342, 26763, 27185, 27606
3459 3 -1
13189, 2455, 840, 1973, 845, 26378, 26621, 26865, 27108
3475 3 -1
13217, 4321, 1732, 2321, 1199, 26434, 27700, 28967, 30233
3491 3 -1
13256, 3392, 978, 2745, 250, 26511, 27198, 27886, 28573
3507 3 -1
13300, 2410, 1011, 2653, 1750, 26599, 27089, 27581, 28071
3523 3 -1
13330, 3115, 1475, 2791, 1753, 26660, 26960, 27262, 27562
3539 3 -1
13357, 2400, 1685, 2703, 1032, 26714, 27191, 27670, 28147
3555 3 -1
13380, 2958, 578, 1851, 1443, 26759, 27744, 28731, 29716
3571 3 -1
13402, 2590, 1731, 3443, 691, 26804, 27750, 28697, 29643
3587 3 -1
13428, 2374, 107, 2034, 788, 26856, 27366, 27877, 28387
3603 3 -1
13451, 2970, 1228, 3250, 1333, 26901, 27093, 27286, 27478
3619 3 -1
13484, 2207, 1058, 2453, 842, 26967, 27197, 27429, 27659
3635 3 -1
13500, 3990, 1331, 2075, 598, 27000, 28323, 29648, 30971
3651 3 -1
13523, 2516, 1060, 3795, 656, 27045, 27886, 28728, 29569
3667 3 -1
13545, 2357, 1049, 1978, 712, 27089, 27446, 27805, 28162
3683 3 -1
13578, 2549, 754, 2858, 1990, 27156, 27928, 28701, 29473
3699 3 -1
13608, 3193, 923, 3362, 1170, 27215, 27422, 27631, 27838
3715 3 -1
13627, 1325, 838, 3729, 1331, 27254, 28702, 30151, 31599
3731 3 -1
13658, 2934, 1631, 3201, 1466, 27316, 27531, 27748, 27963
3747 3 -1
13681, 3130, 991, 2599, 1374, 27361, 27817, 28275, 28731
3763 3 -1
13707, 3028, 244, 2988, 1297, 27414, 27960, 28507, 29053
3779 3 -1
13735, 2928, 2346, 3297, 2402, 27469, 27681, 27894, 28106
3795 3 -1
13768, 2897, 941, 2708, 154, 27536, 28023, 28512, 28999
3811 3 -1
13802, 2526, 1118, 3786, 1780, 27603, 28563, 29525, 30485
3827 3 -1
13830, 2743, 1793, 3207, 696, 27659, 28439, 29220, 30000
3843 3 -1
13862, 3086, 641, 3053, 358, 27724, 27881, 28040, 28197
3859 3 -1
13882, 3422, 506, 3537, 7, 27764, 28070, 28378, 28684
3875 3 -1
13919, 3761, 784, 2530, 785, 27837, 28452, 29069, 29684
3891 3 -1
13935, 2832, 967, 2567, 1127, 27869, 28081, 28294, 28506
3907 3 -1
13958, 2535, 319, 9999, 18, 27915, 31797, 35680, 39562
3923 3 -1
13993, 3543, 1390, 3095, 1635, 27986, 28332, 28679, 29025
3939 3 -1
14020, 2696, 1392, 2455, 2146, 28040, 28537, 29035, 29532
3955 3 -1
14058, 3049, 883, 3602, 316, 28116, 28675, 29236, 29795
3971 3 -1
14092, 2320, 776, 2722, 332, 28183, 28605, 29029, 29451
3987 3 -1
14124, 1870, 1488, 2467, 701, 28248, 28939, 29632, 30323
4003 3 -1
14154, 2512, 595, 3051, 688, 28307, 28622, 28939, 29254
4019 3 -1
14179, 3017, 1096, 1965, 1170, 28358, 28920, 29484, 30046
4035 3 -1
14205, 2934, 696, 3117, 863, 28409, 28583, 28759, 28933
4051 3 -1
14229, 2675, 945, 3321, 1207, 28457, 28910, 29365, 29818
4067 3 -1
14254, 2605, 675, 2121, 1667, 28507, 29244, 29983, 30720
4083 3 -1
14276, 2185, 1007, 3060, 1097, 28551, 29033, 29516, 29998
4099 3 -1
14297, 2949, 1544, 2052, 1024, 28593, 29301, 30010, 30718
4115 3 -1
14314, 2927, 1999, 3204, 1327, 28628, 29102, 29577, 30051
4131 3 -1
14337, 3311, 655, 3366, 947, 28674, 28847, 29021, 29194
4147 3 -1
14355, 3461, 908, 2750, 1596, 28710, 29409, 30109, 30808
4163 3 -1
14369, 2428, 911, 2728, 800, 28737, 28942, 29148, 29353
4179 3 -1
14396, 3082, 857, 2837, 1453, 28791, 29211, 29632, 30052
4195 3 -1
14414, 3275, 714, 3286, 989, 28827, 28969, 29113, 29255
4211 3 -1
14439, 2126, 1459, 2057, 1374, 28877, 28953, 29031, 29107
4227 3 -1
14455, 2910, 1175, 3908, 989, 28910, 29501, 30094, 30685
4243 3 -1
14475, 1313, 669, 2968, 697, 28950, 29791, 30633, 31474
4259 3 -1
14501, 2216, 632, 1750, 687, 29001, 29261, 29522, 29782
4275 3 -1
14519, 2737, 739, 2956, 1275, 29037, 29414, 29792, 30169
4291 3 -1
14536, 3113, 1891, 2723, 409, 29072, 30007, 30944, 31879
4307 3 -1
14567, 3550, 69, 2214, 1161, 29133, 30346, 31561, 32774
4323 3 -1
14593, 2555, 1328, 3855, 972, 29185, 30012, 30841, 31668
4339 3 -1
14618, 2814, 35, 3211, 188, 29235, 29509, 29785, 30059
4355 3 -1
14644, 3184, 1037, 3195, 1361, 29288, 29455, 29623, 29790
4371 3 -1
14664, 2875, 1381, 3501, 1474, 29328, 29687, 30047, 30406
4387 3 -1
14678, 3280, 1272, 2611, 1041, 29355, 29804, 30255, 30704
4403 3 -1
14703, 2793, 1021, 3743, 1245, 29406, 29992, 30580, 31166
4419 3 -1
14726, 2779, 636, 2876, 1214, 29451, 29788, 30126, 30463
4435 3 -1
14753, 2879, 796, 2526, 1089, 29505, 29827, 30151, 30473
4451 3 -1
14781, 3719, 920, 2698, 1465, 29562, 30344, 31128, 31910
4467 3 -1
14801, 2768, 573, 2747, 372, 29601, 29711, 29823, 29933
4483 3 -1
14826, 3849, 1152, 3156, 993, 29651, 30076, 30503, 30928
4499 3 -1
14854, 3160, 689, 2411, 143, 29708, 30355, 31003, 31650
4515 3 -1
14891, 3053, 231, 2750, 317, 29781, 29975, 30170, 30364
4531 3 -1
14914, 2688, 1276, 2510, 1816, 29827, 30185, 30545, 30903
4547 3 -1
14938, 3036, 877, 3077, 1374, 29875, 30143, 30413, 30681
4563 3 -1
14964, 2671, 1443, 2685, 1916, 29928, 30171, 30415, 30658
4579 3 -1
14985, 3703, 219, 2969, 168, 29969, 30361, 30754, 31146
4595 3 -1
15003, 2719, 784, 2603, 1146, 30006, 30244, 30484, 30722
4611 3 -1
15025, 2280, 912, 2555, 1163, 30049, 30311, 30575, 30837
4627 3 -1
15046, 3028, 874, 2514, 533, 30092, 30519, 30947, 31374
4643 3 -1
15071, 3102, 1472, 2370, 492, 30142, 30997, 31854, 32709
4659 3 -1
15091, 3188, 1573, 2899, 1050, 30182, 30587, 30994, 31399
4675 3 -1
15114, 2355, 810, 2706, 424, 30228, 30596, 30965, 31333
4691 3 -1
15133, 2468, 1363, 2932, 1305, 30266, 30526, 30788, 31048
4707 3 -1
15160, 1645, 1315, 3279, 1109, 30320, 31239, 32160, 33079
4723 3 -1
15185, 3238, 955, 2726, 781, 30370, 30712, 31056, 31398
4739 3 -1
15204, 2837, 1245, 3055, 959, 30407, 30658, 30911, 31162
4755 3 -1
15223, 2596, 980, 2412, 1517, 30445, 30805, 31166, 31526
4771 3 -1
15250, 2854, 1841, 2467, 767, 30499, 31229, 31960, 32690
4787 3 -1
15270, 2672, 1170, 2017, 1306, 30539, 30934, 31330, 31725
4803 3 -1
15285, 1877, 759, 2569, 216, 30569, 31186, 31804, 32421
4819 3 -1
15302, 2587, 1418, 2252, 515, 30604, 31222, 31842, 32460
4835 3 -1
15323, 2628, 898, 3337, 1344, 30645, 31222, 31800, 32377
4851 3 -1
15350, 3120, 1301, 2653, 792, 30700, 31187, 31676, 32163
4867 3 -1
15369, 3340, 1278, 2551, 401, 30738, 31570, 32404, 33236
4883 3 -1
15392, 2641, 1525, 2646, 926, 30783, 31084, 31387, 31688
4899 3 -1
15409, 2331, 679, 2473, 1508, 30818, 31303, 31789, 32274
4915 3 -1
15427, 2322, 1860, 2474, 685, 30853, 31516, 32180, 32843
4931 3 -1
15446, 2946, 914, 3201, 2620, 30892, 31872, 32853, 33833
4947 3 -1
15481, 3116, 411, 3817, 1611, 30961, 31911, 32862, 33812
4963 3 -1
15508, 3036, 650, 3103, 741, 31015, 31093, 31173, 31251
4979 3 -1
15535, 3615, 378, 2888, 739, 31069, 31612, 32157, 32700
4995 3 -1
15557, 3301, 1210, 9999, 359, 31114, 34888, 38663, 42437
5011 3 -1
15579, 3259, 1341, 3109, 119, 31157, 31842, 32529, 33214
5027 3 -1
15597, 3381, 1957, 2610, 734, 31193, 32189, 33187, 34183
5043 3 -1
15616, 2893, 1394, 2171, 539, 31232, 32020, 32809, 33597
5059 3 -1
15651, 2127, 772, 2639, 2054, 31302, 32198, 33096, 33992
5075 3 -1
15679, 2995, 1336, 2881, 866, 31357, 31648, 31941, 32232
5091 3 -1
15693, 1978, 1012, 3280, 2360, 31385, 32709, 34035, 35359
5107 3 -1
15710, 2989, 1263, 2098, 995, 31420, 31999, 32579, 33158
5123 3 -1
15738, 3119, 1285, 2639, 1143, 31476, 31786, 32098, 32408
5139 3 -1
15758, 2342, 1450, 2209, 867, 31515, 31872, 32231, 32588
5155 3 -1
15776, 3183, 1041, 2886, 1313, 31552, 31836, 32121, 32405
5171 3 -1
15794, 3215, 1506, 4207, 954, 31588, 32359, 33132, 33903
5187 3 -1
15812, 3305, 1262, 2822, 2171, 31623, 32318, 33015, 33710
5203 3 -1
15848, 2655, 1464, 3146, 1116, 31696, 32115, 32535, 32954
5219 3 -1
15863, 2395, 29, 2339, 1822, 31726, 32650, 33575, 34499
5235 3 -1
15893, 2710, 458, 2680, 2288, 31785, 32714, 33645, 34574
5251 3 -1
15920, 2618, 341, 2773, 1510, 31839, 32500, 33163, 33824
5267 3 -1
15938, 2564, 842, 2696, 269, 31876, 32228, 32581, 32933
5283 3 -1
15961, 2612, 245, 3359, 157, 31922, 32339, 32757, 33174
5299 3 -1
15981, 2822, 1107, 2701, 1058, 31962, 32046, 32132, 32216
5315 3 -1
16003, 3119, 1316, 3088, 2033, 32006, 32379, 32754, 33127
5331 3 -1
16030, 2997, 710, 9999, 7518, 32059, 38963, 45869, 52773
5347 3 -1
16052, 2985, 451, 2878, 1137, 32103, 32499, 32896, 33292
5363 3 -1
16074, 2928, 644, 3038, 381, 32147, 32333, 32520, 32706
5379 3 -1
16096, 2329, 1874, 3140, 633, 32192, 33217, 34244, 35269
5395 3 -1
16117, 2719, 631, 2488, 1869, 32233, 32967, 33702, 34436
5411 3 -1
16140, 3206, 1268, 3400, 1071, 32279, 32474, 32670, 32865
5427 3 -1
16164, 2667, 1493, 1577, 975, 32327, 33130, 33935, 34738
5443 3 -1
16186, 2770, 117, 9999, 7970, 32372, 39912, 47454, 54994
5459 3 -1
16219, 2280, 1385, 3250, 1185, 32438, 33022, 33608, 34192
5475 3 -1
16239, 2849, 1660, 3540, 721, 32478, 33292, 34108, 34922
5491 3 -1
16258, 2705, 1037, 2766, 943, 32515, 32592, 32670, 32747
5507 3 -1
16288, 1949, 2225, 2302, 1116, 32576, 33306, 34038, 34768
5523 3 -1
16305, 3072, 1020, 2412, 1391, 32610, 33125, 33641, 34156
5539 3 -1
16326, 3379, 926, 2175, 717, 32651, 33357, 34064, 34770
5555 3 -1
16348, 3896, 986, 2590, 785, 32696, 33449, 34203, 34956
5571 3 -1
16371, 1768, 799, 1991, 908, 32741, 32906, 33073, 33238
5587 3 -1
16387, 3265, 925, 3542, 1243, 32773, 33070, 33368, 33665
5603 3 -1
16401, 2042, 891, 3206, 1062, 32802, 33469, 34137, 34804
5619 3 -1
16414, 2519, 889, 2776, 2060, 32828, 33541, 34256, 34969
5635 3 -1
16431, 2634, 1074, 2932, 1609, 32861, 33277, 33694, 34110
5651 3 -1
16461, 2641, 229, 1943, 1233, 32922, 33772, 34624, 35474
5667 3 -1
16491, 2099, 768, 3739, 1379, 32982, 34107, 35233, 36358
5683 3 -1
16515, 3712, 1546, 2448, 1753, 33029, 33764, 34500, 35235
5699 3 -1
16542, 2836, 1925, 3012, 735, 33084, 33766, 34450, 35132
5715 3 -1
16562, 2344, 749, 2844, 29, 33124, 33733, 34344, 34953
5731 3 -1
16572, 2551, 1415, 2726, 1103, 33144, 33387, 33631, 33874
5747 3 -1
16597, 2135, 1049, 2555, 280, 33194, 33788, 34383, 34977
5763 3 -1
16617, 2380, 1692, 2773, 657, 33234, 33947, 34662, 35375
5779 3 -1
16634, 2951, 1246, 3167, 927, 33268, 33535, 33803, 34070
5795 3 -1
16655, 2175, 603, 2975, 633, 33309, 33723, 34139, 34553
5811 3 -1
16674, 2607, 1322, 3441, 806, 33348, 34022, 34698, 35372
5827 3 -1
16687, 2799, 452, 3840, 323, 33374, 33958, 34544, 35128
5843 3 -1
16715, 2405, 1376, 2267, 195, 33429, 34088, 34748, 35407
5859 3 -1
16738, 2232, 1093, 1679, 223, 33476, 34187, 34899, 35610
5875 3 -1
16754, 2152, 516, 3208, 1088, 33507, 34320, 35135, 35948
5891 3 -1
16775, 2988, 2077, 2279, 544, 33549, 34669, 35791, 36911
5907 3 -1
16801, 2718, 1121, 2984, 562, 33601, 34013, 34426, 34838
5923 3 -1
16813, 2874, 417, 2192, 1709, 33625, 34611, 35599, 36585
5939 3 -1
16831, 2292, 1124, 2693, 1473, 33662, 34036, 34412, 34786
5955 3 -1
16853, 2273, 1025, 2350, 584, 33706, 33964, 34224, 34482
5971 3 -1
16883, 3106, 740, 3425, 1747, 33765, 34427, 35091, 35753
5987 3 -1
16901, 3833, 349, 2515, 1452, 33801, 35011, 36222, 37432
6003 3 -1
16928, 2617, 1506, 2028, 1013, 33855, 34395, 34937, 35477
6019 3 -1
16952, 2520, 791, 2849, 849, 33904, 34097, 34291, 34484
6035 3 -1
16974, 2108, 1384, 3593, 1231, 33948, 34766, 35586, 36404
6051 3 -1
16994, 3000, 1192, 2112, 387, 33987, 34833, 35680, 36526
6067 3 -1
17008, 2752, 1580, 2612, 953, 34015, 34398, 34782, 35165
6083 3 -1
17024, 3370, 1619, 3204, 967, 34047, 34455, 34865, 35273
6099 3 -1
17044, 2765, 1096, 2299, 1286, 34087, 34414, 34743, 35070
6115 3 -1
17069, 1838, 395, 3721, 1193, 34138, 35478, 36819, 38159
6131 3 -1
17095, 1664, 927, 2167, 902, 34190, 34453, 34718, 34981
6147 3 -1
17113, 3048, 433, 3213, 767, 34225, 34474, 34724, 34973
6163 3 -1
17135, 3701, 1175, 2823, 1808, 34269, 35024, 35780, 36535
6179 3 -1
17153, 1880, 899, 2819, 1149, 34305, 34899, 35494, 36088
6195 3 -1
17174, 3342, 71, 3490, 406, 34348, 34589, 34831, 35072
6211 3 -1
17204, 3172, 815, 2059, 983, 34408, 35048, 35689, 36329
6227 3 -1
17223, 2379, 17, 3234, 577, 34446, 35153, 35861, 36568
6243 3 -1
17253, 1779, 759, 3298, 1108, 34505, 35438, 36373, 37306
6259 3 -1
17273, 2670, 1043, 2792, 445, 34546, 34905, 35266, 35625
6275 3 -1
17289, 3059, 729, 3047, 541, 34578, 34677, 34778, 34877
6291 3 -1
17311, 2184, 654, 3162, 447, 34622, 35214, 35807, 36399
6307 3 -1
17334, 3535, 291, 1587, 888, 34667, 35939, 37212, 38484
6323 3 -1
17363, 2612, 1221, 2692, 524, 34725, 35113, 35502, 35890
6339 3 -1
17376, 2852, 109, 3147, 746, 34751, 35216, 35683, 36148
6355 3 -1
17393, 2786, 436, 2368, 378, 34785, 35022, 35261, 35498
6371 3 -1
17407, 3363, 861, 2226, 453, 34814, 35586, 36359, 37131
6387 3 -1
17432, 3313, 1407, 2195, 864, 34864, 35694, 36525, 37355
6403 3 -1
17455, 3038, 1394, 2239, 1586, 34909, 35404, 35900, 36395
6419 3 -1
17474, 3453, 2462, 2345, 1699, 34948, 35883, 36819, 37754
6435 3 -1
17494, 2634, 669, 3494, 1235, 34987, 35699, 36413, 37125
6451 3 -1
17521, 1712, 790, 3069, 691, 35041, 35768, 36497, 37224
6467 3 -1
17550, 2596, 805, 3348, 1720, 35099, 35932, 36766, 37599
6483 3 -1
17573, 2184, 508, 3791, 972, 35146, 36181, 37217, 38252
6499 3 -1
17586, 2672, 1550, 840, 6642, 35172, 38633, 42096, 45557
6515 3 -1
17609, 2672, 997, 2691, 1080, 35217, 35267, 35319, 35369
6531 3 -1
17633, 3199, 925, 3002, 1127, 35266, 35465, 35665, 35864
6547 3 -1
17656, 3049, 428, 3011, 675, 35311, 35453, 35596, 35738
6563 3 -1
17680, 2634, 2060, 3464, 1323, 35360, 36143, 36927, 37710
6579 3 -1
17700, 3357, 1154, 3199, 989, 35400, 35561, 35723, 35884
6595 3 -1
17725, 2632, 2044, 2922, 1332, 35449, 35949, 36451, 36951
6611 3 -1
17748, 2197, 1, 3402, 1322, 35496, 36758, 38022, 39284
6627 3 -1
17767, 2375, 856, 2664, 751, 35534, 35730, 35928, 36124
6643 3 -1
17783, 2864, 1214, 3240, 735, 35566, 35993, 36421, 36848
6659 3 -1
17801, 2858, 849, 2769, 2122, 35601, 36281, 36963, 37643
6675 3 -1
17814, 3334, 518, 2769, 926, 35628, 36114, 36601, 37087
6691 3 -1
17843, 2006, 1527, 3395, 1177, 35685, 36554, 37424, 38293
6707 3 -1
17860, 2835, 515, 2147, 501, 35719, 36069, 36421, 36771
6723 3 -1
17879, 2128, 1134, 2647, 645, 35758, 36261, 36766, 37269
6739 3 -1
17900, 2217, 797, 2952, 1418, 35799, 36476, 37155, 37832
6755 3 -1
17917, 2565, 1867, 2869, 1974, 35834, 36039, 36245, 36450
6771 3 -1
17945, 3470, 1043, 2456, 958, 35889, 36438, 36988, 37537
6787 3 -1
17976, 2416, 1295, 2570, 727, 35952, 36312, 36674, 37034
6803 3 -1
17994, 2204, 1304, 2586, 619, 35988, 36521, 37055, 37588
6819 3 -1
18027, 2376, 1311, 2082, 801, 36053, 36454, 36857, 37258
6835 3 -1
18046, 2400, 2221, 3129, 1728, 36092, 36702, 37314, 37924
6851 3 -1
18073, 2683, 931, 3007, 1039, 36145, 36360, 36577, 36792
6867 3 -1
18096, 3036, 1811, 2455, 129, 36191, 37322, 38454, 39585
6883 3 -1
18116, 3217, 519, 3238, 506, 36231, 36247, 36265, 36281
6899 3 -1
18133, 2687, 390, 2119, 643, 36266, 36676, 37087, 37497
6915 3 -1
18156, 2950, 1252, 2356, 21, 36312, 37224, 38137, 39049
6931 3 -1
18182, 2200, 856, 2672, 1589, 36363, 36965, 37568, 38170
6947 3 -1
18202, 2619, 1362, 2289, 636, 36404, 36931, 37460, 37987
6963 3 -1
18224, 1999, 817, 2636, 1064, 36448, 36889, 37332, 37773
6979 3 -1
18249, 2716, 1601, 2453, 1163, 36497, 36847, 37198, 37548
6995 3 -1
18277, 2838, 1724, 2914, 1255, 36554, 36826, 37099, 37371
7011 3 -1
18301, 3280, 892, 2867, 1728, 36602, 37226, 37851, 38475
7027 3 -1
18329, 2892, 1197, 2266, 1909, 36658, 37326, 37996, 38664
7043 3 -1
18352, 3261, 493, 3343, 1960, 36704, 37478, 38253, 39027
7059 3 -1
18369, 3287, 1092, 2286, 526, 36737, 37520, 38304, 39087
7075 3 -1
18391, 3623, 1608, 2854, 1313, 36782, 37313, 37846, 38377
7091 3 -1
18413, 3511, 1501, 2258, 835, 36826, 37785, 38745, 39704
7107 3 -1
18439, 2065, 1859, 2978, 1390, 36877, 37567, 38259, 38949
7123 3 -1
18461, 3352, 1283, 3421, 477, 36922, 37359, 37797, 38234
7139 3 -1
18481, 2150, 1054, 2104, 2541, 36961, 37727, 38494, 39260
7155 3 -1
18509, 2658, 1265, 3668, 562, 37018, 37874, 38731, 39587
7171 3 -1
18532, 1985, 1202, 3221, 842, 37063, 37860, 38659, 39456
7187 3 -1
18556, 2476, 535, 2979, 967, 37112, 37579, 38047, 38514
7203 3 -1
18583, 3114, 1030, 3071, 1059, 37165, 37200, 37237, 37272
7219 3 -1
18618, 2318, 1669, 3081, 1584, 37236, 37659, 38084, 38507
7235 3 -1
18647, 2354, 2121, 1894, 545, 37294, 38311, 39330, 40347
7251 3 -1
18664, 2805, 1055, 2980, 1199, 37328, 37487, 37647, 37806
7267 3 -1
18685, 2744, 953, 3157, 688, 37369, 37707, 38047, 38385
7283 3 -1
18704, 2987, 1295, 2764, 1494, 37408, 37618, 37830, 38040
7299 3 -1
18733, 2366, 861, 3123, 1372, 37466, 38099, 38734, 39367
7315 3 -1
18763, 3529, 1053, 3345, 1346, 37525, 37763, 38002, 38240
7331 3 -1
18785, 3185, 1020, 2550, 1774, 37569, 38263, 38958, 39652
7347 3 -1
18802, 3367, 870, 2768, 939, 37603, 37936, 38271, 38604
7363 3 -1
18825, 3124, 779, 2892, 862, 37650, 37807, 37965, 38122
7379 3 -1
18851, 2246, 1443, 1862, 1043, 37702, 38093, 38486, 38877
7395 3 -1
18874, 1821, 722, 3066, 1101, 37748, 38559, 39372, 40183
7411 3 -1
18894, 2649, 1019, 2847, 183, 37787, 38303, 38821, 39337
7427 3 -1
18909, 2713, 1048, 2741, 2439, 37817, 38526, 39236, 39945
7443 3 -1
18936, 3344, 364, 2704, 1239, 37872, 38629, 39387, 40144
7459 3 -1
18961, 2593, 1218, 3324, 32, 37921, 38879, 39838, 40796
7475 3 -1
18991, 3083, 1043, 3047, 1209, 37981, 38081, 38183, 38283
7491 3 -1
19011, 3226, 1188, 2569, 1056, 38021, 38415, 38810, 39204
7507 3 -1
19034, 2660, 455, 2960, 1113, 38067, 38545, 39025, 39503
7523 3 -1
19061, 3175, 1331, 2334, 1206, 38122, 38604, 39088, 39570
7539 3 -1
19089, 1239, 1415, 3020, 1206, 38177, 39171, 40167, 41161
7555 3 -1
19118, 2831, 1685, 3633, 1501, 38235, 38727, 39221, 39713
7571 3 -1
19146, 2881, 817, 3562, 212, 38291, 38933, 39577, 40219
7587 3 -1
19179, 2928, 1067, 2346, 1446, 38357, 38837, 39318, 39798
7603 3 -1
19195, 3676, 572, 3007, 1225, 38389, 39049, 39711, 40371
7619 3 -1
19221, 3723, 1205, 3046, 1113, 38441, 38825, 39210, 39594
7635 3 -1
19242, 3733, 1189, 9999, 415, 38483, 42002, 45523, 49042
7651 3 -1
19263, 2270, 230, 2635, 1437, 38526, 39311, 40098, 40883
7667 3 -1
19281, 3731, 511, 2576, 658, 38562, 39212, 39864, 40514
7683 3 -1
19306, 2769, 1010, 2982, 1104, 38611, 38764, 38918, 39071
7699 3 -1
19339, 3313, 692, 2865, 870, 38677, 38989, 39303, 39615
7715 3 -1
19370, 2942, 194, 1993, 1342, 38739, 39787, 40836, 41884
7731 3 -1
19399, 2262, 349, 2367, 855, 38798, 39103, 39409, 39714
7747 3 -1
19416, 2974, 1408, 2963, 1320, 38831, 38880, 38930, 38979
7763 3 -1
19431, 2942, 825, 3327, 995, 38862, 39139, 39417, 39694
7779 3 -1
19463, 2679, 410, 3459, 919, 38926, 39570, 40215, 40859
7795 3 -1
19490, 2607, 1789, 3103, 1523, 38979, 39359, 39741, 40121
7811 3 -1
19508, 2024, 1038, 3648, 404, 39016, 40144, 41274, 42402
7827 3 -1
19539, 2869, 2174, 2183, 1630, 39077, 39691, 40307, 40921
7843 3 -1
19562, 4342, 1174, 2813, 999, 39124, 39975, 40828, 41679
7859 3 -1
19584, 3175, 1285, 3442, 1464, 39167, 39389, 39613, 39835
7875 3 -1
19607, 2752, 1585, 2567, 571, 39214, 39813, 40413, 41012
7891 3 -1
19633, 3135, 1376, 2803, 985, 39265, 39626, 39988, 40349
7907 3 -1
19651, 3116, 1382, 2128, 1401, 39301, 39804, 40308, 40811
7923 3 -1
19679, 2430, 418, 2321, 1361, 39358, 39883, 40410, 40935
7939 3 -1
19702, 3236, 1542, 2599, 1072, 39404, 39957, 40511, 41064
7955 3 -1
19724, 2668, 703, 3035, 1095, 39447, 39826, 40206, 40585
7971 3 -1
19758, 3024, 875, 2784, 844, 39515, 39650, 39786, 39921
7987 3 -1
19789, 3122, 813, 2209, 1355, 39578, 40305, 41033, 41760
8003 3 -1
19816, 2468, 1274, 2375, 644, 39631, 39992, 40354, 40715
8019 3 -1
19848, 2801, 1280, 3227, 287, 39695, 40404, 41114, 41823
8035 3 -1
19874, 3240, 688, 2797, 763, 39748, 40006, 40266, 40524
8051 3 -1
19896, 2892, 1769, 2712, 783, 39792, 40374, 40958, 41540
8067 3 -1
19925, 2359, 846, 2491, 1452, 39850, 40218, 40588, 40956
8083 3 -1
19945, 2994, 1591, 2267, 771, 39889, 40662, 41436, 42209
8099 3 -1
19971, 2881, 985, 2456, 1058, 39942, 40190, 40440, 40688
8115 3 -1
19995, 3488, 837, 3875, 974, 39990, 40251, 40514, 40775
8131 3 -1
20025, 2840, 1234, 2835, 1211, 40049, 40062, 40077, 40090
8147 3 -1
20058, 3228, 1976, 2658, 277, 40115, 41249, 42384, 43518
8163 3 -1
20089, 3181, 1287, 2791, 957, 40178, 40537, 40898, 41257
8179 3 -1
20118, 2890, 305, 3405, 57, 40236, 40617, 40999, 41380
8195 3 -1
20161, 2638, 616, 2235, 683, 40322, 40556, 40792, 41026
8211 3 -1
20175, 2614, 1328, 3281, 661, 40350, 41016, 41684, 42350
8227 3 -1
20198, 2761, 1399, 3303, 799, 40395, 40965, 41537, 42107
8243 3 -1
20230, 1948, 515, 3096, 728, 40460, 41140, 41821, 42501
8259 3 -1
20262, 2304, 646, 2170, 1445, 40524, 40990, 41457, 41923
8275 3 -1
20299, 2861, 1245, 3045, 126, 40597, 41248, 41900, 42551
8291 3 -1
20324, 2098, 553, 2582, 932, 40648, 41079, 41511, 41942
8307 3 -1
20364, 3616, 737, 2721, 1336, 40727, 41473, 42221, 42967
8323 3 -1
20385, 2916, 459, 2863, 450, 40769, 40799, 40831, 40861
8339 3 -1
20411, 3329, 957, 3657, 1048, 40822, 41031, 41241, 41450
8355 3 -1
20443, 3851, 1371, 3365, 1460, 40886, 41173, 41461, 41748
8371 3 -1
20466, 2950, 2015, 3309, 458, 40932, 41889, 42848, 43805
8387 3 -1
20493, 1996, 1274, 2705, 1378, 40986, 41392, 41799, 42205
8403 3 -1
20520, 3196, 1653, 2260, 1739, 41040, 41550, 42062, 42572
8419 3 -1
20541, 2973, 1149, 2418, 955, 41081, 41455, 41830, 42204
8435 3 -1
20576, 3344, 149, 3666, 1980, 41152, 42228, 43305, 44381
8451 3 -1
20604, 1917, 1369, 2120, 782, 41207, 41601, 41997, 42391
8467 3 -1
20632, 2598, 854, 2508, 932, 41263, 41346, 41431, 41514
8483 3 -1
20672, 3742, 2221, 384, 5447, 41344, 44635, 47928, 51219
8499 3 -1
20705, 3261, 1332, 2779, 130, 41410, 42251, 43094, 43935
8515 3 -1
20736, 3011, 1595, 2884, 1073, 41472, 41796, 42121, 42445
8531 3 -1
20768, 2394, 1935, 2011, 1248, 41535, 42069, 42605, 43139
8547 3 -1
20789, 2865, 1709, 2319, 795, 41578, 42307, 43038, 43767
8563 3 -1
20814, 3125, 393, 2632, 1552, 41628, 42453, 43280, 44105
8579 3 -1
20843, 2880, 914, 2805, 437, 41685, 41960, 42237, 42512
8595 3 -1
20869, 2736, 1780, 3384, 449, 41738, 42727, 43717, 44706
8611 3 -1
20902, 2996, 1231, 3159, 1150, 41804, 41925, 42048, 42169
8627 3 -1
20935, 2860, 1041, 3330, 1296, 41870, 42232, 42595, 42957
8643 3 -1
20967, 3048, 1208, 3286, 791, 41933, 42260, 42588, 42915
8659 3 -1
20996, 3052, 1330, 3391, 1643, 41992, 42317, 42644, 42969
8675 3 -1
21034, 2475, 941, 2876, 294, 42068, 42591, 43116, 43639
8691 3 -1
21057, 2861, 833, 2081, 820, 42114, 42510, 42907, 43303
8707 3 -1
21103, 3252, 798, 1842, 966, 42206, 42994, 43784, 44572
8723 3 -1
21123, 2983, 1177, 812, 4521, 42246, 45003, 47761, 50518
8739 3 -1
21140, 2270, 1443, 3917, 1421, 42279, 43113, 43948, 44782
8755 3 -1
21174, 3365, 2586, 3959, 1703, 42348, 43086, 43825, 44563
8771 3 -1
21201, 3099, 741, 2586, 1625, 42402, 43100, 43799, 44497
8787 3 -1
21231, 2561, 1057, 2298, 796, 42462, 42723, 42986, 43247
8803 3 -1
21252, 3239, 1516, 3703, 655, 42504, 43166, 43829, 44491
8819 3 -1
21286, 3332, 1385, 2454, 1607, 42571, 43120, 43671, 44220
8835 3 -1
21320, 2306, 1222, 2491, 659, 42639, 43012, 43387, 43760
8851 3 -1
21344, 2558, 592, 2802, 1404, 42687, 43214, 43743, 44270
8867 3 -1
21381, 3033, 233, 2090, 1675, 42762, 43954, 45147, 46339
8883 3 -1
21424, 2974, 682, 2533, 987, 42848, 43220, 43594, 43966
8899 3 -1
21453, 2659, 1000, 2424, 951, 42906, 43047, 43190, 43331
8915 3 -1
21487, 3752, 1596, 2236, 829, 42973, 44114, 45256, 46397
8931 3 -1
21521, 3093, 1105, 3055, 983, 43041, 43120, 43201, 43280
8947 3 -1
21555, 2811, 601, 2950, 867, 43109, 43311, 43514, 43716
8963 3 -1
21592, 2992, 765, 2195, 624, 43184, 43652, 44122, 44590
8979 3 -1
21622, 2314, 632, 3265, 325, 43243, 43871, 44501, 45129
8995 3 -1
21670, 2918, 1428, 2794, 1069, 43340, 43581, 43823, 44064
9011 3 -1
21707, 2604, 1603, 3153, 775, 43413, 44101, 44790, 45478
9027 3 -1
21743, 1771, 822, 2472, 1442, 43485, 44145, 44806, 45466
9043 3 -1
21773, 2631, 1718, 2593, 347, 43546, 44250, 44955, 45659
9059 3 -1
21793, 3118, 1169, 3274, 1029, 43585, 43732, 43881, 44028
9075 3 -1
21824, 2661, 306, 2349, 1320, 43647, 44309, 44973, 45635
9091 3 -1
21855, 2533, 1936, 2557, 1057, 43710, 44161, 44613, 45064
9107 3 -1
21889, 2365, 947, 3152, 681, 43778, 44304, 44831, 45357
9123 3 -1
21918, 3030, 1122, 2830, 1141, 43835, 43944, 44054, 44163
9139 3 -1
21949, 3150, 1292, 2217, 1767, 43897, 44600, 45305, 46008
9155 3 -1
21981, 2926, 437, 2988, 1209, 43962, 44378, 44796, 45212
9171 3 -1
22010, 1722, 755, 3509, 281, 44020, 45150, 46281, 47411
9187 3 -1
22025, 2421, 953, 2191, 1009, 44049, 44191, 44335, 44477
9203 3 -1
22060, 2864, 536, 2456, 470, 44120, 44356, 44594, 44830
9219 3 -1
22104, 3101, 346, 2356, 1099, 44208, 44956, 45706, 46454
9235 3 -1
22155, 3887, 1326, 2621, 627, 44309, 45291, 46274, 47256
9251 3 -1
22190, 3513, 1382, 2686, 1023, 44380, 44972, 45566, 46158
9267 3 -1
22229, 2784, 1006, 2308, 1602, 44457, 44992, 45529, 46064
9283 3 -1
22252, 3265, 1852, 2598, 1327, 44503, 45098, 45695, 46290
9299 3 -1
22297, 3115, 568, 2950, 1325, 44593, 45053, 45515, 45975
9315 3 -1
22333, 2298, 1547, 2231, 404, 44665, 45269, 45875, 46479
9331 3 -1
22403, 2796, 949, 3036, 1757, 44805, 45328, 45853, 46376
9347 3 -1
22424, 3811, 970, 2609, 972, 44848, 45449, 46052, 46653
9363 3 -1
22476, 2656, 693, 2240, 1165, 44952, 45395, 45840, 46283
9379 3 -1
22504, 2925, 1643, 2812, 1294, 45007, 45237, 45469, 45699
9395 3 -1
22554, 2849, 991, 2610, 1692, 45107, 45576, 46047, 46516
9411 3 -1
22598, 2525, 2101, 2921, 1075, 45196, 45906, 46618, 47328
9427 3 -1
22649, 2823, 1395, 3277, 1410, 45297, 45531, 45766, 46000
9443 3 -1
22694, 4434, 1539, 2926, 1045, 45387, 46387, 47389, 48389
9459 3 -1
22728, 2269, 923, 2128, 1652, 45455, 45889, 46325, 46759
9475 3 -1
22776, 2151, 864, 2653, 1491, 45551, 46115, 46680, 47244
9491 3 -1
22830, 2677, 920, 2353, 1015, 45659, 45868, 46078, 46287
9507 3 -1
22856, 3672, 827, 3130, 1364, 45711, 46250, 46790, 47329
9523 3 -1
22910, 2523, 1322, 3223, 1319, 45820, 46171, 46523, 46874
9539 3 -1
22956, 3169, 1273, 2557, 1075, 45912, 46316, 46722, 47126
9555 3 -1
23001, 2819, 291, 3291, 701, 46001, 46441, 46883, 47323
9571 3 -1
23035, 2823, 509, 3774, 435, 46070, 46582, 47095, 47607
9587 3 -1
23088, 2770, 1466, 3096, 1020, 46175, 46560, 46947, 47332
9603 3 -1
23136, 3003, 1479, 3133, 775, 46271, 46687, 47105, 47521
9619 3 -1
23200, 2407, 1231, 2254, 983, 46400, 46600, 46801, 47001
9635 3 -1
23236, 2383, 874, 3144, 1627, 46472, 47228, 47986, 48742
9651 3 -1
23279, 2816, 1109, 2719, 1507, 46558, 46805, 47053, 47300
9667 3 -1
23321, 2359, 968, 3340, 1111, 46641, 47202, 47765, 48326
9683 3 -1
23377, 3158, 550, 3659, 903, 46753, 47179, 47607, 48033
9699 3 -1
23436, 2411, 1044, 2778, 277, 46872, 47438, 48006, 48572
9715 3 -1
23497, 2921, 1165, 2121, 611, 46994, 47670, 48348, 49024
9731 3 -1
23548, 2633, 1413, 3016, 1416, 47096, 47288, 47482, 47674
9747 3 -1
23580, 3104, 838, 2775, 975, 47159, 47391, 47625, 47857
9763 3 -1
23618, 2811, 1250, 3297, 2033, 47235, 47869, 48504, 49138
9779 3 -1
23688, 2184, 865, 2722, 1472, 47376, 47948, 48521, 49093
9795 3 -1
23732, 2324, 1065, 3088, 1821, 47464, 48223, 48984, 49743
9811 3 -1
23792, 3168, 1236, 2720, 925, 47584, 47963, 48343, 48722
9827 3 -1
23842, 3151, 102, 2519, 233, 47683, 48064, 48446, 48827
9843 3 -1
23876, 3183, 1349, 2849, 260, 47751, 48462, 49174, 49885
9859 3 -1
23939, 3302, 152, 2819, 827, 47878, 48456, 49036, 49614
9875 3 -1
23988, 3400, 864, 3456, 1033, 47975, 48087, 48200, 48312
9891 3 -1
24085, 1667, 1040, 3314, 1152, 48169, 49048, 49928, 50807
9907 3 -1
24121, 2925, 335, 2522, 232, 48242, 48494, 48748, 49000
9923 3 -1
24198, 3179, 912, 2281, 622, 48396, 48989, 49584, 50177
9939 3 -1
24265, 3529, 857, 3161, 1339, 48529, 48953, 49379, 49803
9955 3 -1
24352, 2817, 950, 2258, 653, 48703, 49130, 49559, 49986
9971 3 -1
24458, 2795, 1050, 3026, 1470, 48915, 49240, 49566, 49891
9987 3 -1
24578, 2721, 833, 2727, 1107, 49155, 49294, 49435, 49574
