10000 10000 50000
1
12 8750 3750
225
1 12 0 35632 5
0
2 12 0 35632 5
0
3 12 0 35632 5
0
4 12 0 35632 5
0
5 12 0 35632 5
0
6 12 0 35632 5
0
7 12 0 35632 5
0
8 12 0 35632 5
0
9 12 0 35632 5
0
10 12 0 35632 5
0
11 12 0 35632 5
0
12 12 0 35632 5
0
13 12 0 35632 5
0
14 12 0 35632 5
0
15 12 0 35632 5
0
16 12 0 35632 5
0
17 12 0 35632 5
0
18 12 0 35632 5
0
19 12 0 35632 5
0
20 12 0 35632 5
0
21 12 0 35632 5
0
22 12 0 35632 5
0
23 12 0 35632 5
0
24 12 0 35632 5
0
25 12 0 35632 5
0
26 12 0 35632 5
0
27 12 0 35632 5
0
28 12 0 35632 5
0
29 12 0 35632 5
0
30 12 0 35632 5
0
31 12 0 35632 5
0
32 12 0 35632 5
0
33 12 0 35632 5
0
34 12 0 35632 5
0
35 12 0 35632 5
0
36 12 0 35632 5
0
37 12 0 35632 5
0
38 12 0 35632 5
0
39 12 0 35632 5
0
40 12 0 35632 5
0
41 12 0 35632 5
0
42 12 0 35632 5
0
43 12 0 35632 5
0
44 12 0 35632 5
0
45 12 0 35632 5
0
46 12 0 35632 5
0
47 12 0 35632 5
0
48 12 0 35632 5
0
49 12 0 35632 5
0
50 12 0 35632 5
0
51 12 0 35632 5
0
52 12 0 35632 5
0
53 12 0 35632 5
0
54 12 0 35632 5
0
55 12 0 35632 5
0
56 12 0 35632 5
0
57 12 0 35632 5
0
58 12 0 35632 5
0
59 12 0 35632 5
0
60 12 0 35632 5
0
61 12 0 35632 5
0
62 12 0 35632 5
0
63 12 0 35632 5
0
64 12 0 35632 5
0
65 12 0 35632 5
0
66 12 0 35632 5
0
67 12 0 35632 5
0
68 12 0 35632 5
0
69 12 0 35632 5
0
70 12 0 35632 5
0
71 12 0 35632 5
0
72 12 0 35632 5
0
73 12 0 35632 5
0
74 12 0 35632 5
0
75 12 0 35632 5
0
76 12 0 35632 5
0
77 12 0 35632 5
0
78 12 0 35632 5
0
79 12 0 35632 5
0
80 12 0 35632 5
0
81 12 0 35632 5
0
82 12 0 35632 5
0
83 12 0 35632 5
0
84 12 0 35632 5
0
85 12 0 35632 5
0
86 12 0 35632 5
0
87 12 0 35632 5
0
88 12 0 35632 5
0
89 12 0 35632 5
0
90 12 0 35632 5
0
91 12 0 35632 5
0
92 12 0 35632 5
0
93 12 0 35632 5
0
94 12 0 35632 5
0
95 12 0 35632 5
0
96 12 0 35632 5
0
97 12 0 35632 5
0
98 12 0 35632 5
0
99 12 0 35632 5
0
100 12 0 35632 5
0
101 12 0 35632 5
0
102 12 0 35632 5
0
103 12 0 35632 5
0
104 12 0 35632 5
0
105 12 0 35632 5
0
106 12 0 35632 5
0
107 12 0 35632 5
0
108 12 0 35632 5
0
109 12 0 35632 5
0
110 12 0 35632 5
0
111 12 0 35632 5
0
112 12 0 35632 5
0
113 12 0 35632 5
0
114 12 0 35632 5
0
115 12 0 35632 5
0
116 12 0 35632 5
0
117 12 0 35632 5
0
118 12 0 35632 5
0
119 12 0 35632 5
0
120 12 0 35632 5
0
121 12 0 35632 5
0
122 12 0 35632 5
0
123 12 0 35632 5
0
124 12 0 35632 5
0
125 12 0 35632 5
0
126 12 0 35632 5
0
127 12 0 35632 5
0
128 12 0 35632 5
0
129 12 0 35632 5
0
130 12 0 35632 5
0
131 12 0 35632 5
0
132 12 0 35632 5
0
133 12 0 35632 5
0
134 12 0 35632 5
0
135 12 0 35632 5
0
136 12 0 35632 5
0
137 12 0 35632 5
0
138 12 0 35632 5
0
139 12 0 35632 5
0
140 12 0 35632 5
0
141 12 0 35632 5
0
142 12 0 35632 5
0
143 12 0 35632 5
0
144 12 0 35632 5
0
145 12 0 35632 5
0
146 12 0 35632 5
0
147 12 0 35632 5
0
148 12 0 35632 5
0
149 12 0 35632 5
0
150 12 0 35632 5
0
151 12 0 35632 5
0
152 12 0 35632 5
0
153 12 0 35632 5
0
154 12 0 35632 5
0
155 12 0 35632 5
0
156 12 0 35632 5
0
157 12 0 35632 5
0
158 12 0 35632 5
0
159 12 0 35632 5
0
160 12 0 35632 5
0
161 12 0 35632 5
0
162 12 0 35632 5
0
163 12 0 35632 5
0
164 12 0 35632 5
0
165 12 0 35632 5
0
166 12 0 35632 5
0
167 12 0 35632 5
0
168 12 0 35632 5
0
169 12 0 35632 5
0
170 12 0 35632 5
0
171 12 0 35632 5
0
172 12 0 35632 5
0
173 12 0 35632 5
0
174 12 0 35632 5
0
175 12 0 35632 5
0
176 12 0 35632 5
0
177 12 0 35632 5
0
178 12 0 35632 5
0
179 12 0 35632 5
0
180 12 0 35632 5
0
181 12 0 35632 5
0
182 12 0 35632 5
0
183 12 0 35632 5
0
184 12 0 35632 5
0
185 12 0 35632 5
0
186 12 0 35632 5
0
187 12 0 35632 5
0
188 12 0 35632 5
0
189 12 0 35632 5
0
190 12 0 35632 5
0
191 12 0 35632 5
0
192 12 0 35632 5
0
193 12 0 35632 5
0
194 12 0 35632 5
0
195 12 0 35632 5
0
196 12 0 35632 5
0
197 12 0 35632 5
0
198 12 0 35632 5
0
199 12 0 35632 5
0
200 12 0 35632 5
0
201 12 0 35632 5
0
202 12 0 35632 5
0
203 12 0 35632 5
0
204 12 0 35632 5
0
205 12 0 35632 5
0
206 12 0 35632 5
0
207 12 0 35632 5
0
208 12 0 35632 5
0
209 12 0 35632 5
0
210 12 0 35632 5
0
211 12 0 35632 5
0
212 12 0 35632 5
0
213 12 0 35632 5
0
214 12 0 35632 5
0
215 12 0 35632 5
0
216 12 0 35632 5
0
217 12 0 35632 5
0
218 12 0 35632 5
0
219 12 0 35632 5
0
220 12 0 35632 5
0
221 12 0 35632 5
0
222 12 0 35632 5
0
223 12 0 35632 5
0
224 12 0 35632 5
0
225 12 0 35632 5
0
625
12 12 -1
1, 2341, 1041, 288, 7240, 1, 4126, 8253, 12378
28 12 -1
1, 2682, 654, 677, 209, 1, 1225, 2451, 3675
44 12 -1
1, 2929, 1494, 1083, 7865, 1, 4109, 8218, 12326
60 12 -1
1, 3153, 1410, 2949, 766, 1, 424, 849, 1272
76 12 -1
1, 3589, 1489, 1982, 1188, 1, 954, 1909, 2862
92 12 -1
225, 3460, 695, 2645, 820, 450, 919, 1390, 1859
108 12 -1
650, 2637, 1197, 3012, 1279, 1299, 1527, 1756, 1984
124 12 -1
1062, 3112, 1237, 2258, 1587, 2123, 2724, 3327, 3928
140 12 -1
1311, 2527, 653, 3144, 1284, 2622, 3245, 3870, 4493
156 12 -1
1618, 2372, 346, 3755, 2313, 3235, 4909, 6585, 8259
172 12 -1
1993, 2766, 1037, 2504, 946, 3985, 4161, 4338, 4514
188 12 -1
2153, 2588, 1852, 2422, 1634, 4305, 4496, 4689, 4880
204 12 -1
2393, 3298, 36, 1551, 1084, 4785, 6182, 7580, 8977
220 12 -1
2545, 3396, 1350, 9999, 8092, 5089, 11761, 18434, 25106
236 12 -1
2758, 2530, 1657, 2724, 709, 5516, 6086, 6658, 7228
252 12 -1
2942, 3309, 1227, 2483, 561, 5884, 6629, 7376, 8121
268 12 -1
3155, 3492, 115, 2661, 1811, 6310, 7573, 8837, 10100
284 12 -1
3335, 3381, 1608, 2267, 477, 6669, 7791, 8914, 10036
300 12 -1
3484, 3300, 630, 2934, 1538, 6967, 7603, 8241, 8877
316 12 -1
3597, 1935, 1436, 2635, 1168, 7193, 7676, 8161, 8644
332 12 -1
3782, 3134, 938, 3045, 1222, 7563, 7749, 7936, 8122
348 12 -1
3945, 3204, 451, 2570, 1645, 7889, 8802, 9717, 10630
364 12 -1
4094, 3067, 1222, 9999, 7969, 8188, 15027, 21867, 28706
380 12 -1
4229, 2503, 495, 3618, 1877, 8457, 9705, 10954, 12202
396 12 -1
4415, 3403, 1732, 3046, 844, 8829, 9451, 10074, 10696
412 12 -1
4608, 1761, 1457, 2234, 1698, 9216, 9572, 9930, 10286
428 12 -1
4702, 2826, 1164, 9999, 4944, 9403, 14879, 20356, 25832
444 12 -1
4835, 2464, 703, 3639, 719, 9669, 10264, 10860, 11455
460 12 -1
4936, 2804, 1813, 2072, 1295, 9871, 10495, 11121, 11745
476 12 -1
5095, 2215, 520, 3689, 1353, 10189, 11342, 12496, 13649
492 12 -1
5213, 2338, 1749, 2820, 1290, 10425, 10895, 11366, 11836
508 12 -1
5311, 2248, 339, 2201, 2232, 10622, 11591, 12562, 13531
524 12 -1
5428, 3074, 536, 2248, 84, 10855, 11493, 12133, 12771
540 12 -1
5519, 2822, 622, 2531, 343, 11038, 11322, 11608, 11892
556 12 -1
5649, 2243, 1087, 2194, 790, 11297, 11469, 11643, 11815
572 12 -1
5782, 2556, 1777, 2516, 1754, 11563, 11594, 11626, 11657
588 12 -1
5893, 2334, 1998, 3187, 831, 11786, 12795, 13806, 14815
604 12 -1
6003, 2812, 864, 2512, 1137, 12006, 12292, 12579, 12865
620 12 -1
6086, 2772, 2026, 3078, 1554, 12172, 12560, 12950, 13338
636 12 -1
6181, 2497, 917, 2424, 818, 12362, 12447, 12534, 12619
652 12 -1
6275, 1997, 901, 3214, 1361, 12550, 13388, 14227, 15065
668 12 -1
6362, 2774, 1252, 2169, 481, 12723, 13410, 14099, 14786
684 12 -1
6436, 2981, 515, 2417, 1232, 12871, 13511, 14152, 14792
700 12 -1
6530, 3120, 1142, 3340, 1498, 13059, 13346, 13635, 13922
716 12 -1
6622, 2908, 760, 3229, 1215, 13244, 13631, 14020, 14407
732 12 -1
6691, 3618, 516, 3018, 1053, 13381, 13949, 14518, 15086
748 12 -1
6790, 3685, 1351, 3229, 2, 13580, 14482, 15385, 16287
764 12 -1
6839, 2534, 1908, 2584, 800, 13677, 14255, 14835, 15413
780 12 -1
6893, 3307, 1750, 3027, 1679, 13786, 13961, 14137, 14312
796 12 -1
6974, 2098, 888, 2868, 1860, 13948, 14818, 15690, 16560
812 12 -1
7046, 2755, 1144, 9999, 5725, 14091, 20003, 25916, 31828
828 12 -1
7122, 3539, 1062, 2914, 1639, 14244, 14844, 15446, 16046
844 12 -1
7210, 2298, 1326, 3026, 1121, 14419, 14885, 15352, 15818
860 12 -1
7319, 3402, 917, 9999, 2757, 14637, 18855, 23074, 27292
876 12 -1
7395, 2597, 660, 3303, 1727, 14790, 15676, 16563, 17449
892 12 -1
7437, 1989, 666, 3257, 79, 14873, 15800, 16728, 17655
908 12 -1
7487, 2057, 1153, 3393, 1816, 14974, 15973, 16973, 17972
924 12 -1
7541, 2808, 588, 3321, 1022, 15082, 15555, 16029, 16502
940 12 -1
7626, 2691, 602, 2502, 1001, 15252, 15545, 15840, 16133
956 12 -1
7677, 2468, 1670, 1483, 216, 15353, 16572, 17792, 19011
972 12 -1
7739, 2745, 225, 2109, 1522, 15477, 16443, 17410, 18376
988 12 -1
7808, 3191, 486, 2753, 891, 15615, 16036, 16458, 16879
1004 12 -1
7858, 2261, 607, 3689, 810, 15715, 16530, 17346, 18161
1020 12 -1
7892, 3156, 870, 1574, 1299, 15784, 16789, 17795, 18800
1036 12 -1
7951, 1855, 1762, 2095, 580, 15902, 16612, 17324, 18034
1052 12 -1
7983, 2353, 1012, 2895, 311, 15966, 16587, 17209, 17830
1068 12 -1
8026, 2820, 728, 3240, 1400, 16051, 16596, 17143, 17688
1084 12 -1
8082, 3301, 1222, 2777, 1066, 16163, 16502, 16843, 17182
1100 12 -1
8140, 2540, 705, 2001, 1984, 16279, 17187, 18097, 19005
1116 12 -1
8190, 2505, 1568, 2483, 101, 16380, 17124, 17869, 18613
1132 12 -1
8257, 3248, 1085, 2021, 512, 16513, 17412, 18313, 19212
1148 12 -1
8301, 2759, 1400, 2006, 823, 16601, 17265, 17931, 18595
1164 12 -1
8342, 2481, 1500, 2432, 579, 16683, 17167, 17653, 18137
1180 12 -1
8364, 2399, 1197, 1954, 1091, 16727, 17002, 17278, 17553
1196 12 -1
8391, 2803, 1210, 3169, 865, 16782, 17137, 17493, 17848
1212 12 -1
8448, 3208, 1170, 1423, 1323, 16896, 17864, 18834, 19802
1228 12 -1
8493, 3099, 691, 3718, 1031, 16985, 17464, 17944, 18423
1244 12 -1
8533, 2956, 600, 2029, 1648, 17066, 18053, 19041, 20028
1260 12 -1
8577, 2117, 899, 3076, 923, 17153, 17644, 18136, 18627
1276 12 -1
8639, 3391, 1261, 2504, 1220, 17278, 17741, 18206, 18669
1292 12 -1
8698, 3454, 1056, 2899, 597, 17396, 17902, 18410, 18916
1308 12 -1
8736, 3732, 1540, 2852, 1345, 17471, 18008, 18546, 19083
1324 12 -1
8785, 2749, 1692, 2632, 1608, 17570, 17670, 17771, 17871
1340 12 -1
8849, 2407, 857, 2536, 1216, 17697, 17940, 18185, 18428
1356 12 -1
8886, 3784, 718, 503, 7658, 17771, 22881, 27992, 33102
1372 12 -1
8924, 3137, 933, 2525, 1296, 17847, 18334, 18822, 19309
1388 12 -1
8960, 3478, 1232, 3243, 825, 17919, 18239, 18561, 18881
1404 12 -1
8996, 3224, 1524, 1062, 246, 17991, 19710, 21431, 23150
1420 12 -1
9047, 2620, 173, 3845, 146, 18094, 18719, 19346, 19971
1436 12 -1
9084, 1828, 640, 2434, 974, 18168, 18637, 19108, 19577
1452 12 -1
9112, 2981, 891, 3247, 1842, 18223, 18831, 19440, 20048
1468 12 -1
9162, 3260, 336, 2494, 450, 18323, 18762, 19203, 19642
1484 12 -1
9198, 2422, 509, 2829, 2193, 18395, 19440, 20486, 21531
1500 12 -1
9246, 4039, 1660, 3262, 739, 18491, 19339, 20189, 21037
1516 12 -1
9281, 2927, 1407, 3257, 622, 18562, 19119, 19677, 20234
1532 12 -1
9341, 2608, 960, 2646, 1771, 18681, 19105, 19530, 19954
1548 12 -1
9379, 2128, 497, 2709, 1216, 18758, 19407, 20058, 20707
1564 12 -1
9423, 3628, 1474, 2365, 1664, 18845, 19571, 20298, 21024
1580 12 -1
9473, 2620, 1829, 2930, 1190, 18945, 19419, 19894, 20368
1596 12 -1
9506, 2237, 1410, 2234, 839, 19011, 19297, 19585, 19871
1612 12 -1
9556, 3113, 471, 3675, 718, 19111, 19515, 19920, 20324
1628 12 -1
9605, 3799, 287, 2934, 1872, 19210, 20434, 21660, 22884
1644 12 -1
9665, 3095, 1116, 914, 401, 19329, 20776, 22225, 23672
1660 12 -1
9731, 3198, 882, 2893, 521, 19462, 19794, 20128, 20460
1676 12 -1
9770, 1459, 966, 53, 68, 19540, 20691, 21844, 22995
1692 12 -1
9797, 2027, 1862, 3332, 1140, 19593, 20606, 21620, 22633
1708 12 -1
9847, 2818, 1905, 3226, 323, 19694, 20688, 21684, 22678
1724 12 -1
9882, 2600, 1911, 3246, 981, 19763, 20550, 21339, 22126
1740 12 -1
9921, 2310, 772, 2243, 2181, 19841, 20578, 21317, 22054
1756 12 -1
9970, 3657, 1218, 3298, 1529, 19939, 20273, 20609, 20943
1772 12 -1
10016, 2726, 1132, 3144, 1646, 20031, 20496, 20963, 21428
1788 12 -1
10051, 3083, 1071, 3334, 1488, 20101, 20434, 20769, 21102
1804 12 -1
10107, 2714, 1635, 2185, 405, 20214, 21093, 21973, 22852
1820 12 -1
10133, 2116, 1091, 2939, 1224, 20266, 20743, 21222, 21699
1836 12 -1
10168, 3268, 1335, 339, 4928, 20335, 23595, 26857, 30117
1852 12 -1
10219, 3791, 773, 2558, 1134, 20437, 21233, 22031, 22827
1868 12 -1
10245, 2572, 1655, 2852, 1208, 20489, 20852, 21216, 21579
1884 12 -1
10296, 2431, 1276, 3487, 1070, 20592, 21222, 21854, 22484
1900 12 -1
10325, 3355, 727, 2535, 1394, 20650, 21393, 22137, 22880
1916 12 -1
10368, 2842, 187, 3636, 1259, 20736, 21668, 22602, 23534
1932 12 -1
10419, 2993, 796, 3312, 660, 20837, 21064, 21292, 21519
1948 12 -1
10442, 2772, 1625, 1739, 928, 20883, 21747, 22613, 23477
1964 12 -1
10479, 2602, 1082, 3083, 1575, 20958, 21444, 21932, 22418
1980 12 -1
10521, 2293, 696, 2583, 463, 21041, 21302, 21564, 21825
1996 12 -1
10550, 2948, 813, 9999, 0, 21099, 25030, 28963, 32894
2012 12 -1
10573, 2898, 1159, 2892, 953, 21146, 21251, 21358, 21463
2028 12 -1
10604, 2038, 521, 2808, 1161, 21208, 21912, 22618, 23322
2044 12 -1
10634, 2678, 1122, 3987, 1609, 21267, 22164, 23063, 23960
2060 12 -1
10657, 3131, 707, 2144, 1141, 21313, 22023, 22734, 23444
2076 12 -1
10680, 2208, 1029, 2847, 1235, 21359, 21781, 22204, 22626
2092 12 -1
10709, 2029, 1894, 3211, 1773, 21418, 22069, 22721, 23372
2108 12 -1
10749, 2060, 792, 1709, 653, 21498, 21742, 21988, 22232
2124 12 -1
10770, 2950, 1454, 1964, 1862, 21539, 22235, 22933, 23629
2140 12 -1
10802, 2800, 1889, 3060, 1270, 21604, 22043, 22483, 22922
2156 12 -1
10850, 3325, 1220, 2957, 728, 21699, 22128, 22559, 22988
2172 12 -1
10888, 3472, 1046, 1704, 8413, 21776, 26343, 30911, 35478
2188 12 -1
10922, 2867, 1377, 2661, 986, 21843, 22141, 22440, 22738
2204 12 -1
10967, 3908, 1852, 3185, 559, 21934, 22941, 23950, 24957
2220 12 -1
10996, 2092, 929, 3263, 1237, 21991, 22730, 23470, 24209
2236 12 -1
11026, 2198, 630, 2586, 967, 22051, 22413, 22776, 23138
2252 12 -1
11057, 2586, 1584, 3126, 936, 22114, 22707, 23302, 23895
2268 12 -1
11100, 3056, 1499, 2747, 1456, 22199, 22374, 22551, 22726
2284 12 -1
11131, 2471, 1298, 2417, 741, 22261, 22566, 22872, 23177
2300 12 -1
11155, 2901, 659, 2477, 1081, 22309, 22731, 23155, 23577
2316 12 -1
11192, 2958, 309, 2207, 1617, 22384, 23413, 24443, 25472
2332 12 -1
11230, 3381, 1269, 2482, 1124, 22460, 22981, 23504, 24025
2348 12 -1
11256, 2617, 977, 3285, 102, 22511, 23282, 24054, 24825
2364 12 -1
11281, 2884, 264, 2612, 670, 22561, 22899, 23239, 23577
2380 12 -1
11321, 2940, 1535, 3220, 396, 22641, 23350, 24060, 24769
2396 12 -1
11359, 2437, 1775, 2620, 1783, 22718, 22813, 22909, 23004
2412 12 -1
11383, 2350, 1444, 3155, 1824, 22766, 23358, 23951, 24543
2428 12 -1
11424, 2816, 77, 3300, 997, 22847, 23548, 24251, 24952
2444 12 -1
11452, 2644, 1011, 2702, 2079, 22903, 23465, 24029, 24591
2460 12 -1
11482, 1798, 468, 2808, 1585, 22964, 24027, 25091, 26154
2476 12 -1
11512, 2033, 977, 3672, 1031, 23023, 23869, 24716, 25562
2492 12 -1
11549, 2574, 988, 2709, 1546, 23097, 23443, 23790, 24136
2508 12 -1
11572, 2763, 1511, 3533, 1153, 23143, 23706, 24271, 24834
2524 12 -1
11609, 2742, 478, 2653, 2234, 23217, 24139, 25062, 25984
2540 12 -1
11634, 1492, 726, 1148, 9875, 23267, 28013, 32760, 37506
2556 12 -1
11663, 2990, 947, 3260, 863, 23326, 23502, 23680, 23856
2572 12 -1
11694, 4057, 1287, 2961, 1491, 23388, 24037, 24688, 25337
2588 12 -1
11726, 2679, 585, 2915, 46, 23452, 23839, 24227, 24614
2604 12 -1
11759, 2797, 223, 2960, 886, 23518, 23930, 24344, 24756
2620 12 -1
11797, 2832, 759, 3774, 1900, 23594, 24635, 25677, 26718
2636 12 -1
11824, 2669, 835, 2005, 702, 23647, 24045, 24444, 24842
2652 12 -1
11856, 2690, 738, 1759, 719, 23712, 24186, 24662, 25136
2668 12 -1
11885, 2359, 1064, 2351, 1473, 23769, 23977, 24186, 24394
2684 12 -1
11918, 3221, 1497, 2238, 1301, 23835, 24424, 25014, 25603
2700 12 -1
11959, 3451, 1862, 2480, 480, 23917, 25093, 26270, 27446
2716 12 -1
11976, 2424, 1437, 2806, 1223, 23951, 24248, 24547, 24844
2732 12 -1
12013, 3288, 1415, 2418, 1303, 24026, 24516, 25008, 25498
2748 12 -1
12051, 2246, 1284, 2393, 1222, 24101, 24205, 24310, 24414
2764 12 -1
12079, 3329, 1007, 3359, 1518, 24158, 24428, 24699, 24969
2780 12 -1
12109, 3861, 1348, 2589, 1358, 24217, 24857, 25499, 26139
2796 12 -1
12141, 3304, 916, 3261, 2305, 24281, 24996, 25713, 26428
2812 12 -1
12164, 2650, 646, 2350, 516, 24328, 24542, 24758, 24972
2828 12 -1
12194, 1520, 1077, 2303, 751, 24388, 24942, 25497, 26051
2844 12 -1
12217, 3213, 585, 252, 6370, 24434, 28806, 33180, 37552
2860 12 -1
12257, 2942, 273, 3707, 1864, 24514, 25691, 26870, 28047
2876 12 -1
12279, 1861, 258, 3509, 969, 24557, 25736, 26916, 28095
2892 12 -1
12313, 1972, 566, 2884, 646, 24626, 25121, 25618, 26113
2908 12 -1
12337, 2183, 875, 2019, 1535, 24674, 25085, 25498, 25909
2924 12 -1
12361, 2286, 1576, 2920, 601, 24721, 25525, 26330, 27134
2940 12 -1
12384, 2077, 1910, 3230, 1023, 24767, 25786, 26807, 27826
2956 12 -1
12404, 2207, 754, 2914, 622, 24807, 25226, 25646, 26065
2972 12 -1
12428, 3462, 968, 2576, 1768, 24856, 25698, 26542, 27384
2988 12 -1
12465, 2756, 735, 2507, 1148, 24930, 25260, 25592, 25922
3004 12 -1
12493, 2443, 1270, 3254, 1296, 24985, 25403, 25822, 26240
3020 12 -1
12512, 3749, 1319, 2758, 1380, 25024, 25549, 26076, 26601
3036 12 -1
12542, 3243, 1194, 2893, 1119, 25084, 25296, 25509, 25721
3052 12 -1
12563, 1978, 744, 2462, 117, 25126, 25681, 26237, 26792
3068 12 -1
12585, 2297, 2074, 2309, 619, 25170, 25903, 26637, 27370
3084 12 -1
12611, 2301, 1142, 2223, 1520, 25221, 25448, 25677, 25904
3100 12 -1
12638, 3028, 517, 2751, 980, 25276, 25645, 26016, 26385
3116 12 -1
12675, 3292, 1141, 2561, 613, 25349, 25978, 26608, 27237
3132 12 -1
12706, 3763, 1381, 2401, 1544, 25412, 26174, 26937, 27699
3148 12 -1
12734, 3220, 294, 3305, 955, 25467, 25839, 26213, 26585
3164 12 -1
12754, 2435, 1114, 2936, 1677, 25508, 26039, 26572, 27103
3180 12 -1
12779, 3281, 1103, 500, 903, 25557, 27047, 28538, 30028
3196 12 -1
12809, 2740, 1302, 3665, 992, 25618, 26235, 26853, 27470
3212 12 -1
12824, 2324, 1087, 2643, 1428, 25647, 25976, 26307, 26636
3228 12 -1
12844, 3298, 908, 2383, 1269, 25688, 26325, 26964, 27601
3244 12 -1
12864, 3284, 303, 2881, 969, 25728, 26262, 26797, 27331
3260 12 -1
12892, 3032, 202, 2231, 926, 25784, 26546, 27309, 28071
3276 12 -1
12909, 2540, 372, 3221, 942, 25817, 26442, 27068, 27693
3292 12 -1
12934, 2688, 1095, 2150, 675, 25867, 26345, 26825, 27303
3308 12 -1
12957, 2108, 1273, 2230, 1305, 25913, 25989, 26067, 26143
3324 12 -1
12992, 2200, 1030, 3094, 360, 25984, 26765, 27548, 28329
3340 12 -1
13013, 2912, 803, 3078, 1804, 26025, 26608, 27192, 27775
3356 12 -1
13036, 2500, 757, 2754, 1914, 26071, 26776, 27482, 28187
3372 12 -1
13062, 3207, 658, 3212, 827, 26123, 26209, 26297, 26383
3388 12 -1
13087, 3573, 1620, 2236, 1306, 26173, 26998, 27824, 28649
3404 12 -1
13107, 3000, 1183, 3281, 233, 26213, 26828, 27444, 28059
3420 12 -1
13144, 2619, 1354, 2031, 1527, 26287, 26667, 27048, 27428
3436 12 -1
13155, 2071, 812, 1926, 1565, 26310, 26758, 27208, 27656
3452 12 -1
13180, 2969, 1384, 2956, 1158, 26359, 26478, 26598, 26717
3468 12 -1
13206, 3312, 896, 3099, 640, 26412, 26646, 26881, 27115
3484 12 -1
13235, 2871, 997, 2832, 1357, 26469, 26668, 26868, 27067
3500 12 -1
13280, 2444, 1102, 2538, 1880, 26560, 26995, 27432, 27867
3516 12 -1
13311, 2796, 1213, 2367, 1060, 26622, 26912, 27204, 27494
3532 12 -1
13345, 2659, 849, 2414, 1465, 26690, 27120, 27551, 27981
3548 12 -1
13370, 3319, 745, 4457, 684, 26740, 27339, 27939, 28538
3564 12 -1
13395, 2865, 1719, 2809, 1222, 26790, 27066, 27343, 27619
3580 12 -1
13417, 3208, 1951, 2474, 1744, 26834, 27304, 27775, 28245
3596 12 -1
13434, 3635, 1005, 2969, 940, 26868, 27233, 27599, 27964
3612 12 -1
13472, 3197, 582, 1256, 1302, 26944, 28274, 29605, 30935
3628 12 -1
13492, 2842, 573, 3356, 1027, 26984, 27467, 27952, 28435
3644 12 -1
13513, 2523, 801, 3368, 581, 27025, 27557, 28090, 28622
3660 12 -1
13533, 2940, 1911, 3447, 2429, 27065, 27577, 28090, 28602
3676 12 -1
13567, 2948, 478, 2676, 313, 27133, 27351, 27570, 27788
3692 12 -1
13592, 2667, 1830, 2502, 1419, 27183, 27470, 27759, 28046
3708 12 -1
13621, 3084, 1585, 2648, 572, 27242, 27966, 28691, 29415
3724 12 -1
13641, 4002, 1376, 2712, 813, 27282, 28208, 29135, 30061
3740 12 -1
13669, 2508, 1050, 2307, 1454, 27337, 27639, 27942, 28244
3756 12 -1
13695, 2986, 2074, 3295, 1083, 27389, 28038, 28689, 29338
3772 12 -1
13723, 2661, 1181, 2636, 1009, 27446, 27544, 27643, 27741
3788 12 -1
13750, 2263, 672, 3425, 1497, 27500, 28493, 29487, 30480
3804 12 -1
13789, 2796, 1382, 3460, 1590, 27578, 28013, 28450, 28885
3820 12 -1
13811, 3281, 1346, 3001, 308, 27621, 28279, 28939, 29597
3836 12 -1
13848, 2594, 166, 3292, 965, 27695, 28443, 29192, 29940
3852 12 -1
13874, 2451, 1124, 2244, 1418, 27748, 27998, 28249, 28499
3868 12 -1
13900, 2612, 952, 2229, 1307, 27799, 28167, 28537, 28905
3884 12 -1
13926, 2994, 1257, 3097, 2175, 27852, 28362, 28873, 29383
3900 12 -1
13950, 2887, 1049, 3300, 1104, 27899, 28132, 28367, 28600
3916 12 -1
13969, 1768, 1135, 2665, 1280, 27938, 28458, 28980, 29500
3932 12 -1
14013, 2486, 905, 2976, 2273, 28026, 28954, 29884, 30812
3948 12 -1
14041, 3102, 421, 3490, 1232, 28081, 28680, 29280, 29879
3964 12 -1
14079, 2720, 527, 2200, 1024, 28158, 28666, 29175, 29683
3980 12 -1
14103, 3044, 260, 2794, 478, 28206, 28439, 28674, 28907
3996 12 -1
14143, 2599, 61, 2447, 1823, 28286, 29242, 30200, 31156
4012 12 -1
14168, 3001, 935, 3797, 1426, 28336, 28979, 29623, 30266
4028 12 -1
14197, 3459, 1578, 3262, 1630, 28393, 28517, 28642, 28766
4044 12 -1
14220, 3137, 745, 1554, 606, 28439, 29299, 30161, 31021
4060 12 -1
14240, 2007, 856, 1803, 919, 28479, 28612, 28746, 28879
4076 12 -1
14264, 2877, 1688, 2752, 397, 28527, 29234, 29943, 30650
4092 12 -1
14286, 3517, 1600, 2412, 685, 28571, 29580, 30591, 31600
4108 12 -1
14309, 2021, 1266, 3400, 387, 28617, 29745, 30875, 32003
4124 12 -1
14324, 2954, 664, 2408, 676, 28647, 28925, 29205, 29483
4140 12 -1
14350, 3332, 1275, 3503, 1025, 28700, 28910, 29121, 29331
4156 12 -1
14361, 3362, 1971, 2893, 1405, 28722, 29239, 29757, 30274
4172 12 -1
14379, 2634, 1656, 3289, 298, 28757, 29763, 30770, 31776
4188 12 -1
14407, 3231, 812, 2219, 1764, 28814, 29795, 30778, 31759
4204 12 -1
14425, 2658, 1763, 2304, 885, 28850, 29465, 30082, 30697
4220 12 -1
14447, 1695, 1668, 2386, 960, 28893, 29592, 30292, 30991
4236 12 -1
14464, 2712, 728, 3077, 1668, 28927, 29579, 30232, 30884
4252 12 -1
14487, 3560, 250, 2318, 617, 28973, 29777, 30582, 31386
4268 12 -1
14512, 3601, 1224, 3152, 683, 29024, 29518, 30014, 30508
4284 12 -1
14528, 3083, 1339, 3387, 1409, 29055, 29241, 29429, 29615
4300 12 -1
14548, 1678, 558, 3425, 1181, 29095, 30279, 31465, 32649
4316 12 -1
14576, 2960, 1284, 2625, 1342, 29151, 29347, 29544, 29740
4332 12 -1
14608, 3013, 1022, 3343, 1254, 29215, 29495, 29777, 30057
4348 12 -1
14632, 3643, 1040, 2194, 1875, 29264, 30405, 31548, 32689
4364 12 -1
14652, 2724, 1357, 2984, 853, 29304, 29685, 30068, 30449
4380 12 -1
14673, 3376, 735, 3252, 723, 29345, 29412, 29481, 29548
4396 12 -1
14692, 3057, 731, 3188, 789, 29383, 29477, 29572, 29666
4412 12 -1
14716, 1918, 499, 3131, 520, 29432, 30048, 30666, 31282
4428 12 -1
14747, 1852, 1717, 2783, 928, 29494, 30353, 31214, 32073
4444 12 -1
14761, 3405, 1418, 2488, 1011, 29521, 30182, 30845, 31506
4460 12 -1
14792, 3187, 1362, 2630, 1642, 29583, 30001, 30420, 30838
4476 12 -1
14812, 2642, 1249, 2818, 573, 29623, 30048, 30475, 30900
4492 12 -1
14841, 2717, 938, 2253, 1257, 29681, 30072, 30464, 30855
4508 12 -1
14870, 2275, 970, 2722, 780, 29740, 30058, 30377, 30695
4524 12 -1
14903, 2929, 679, 3326, 1123, 29806, 30226, 30647, 31067
4540 12 -1
14926, 2800, 1064, 2182, 726, 29851, 30328, 30807, 31284
4556 12 -1
14954, 3115, 836, 2634, 950, 29908, 30205, 30503, 30800
4572 12 -1
14978, 2367, 1738, 2487, 1594, 29956, 30087, 30220, 30351
4588 12 -1
14995, 3546, 2003, 3618, 853, 29989, 30599, 31211, 31821
4604 12 -1
15019, 2625, 926, 2889, 826, 30038, 30219, 30402, 30583
4620 12 -1
15041, 2957, 892, 1918, 1213, 30081, 30760, 31441, 32120
4636 12 -1
15058, 2239, 1108, 2143, 1302, 30115, 30259, 30405, 30549
4652 12 -1
15084, 3459, 299, 2803, 1545, 30167, 31117, 32069, 33019
4668 12 -1
15104, 3636, 505, 2915, 960, 30207, 30794, 31383, 31970
4684 12 -1
15127, 2883, 708, 2375, 526, 30254, 30598, 30944, 31288
4700 12 -1
15143, 2859, 735, 4310, 1011, 30286, 31149, 32013, 32876
4716 12 -1
15173, 3020, 1826, 3329, 2050, 30346, 30612, 30879, 31145
4732 12 -1
15195, 3541, 1071, 3380, 669, 30389, 30670, 30952, 31233
4748 12 -1
15214, 3552, 836, 2288, 650, 30427, 31151, 31877, 32601
4764 12 -1
15237, 2922, 998, 9999, 703, 30473, 34158, 37845, 41530
4780 12 -1
15260, 3367, 530, 2255, 350, 30519, 31164, 31811, 32456
4796 12 -1
15280, 2466, 868, 2444, 1527, 30560, 30900, 31241, 31581
4812 12 -1
15295, 2767, 1340, 235, 9464, 30589, 35916, 41245, 46572
4828 12 -1
15316, 3870, 100, 2347, 849, 30632, 31767, 32904, 34039
4844 12 -1
15338, 3271, 537, 3153, 1303, 30676, 31117, 31560, 32001
4860 12 -1
15360, 2813, 150, 2041, 311, 30720, 31186, 31653, 32119
4876 12 -1
15387, 2272, 1171, 2721, 1398, 30774, 31111, 31450, 31787
4892 12 -1
15403, 3726, 801, 2577, 1264, 30806, 31611, 32418, 33223
4908 12 -1
15424, 3217, 769, 3194, 1828, 30847, 31387, 31929, 32469
4924 12 -1
15431, 3159, 1790, 2753, 1494, 30862, 31212, 31564, 31914
4940 12 -1
15463, 2714, 615, 3957, 579, 30926, 31565, 32205, 32844
4956 12 -1
15496, 3020, 1663, 3122, 928, 30992, 31410, 31829, 32247
4972 12 -1
15517, 3336, 730, 2741, 1621, 31034, 31776, 32520, 33262
4988 12 -1
15550, 2933, 1249, 2946, 1827, 31100, 31395, 31691, 31986
5004 12 -1
15568, 3087, 590, 3026, 969, 31136, 31355, 31576, 31795
5020 12 -1
15584, 3068, 422, 3093, 1216, 31168, 31577, 31987, 32396
5036 12 -1
15605, 3509, 1121, 2890, 1882, 31210, 31899, 32590, 33279
5052 12 -1
15631, 3080, 785, 1148, 860, 31261, 32264, 33268, 34271
5068 12 -1
15665, 2857, 1264, 2607, 645, 31330, 31764, 32199, 32633
5084 12 -1
15687, 3064, 104, 2226, 178, 31373, 31828, 32285, 32740
5100 12 -1
15702, 2769, 1634, 3200, 12, 31404, 32430, 33457, 34483
5116 12 -1
15724, 2896, 694, 2703, 456, 31447, 31662, 31878, 32093
5132 12 -1
15744, 3818, 393, 3127, 807, 31487, 32039, 32592, 33144
5148 12 -1
15772, 2518, 810, 3881, 953, 31543, 32295, 33049, 33801
5164 12 -1
15786, 3244, 798, 2084, 826, 31571, 32164, 32759, 33352
5180 12 -1
15808, 2919, 1414, 2884, 1717, 31615, 31783, 31953, 32121
5196 12 -1
15825, 2470, 702, 2459, 1220, 31649, 31913, 32178, 32442
5212 12 -1
15856, 3181, 466, 2506, 947, 31711, 32288, 32867, 33444
5228 12 -1
15886, 2302, 1389, 2852, 904, 31772, 32289, 32807, 33324
5244 12 -1
15906, 3498, 1152, 3166, 937, 31812, 32085, 32359, 32632
5260 12 -1
15931, 2847, 1101, 3610, 1134, 31861, 32258, 32657, 33054
5276 12 -1
15950, 3055, 1258, 2179, 1045, 31900, 32444, 32989, 33533
5292 12 -1
15971, 3459, 1961, 2786, 1765, 31942, 32376, 32811, 33245
5308 12 -1
15993, 2696, 1271, 3185, 1139, 31986, 32296, 32607, 32917
5324 12 -1
16015, 2447, 393, 3517, 1324, 32029, 33029, 34030, 35030
5340 12 -1
16042, 3599, 1753, 1949, 1248, 32084, 33161, 34239, 35316
5356 12 -1
16063, 1868, 1793, 9999, 9708, 32126, 40148, 48172, 56194
5372 12 -1
16085, 3001, 1382, 2498, 736, 32169, 32743, 33318, 33892
5388 12 -1
16110, 2894, 1262, 2273, 1692, 32220, 32745, 33271, 33796
5404 12 -1
16127, 3357, 557, 2320, 802, 32253, 32893, 33535, 34175
5420 12 -1
16154, 1800, 1399, 3371, 1476, 32308, 33131, 33956, 34779
5436 12 -1
16170, 2616, 1363, 2803, 122, 32340, 33053, 33768, 34481
5452 12 -1
16206, 2760, 584, 2523, 861, 32411, 32667, 32925, 33181
5468 12 -1
16230, 3208, 1550, 2094, 1244, 32459, 33168, 33879, 34588
5484 12 -1
16254, 2515, 888, 2955, 1587, 32507, 33076, 33646, 34215
5500 12 -1
16275, 3038, 980, 2289, 774, 32550, 33027, 33505, 33982
5516 12 -1
16294, 2218, 1325, 2896, 586, 32588, 33296, 34005, 34713
5532 12 -1
16316, 2877, 1826, 2262, 2227, 32632, 33139, 33648, 34155
5548 12 -1
16339, 2877, 1802, 3417, 2161, 32677, 33126, 33576, 34025
5564 12 -1
16362, 2889, 604, 2053, 1108, 32724, 33393, 34064, 34733
5580 12 -1
16380, 2013, 1072, 3202, 331, 32760, 33724, 34690, 35654
5596 12 -1
16397, 2940, 1307, 3038, 1282, 32793, 32854, 32916, 32977
5612 12 -1
16411, 3223, 576, 3036, 655, 32822, 32954, 33088, 33220
5628 12 -1
16420, 3387, 1232, 706, 9116, 32839, 38121, 43404, 48686
5644 12 -1
16446, 3386, 723, 2416, 1666, 32892, 33848, 34805, 35761
5660 12 -1
16482, 2867, 1490, 2730, 1651, 32964, 33112, 33262, 33410
5676 12 -1
16502, 3717, 1396, 2622, 691, 33003, 33902, 34803, 35702
5692 12 -1
16531, 3126, 585, 2849, 1627, 33061, 33720, 34380, 35039
5708 12 -1
16551, 3357, 1708, 2460, 843, 33102, 33982, 34864, 35744
5724 12 -1
16566, 2976, 175, 2870, 667, 33132, 33430, 33730, 34028
5740 12 -1
16591, 2350, 1029, 3252, 690, 33181, 33801, 34422, 35042
5756 12 -1
16603, 3081, 1444, 1989, 1101, 33205, 33922, 34640, 35357
5772 12 -1
16627, 2220, 288, 1783, 917, 33254, 33786, 34320, 34852
5788 12 -1
16645, 1961, 1437, 2965, 1488, 33290, 33817, 34345, 34872
5804 12 -1
16661, 2332, 659, 3389, 841, 33322, 33941, 34561, 35180
5820 12 -1
16679, 3242, 2005, 2955, 682, 33358, 34162, 34968, 35772
5836 12 -1
16704, 2487, 951, 2331, 749, 33408, 33586, 33766, 33944
5852 12 -1
16726, 3228, 909, 2527, 2243, 33452, 34469, 35487, 36504
5868 12 -1
16749, 3240, 1335, 2603, 839, 33497, 34063, 34630, 35196
5884 12 -1
16767, 2059, 1224, 3297, 1776, 33533, 34427, 35323, 36217
5900 12 -1
16785, 3090, 1704, 1997, 353, 33569, 34790, 36013, 37234
5916 12 -1
16806, 2626, 973, 2245, 1825, 33612, 34228, 34845, 35461
5932 12 -1
16825, 2067, 732, 3530, 1308, 33649, 34668, 35688, 36707
5948 12 -1
16842, 2523, 1587, 2893, 1199, 33684, 34062, 34442, 34820
5964 12 -1
16870, 3007, 1684, 2925, 1781, 33739, 33828, 33918, 34007
5980 12 -1
16896, 2453, 899, 2999, 784, 33792, 34122, 34453, 34783
5996 12 -1
16913, 2291, 883, 3166, 1277, 33826, 34460, 35095, 35729
6012 12 -1
16940, 3015, 1709, 2321, 1313, 33880, 34424, 34970, 35514
6028 12 -1
16968, 1997, 1901, 2224, 563, 33936, 34718, 35501, 36283
6044 12 -1
16983, 3247, 796, 2371, 1344, 33965, 34676, 35389, 36100
6060 12 -1
16999, 3418, 1022, 2516, 1202, 33998, 34538, 35080, 35620
6076 12 -1
17015, 2536, 1291, 2447, 999, 34030, 34220, 34411, 34601
6092 12 -1
17035, 2547, 2028, 818, 7447, 34070, 37643, 41218, 44791
6108 12 -1
17058, 2386, 1452, 2480, 1761, 34115, 34316, 34518, 34719
6124 12 -1
17085, 2617, 1397, 2771, 1133, 34169, 34377, 34587, 34795
6140 12 -1
17106, 2936, 1213, 3625, 1074, 34212, 34625, 35040, 35453
6156 12 -1
17127, 3056, 879, 3250, 356, 34253, 34611, 34970, 35328
6172 12 -1
17146, 2217, 600, 3291, 1634, 34292, 35345, 36400, 37453
6188 12 -1
17165, 2727, 609, 2534, 632, 34330, 34437, 34546, 34653
6204 12 -1
17195, 2224, 1333, 2743, 951, 34390, 34840, 35291, 35741
6220 12 -1
17211, 3556, 320, 2687, 1041, 34421, 35215, 36011, 36805
6236 12 -1
17234, 3673, 1106, 3090, 1853, 34467, 35131, 35797, 36461
6252 12 -1
17267, 3234, 385, 2219, 2001, 34533, 35848, 37164, 38479
6268 12 -1
17283, 2196, 1328, 2490, 1314, 34565, 34718, 34873, 35026
6284 12 -1
17299, 4126, 578, 3241, 1076, 34597, 35288, 35980, 36671
6300 12 -1
17322, 3408, 2039, 1732, 1200, 34643, 35900, 37158, 38415
6316 12 -1
17349, 3273, 1663, 2277, 1682, 34698, 35205, 35713, 36220
6332 12 -1
17371, 2581, 598, 2361, 1335, 34741, 35219, 35698, 36176
6348 12 -1
17386, 2890, 869, 3360, 1718, 34771, 35430, 36090, 36749
6364 12 -1
17400, 2724, 2151, 3398, 561, 34799, 35930, 37063, 38194
6380 12 -1
17425, 2876, 665, 3398, 710, 34849, 35132, 35416, 35699
6396 12 -1
17443, 2811, 856, 2289, 1327, 34886, 35382, 35879, 36375
6412 12 -1
17469, 1859, 1214, 2226, 1362, 34937, 35194, 35452, 35709
6428 12 -1
17488, 2395, 590, 2040, 761, 34976, 35238, 35502, 35764
6444 12 -1
17513, 2452, 406, 2935, 980, 35026, 35554, 36083, 36611
6460 12 -1
17533, 3225, 1299, 1379, 1328, 35066, 36003, 36941, 37878
6476 12 -1
17561, 2752, 1519, 3444, 956, 35122, 35749, 36377, 37004
6492 12 -1
17582, 2451, 1634, 2844, 627, 35164, 35863, 36564, 37263
6508 12 -1
17599, 3103, 896, 2674, 415, 35198, 35652, 36108, 36562
6524 12 -1
17623, 2325, 1768, 2545, 858, 35245, 35809, 36375, 36939
6540 12 -1
17642, 3239, 1795, 2270, 112, 35283, 36608, 37935, 39260
6556 12 -1
17669, 3414, 486, 2779, 1035, 35338, 35929, 36522, 37113
6572 12 -1
17693, 3093, 792, 3019, 773, 35385, 35431, 35478, 35524
6588 12 -1
17716, 3041, 1352, 2170, 787, 35432, 36149, 36868, 37585
6604 12 -1
17737, 2145, 1824, 2771, 702, 35474, 36347, 37222, 38095
6620 12 -1
17761, 2401, 1633, 3511, 789, 35522, 36498, 37476, 38452
6636 12 -1
17778, 3280, 642, 2740, 844, 35556, 35926, 36298, 36668
6652 12 -1
17798, 2920, 1245, 2009, 828, 35595, 36258, 36923, 37586
6668 12 -1
17809, 2534, 890, 2991, 832, 35618, 35875, 36133, 36390
6684 12 -1
17827, 3342, 1053, 2718, 971, 35654, 36006, 36360, 36712
6700 12 -1
17852, 2587, 233, 2695, 1003, 35703, 36141, 36581, 37019
6716 12 -1
17871, 2822, 403, 2749, 1364, 35742, 36258, 36776, 37292
6732 12 -1
17894, 2703, 736, 1759, 14, 35787, 36619, 37453, 38285
6748 12 -1
17914, 2668, 569, 2767, 1372, 35827, 36277, 36729, 37179
6764 12 -1
17933, 3483, 1377, 3784, 1039, 35865, 36184, 36504, 36823
6780 12 -1
17959, 3001, 1379, 2741, 793, 35918, 36340, 36764, 37186
6796 12 -1
17986, 3254, 1386, 2412, 1055, 35971, 36557, 37144, 37730
6812 12 -1
18016, 2561, 1599, 3261, 1403, 36032, 36479, 36928, 37375
6828 12 -1
18038, 2934, 677, 3109, 1094, 36076, 36371, 36668, 36963
6844 12 -1
18062, 2465, 1404, 2643, 321, 36124, 36754, 37385, 38015
6860 12 -1
18085, 3199, 874, 2315, 1629, 36170, 36989, 37809, 38628
6876 12 -1
18107, 2287, 1277, 2753, 1010, 36214, 36580, 36947, 37313
6892 12 -1
18126, 3129, 1700, 9999, 1147, 36252, 39963, 43675, 47386
6908 12 -1
18149, 2731, 1358, 3200, 110, 36298, 37156, 38015, 38873
6924 12 -1
18170, 2709, 1306, 3443, 429, 36339, 37144, 37950, 38755
6940 12 -1
18195, 2770, 1264, 3267, 1327, 36389, 36668, 36949, 37228
6956 12 -1
18215, 2429, 1109, 2914, 557, 36429, 36947, 37466, 37984
6972 12 -1
18238, 2823, 71, 2827, 1800, 36475, 37341, 38208, 39074
6988 12 -1
18268, 2963, 856, 2934, 1106, 36535, 36674, 36814, 36953
7004 12 -1
18287, 2910, 980, 2386, 2149, 36574, 37420, 38267, 39113
7020 12 -1
18314, 2950, 776, 2275, 885, 36628, 37019, 37412, 37803
7036 12 -1
18342, 2907, 470, 2322, 1480, 36684, 37481, 38279, 39076
7052 12 -1
18363, 2635, 245, 2862, 907, 36726, 37170, 37615, 38059
7068 12 -1
18379, 3572, 494, 2930, 780, 36758, 37221, 37686, 38149
7084 12 -1
18405, 2641, 925, 1326, 1402, 36809, 37704, 38601, 39496
7100 12 -1
18429, 3176, 1264, 2539, 1151, 36857, 37231, 37607, 37981
7116 12 -1
18450, 2515, 602, 2444, 847, 36900, 37057, 37216, 37373
7132 12 -1
18469, 2669, 538, 3259, 1300, 36937, 37612, 38289, 38964
7148 12 -1
18493, 3161, 377, 2628, 1105, 36985, 37615, 38246, 38876
7164 12 -1
18524, 3091, 762, 1817, 1039, 37047, 37822, 38598, 39373
7180 12 -1
18548, 2172, 247, 3167, 1198, 37095, 38067, 39041, 40013
7196 12 -1
18573, 2396, 1099, 1995, 1542, 37145, 37566, 37989, 38410
7212 12 -1
18602, 2688, 783, 2583, 968, 37204, 37348, 37494, 37638
7228 12 -1
18630, 2685, 1188, 3476, 703, 37260, 37897, 38536, 39173
7244 12 -1
18657, 2460, 1313, 721, 8938, 37313, 41994, 46677, 51358
7260 12 -1
18676, 3466, 427, 2689, 416, 37351, 37744, 38139, 38532
7276 12 -1
18695, 3753, 915, 3052, 956, 37389, 37759, 38131, 38501
7292 12 -1
18721, 2902, 508, 3827, 1004, 37442, 38152, 38863, 39573
7308 12 -1
18749, 2881, 1130, 2171, 1455, 37497, 38014, 38532, 39049
7324 12 -1
18778, 2493, 1248, 2807, 429, 37556, 38122, 38689, 39255
7340 12 -1
18796, 2898, 705, 2995, 527, 37592, 37729, 37867, 38004
7356 12 -1
18812, 2417, 659, 2744, 1302, 37623, 38107, 38593, 39077
7372 12 -1
18835, 2579, 1079, 2765, 1036, 37670, 37784, 37899, 38013
7388 12 -1
18856, 3408, 1206, 3194, 936, 37712, 37953, 38196, 38437
7404 12 -1
18888, 3044, 795, 3387, 1341, 37776, 38220, 38665, 39109
7420 12 -1
18899, 3618, 1601, 3045, 1744, 37798, 38155, 38514, 38871
7436 12 -1
18922, 2756, 1073, 2908, 169, 37843, 38370, 38899, 39426
7452 12 -1
18946, 3004, 898, 2897, 958, 37892, 37975, 38059, 38142
7468 12 -1
18977, 3135, 1838, 2625, 1023, 37953, 38615, 39278, 39940
7484 12 -1
19006, 2530, 635, 2219, 463, 38012, 38253, 38495, 38736
7500 12 -1
19026, 3309, 1044, 2879, 1425, 38052, 38457, 38863, 39268
7516 12 -1
19046, 3097, 992, 2802, 752, 38092, 38359, 38627, 38894
7532 12 -1
19074, 2834, 1525, 3467, 799, 38148, 38827, 39507, 40186
7548 12 -1
19102, 2928, 400, 3274, 1475, 38203, 38913, 39624, 40334
7564 12 -1
19135, 3353, 1782, 2498, 1552, 38269, 38811, 39354, 39896
7580 12 -1
19164, 2901, 564, 2531, 745, 38328, 38603, 38879, 39154
7596 12 -1
19187, 3102, 1009, 2829, 1397, 38373, 38703, 39034, 39364
7612 12 -1
19215, 2612, 641, 3661, 701, 38429, 38983, 39538, 40092
7628 12 -1
19237, 2469, 2144, 2384, 786, 38474, 39195, 39917, 40638
7644 12 -1
19255, 2640, 1052, 2713, 764, 38510, 38690, 38871, 39051
7660 12 -1
19271, 1717, 1022, 3003, 1539, 38541, 39442, 40344, 41245
7676 12 -1
19292, 3138, 1069, 3041, 1173, 38583, 38683, 38784, 38884
7692 12 -1
19321, 2420, 891, 3693, 120, 38641, 39662, 40685, 41706
7708 12 -1
19361, 2769, 507, 2531, 250, 38722, 38969, 39217, 39464
7724 12 -1
19379, 3234, 398, 2775, 803, 38758, 39189, 39622, 40053
7740 12 -1
19409, 2670, 913, 2770, 1314, 38817, 39067, 39318, 39568
7756 12 -1
19422, 2831, 885, 3057, 563, 38843, 39116, 39391, 39664
7772 12 -1
19450, 3380, 1140, 3183, 1559, 38899, 39206, 39515, 39822
7788 12 -1
19481, 2960, 250, 2832, 1320, 38961, 39559, 40159, 40757
7804 12 -1
19502, 3394, 2045, 2790, 1004, 39004, 39826, 40649, 41471
7820 12 -1
19525, 3101, 1908, 1858, 851, 39050, 40199, 41350, 42499
7836 12 -1
19552, 2696, 1238, 2340, 714, 39104, 39543, 39984, 40423
7852 12 -1
19572, 3616, 872, 2627, 851, 39144, 39648, 40154, 40658
7868 12 -1
19597, 2847, 568, 2409, 1447, 39193, 39851, 40510, 41168
7884 12 -1
19625, 3094, 842, 3106, 1211, 39249, 39439, 39630, 39820
7900 12 -1
19642, 2966, 1554, 3050, 728, 39283, 39737, 40193, 40647
7916 12 -1
19668, 3447, 1003, 3417, 1197, 39336, 39447, 39560, 39671
7932 12 -1
19690, 3074, 1571, 2092, 403, 39379, 40453, 41529, 42603
7948 12 -1
19716, 2670, 986, 2964, 780, 39431, 39680, 39931, 40180
7964 12 -1
19741, 2740, 1320, 2782, 1209, 39482, 39558, 39635, 39711
7980 12 -1
19776, 2751, 664, 3665, 1171, 39551, 40261, 40972, 41682
7996 12 -1
19800, 2009, 751, 1457, 68, 39600, 40217, 40835, 41452
8012 12 -1
19836, 3788, 635, 3188, 1111, 39671, 40208, 40747, 41284
8028 12 -1
19863, 3070, 1299, 2846, 1082, 39725, 39945, 40166, 40386
8044 12 -1
19884, 3254, 900, 3416, 1614, 39768, 40205, 40644, 41081
8060 12 -1
19915, 2414, 1424, 2812, 2565, 39829, 40598, 41368, 42137
8076 12 -1
19938, 2470, 716, 2261, 698, 39875, 39988, 40102, 40215
8092 12 -1
19961, 3384, 731, 2874, 1523, 39921, 40571, 41223, 41873
8108 12 -1
19988, 3133, 627, 2082, 881, 39975, 40627, 41280, 41932
8124 12 -1
20006, 2748, 1163, 2589, 169, 40012, 40588, 41165, 41741
8140 12 -1
20047, 3716, 1314, 2128, 1130, 40094, 40979, 41866, 42751
8156 12 -1
20070, 2636, 713, 1933, 1003, 40139, 40635, 41132, 41628
8172 12 -1
20099, 3422, 1048, 3333, 742, 40197, 40394, 40592, 40789
8188 12 -1
20142, 2297, 1214, 2595, 1052, 40284, 40513, 40744, 40973
8204 12 -1
20172, 2001, 876, 2484, 1061, 40344, 40677, 41012, 41345
8220 12 -1
20186, 3794, 1093, 2784, 632, 40371, 41106, 41842, 42577
8236 12 -1
20219, 2650, 167, 2335, 1297, 40438, 41160, 41883, 42605
8252 12 -1
20248, 2650, 1682, 2909, 1204, 40496, 40864, 41233, 41601
8268 12 -1
20288, 2065, 1326, 3254, 1423, 40576, 41218, 41862, 42504
8284 12 -1
20311, 3265, 617, 3003, 1264, 40622, 41076, 41531, 41985
8300 12 -1
20349, 2525, 1429, 2447, 1816, 40698, 40930, 41163, 41395
8316 12 -1
20377, 3040, 1195, 3241, 770, 40754, 41066, 41380, 41692
8332 12 -1
20395, 3527, 887, 2024, 811, 40790, 41579, 42369, 43158
8348 12 -1
20424, 3553, 1236, 3339, 1293, 40847, 40982, 41118, 41253
8364 12 -1
20455, 2174, 1226, 3403, 306, 40909, 41983, 43058, 44132
8380 12 -1
20485, 2048, 716, 3111, 647, 40969, 41534, 42101, 42666
8396 12 -1
20517, 2855, 932, 3985, 991, 41033, 41627, 42222, 42816
8412 12 -1
20530, 2395, 1180, 2651, 1185, 41060, 41190, 41321, 41451
8428 12 -1
20558, 2619, 1036, 2273, 1538, 41115, 41538, 41963, 42386
8444 12 -1
20598, 2893, 1125, 2829, 1007, 41196, 41286, 41378, 41468
8460 12 -1
20620, 3242, 1480, 2979, 1465, 41239, 41377, 41517, 41655
8476 12 -1
20646, 1928, 1255, 2895, 1426, 41292, 41860, 42430, 42998
8492 12 -1
20693, 2164, 1042, 2303, 1369, 41385, 41617, 41851, 42083
8508 12 -1
20717, 1667, 1124, 2474, 990, 41433, 41903, 42374, 42844
8524 12 -1
20756, 3378, 663, 3148, 1245, 41512, 41917, 42324, 42729
8540 12 -1
20780, 3420, 2189, 2650, 914, 41559, 42581, 43604, 44626
8556 12 -1
20801, 2301, 60, 3101, 1489, 41601, 42715, 43830, 44944
8572 12 -1
20832, 2974, 620, 2779, 564, 41663, 41788, 41914, 42039
8588 12 -1
20858, 3081, 803, 3072, 1543, 41716, 42090, 42465, 42839
8604 12 -1
20891, 1695, 1676, 3008, 439, 41781, 43055, 44331, 45605
8620 12 -1
20919, 3102, 1077, 1659, 350, 41837, 42921, 44007, 45091
8636 12 -1
20948, 3131, 765, 2716, 1171, 41895, 42305, 42716, 43126
8652 12 -1
20983, 3098, 1883, 3583, 327, 41965, 42985, 44006, 45026
8668 12 -1
21016, 3104, 1206, 3196, 700, 42032, 42330, 42630, 42928
8684 12 -1
21046, 3157, 1442, 2362, 902, 42092, 42759, 43427, 44094
8700 12 -1
21082, 3385, 1234, 2626, 1341, 42164, 42596, 43030, 43462
8716 12 -1
21112, 3017, 1061, 3189, 449, 42224, 42615, 43008, 43399
8732 12 -1
21132, 2605, 601, 2655, 2151, 42263, 43062, 43863, 44662
8748 12 -1
21155, 3332, 528, 2646, 303, 42309, 42764, 43220, 43675
8764 12 -1
21192, 3646, 2133, 2681, 835, 42384, 43515, 44647, 45778
8780 12 -1
21218, 1792, 600, 2070, 795, 42436, 42672, 42909, 43145
8796 12 -1
21242, 2816, 1285, 2640, 545, 42483, 42940, 43399, 43856
8812 12 -1
21274, 2284, 1353, 3356, 850, 42548, 43335, 44123, 44910
8828 12 -1
21301, 3077, 433, 2348, 1357, 42602, 43428, 44255, 45081
8844 12 -1
21332, 2740, 1607, 3390, 1184, 42663, 43199, 43736, 44272
8860 12 -1
21370, 2624, 349, 2030, 1152, 42740, 43438, 44137, 44835
8876 12 -1
21412, 2417, 830, 2387, 945, 42824, 42896, 42969, 43041
8892 12 -1
21441, 2276, 1822, 2794, 802, 42881, 43649, 44419, 45187
8908 12 -1
21472, 2354, 1361, 2148, 53, 42944, 43700, 44458, 45214
8924 12 -1
21500, 2016, 147, 2531, 901, 42999, 43633, 44268, 44902
8940 12 -1
21540, 2170, 1159, 2761, 901, 43080, 43504, 43929, 44353
8956 12 -1
21581, 2751, 1349, 1788, 191, 43161, 44221, 45282, 46342
8972 12 -1
21614, 3505, 1483, 2684, 592, 43228, 44083, 44940, 45795
8988 12 -1
21649, 1691, 284, 1972, 632, 43298, 43612, 43927, 44241
9004 12 -1
21695, 2955, 965, 2175, 1991, 43390, 44292, 45196, 46098
9020 12 -1
21728, 2477, 1232, 2926, 1336, 43455, 43731, 44008, 44284
9036 12 -1
21765, 1974, 1582, 2861, 1131, 43529, 44197, 44867, 45535
9052 12 -1
21781, 3303, 938, 3557, 1658, 43561, 44047, 44535, 45021
9068 12 -1
21807, 4073, 1572, 3172, 528, 43614, 44586, 45559, 46531
9084 12 -1
21835, 3457, 495, 2701, 1102, 43670, 44351, 45033, 45714
9100 12 -1
21876, 3096, 783, 2321, 688, 43752, 44186, 44622, 45056
9116 12 -1
21904, 2130, 1954, 3449, 1993, 43807, 44485, 45165, 45843
9132 12 -1
21934, 2456, 1202, 2618, 1142, 43867, 43977, 44089, 44199
9148 12 -1
21973, 2603, 1407, 3471, 1490, 43946, 44421, 44897, 45372
9164 12 -1
21997, 3011, 962, 2756, 376, 43993, 44413, 44834, 45254
9180 12 -1
22017, 3218, 363, 2418, 441, 44033, 44471, 44911, 45349
9196 12 -1
22045, 3903, 1432, 3723, 848, 44089, 44470, 44853, 45234
9212 12 -1
22091, 2450, 617, 3284, 1089, 44182, 44834, 45488, 46140
9228 12 -1
22137, 3282, 124, 3027, 1675, 44274, 45176, 46080, 46982
9244 12 -1
22164, 2951, 1231, 2566, 1609, 44328, 44709, 45091, 45472
9260 12 -1
22214, 2483, 248, 3479, 1071, 44428, 45337, 46247, 47156
9276 12 -1
22241, 2750, 812, 3077, 318, 44482, 44892, 45303, 45713
9292 12 -1
22284, 3763, 652, 2321, 766, 44567, 45344, 46123, 46900
9308 12 -1
22313, 1780, 793, 2931, 924, 44625, 45265, 45907, 46547
9324 12 -1
22388, 2891, 997, 2968, 745, 44776, 44940, 45105, 45269
9340 12 -1
22414, 3526, 411, 2751, 1029, 44828, 45524, 46221, 46917
9356 12 -1
22457, 2219, 620, 1846, 712, 44913, 45145, 45378, 45610
9372 12 -1
22496, 3941, 563, 2838, 1512, 44991, 46016, 47043, 48068
9388 12 -1
22542, 2411, 1001, 2677, 2004, 45084, 45718, 46353, 46987
9404 12 -1
22569, 3032, 1379, 1925, 662, 45137, 46048, 46961, 47872
9420 12 -1
22621, 3259, 985, 2443, 1326, 45241, 45819, 46398, 46976
9436 12 -1
22671, 2290, 1185, 2151, 177, 45342, 45915, 46489, 47062
9452 12 -1
22709, 2991, 763, 3529, 589, 45418, 45773, 46130, 46485
9468 12 -1
22747, 2767, 841, 2322, 504, 45494, 45884, 46276, 46666
9484 12 -1
22808, 2995, 659, 2801, 655, 45615, 45713, 45813, 45911
9500 12 -1
22842, 3563, 934, 2800, 823, 45684, 46120, 46558, 46994
9516 12 -1
22891, 2706, 841, 3494, 1529, 45781, 46518, 47257, 47994
9532 12 -1
22946, 3416, 1550, 2519, 1575, 45891, 46351, 46813, 47273
9548 12 -1
22983, 2367, 971, 2555, 989, 45965, 46067, 46171, 46273
9564 12 -1
23023, 3104, 923, 2921, 766, 46045, 46214, 46385, 46554
9580 12 -1
23069, 2743, 1642, 2896, 1434, 46137, 46317, 46498, 46678
9596 12 -1
23102, 2389, 1599, 3692, 1277, 46204, 47016, 47829, 48641
9612 12 -1
23179, 2874, 809, 2576, 573, 46358, 46624, 46892, 47158
9628 12 -1
23220, 2738, 1452, 2709, 424, 46439, 46967, 47496, 48024
9644 12 -1
23253, 2652, 1209, 2489, 1018, 46506, 46682, 46860, 47036
9660 12 -1
23307, 3057, 674, 2779, 1390, 46614, 47110, 47608, 48104
9676 12 -1
23360, 3241, 1154, 3128, 950, 46719, 46877, 47036, 47194
9692 12 -1
23401, 2455, 686, 3196, 1573, 46801, 47614, 48429, 49242
9708 12 -1
23464, 2475, 902, 2730, 1020, 46927, 47113, 47300, 47486
9724 12 -1
23524, 2954, 1008, 2500, 1165, 47048, 47353, 47659, 47964
9740 12 -1
23561, 3134, 1056, 2706, 1531, 47121, 47572, 48024, 48475
9756 12 -1
23608, 3117, 2, 3161, 1079, 47215, 47775, 48336, 48896
9772 12 -1
23649, 2265, 1073, 2596, 733, 47298, 47633, 47969, 48304
9788 12 -1
23716, 2705, 1638, 2117, 2101, 47431, 47956, 48482, 49007
9804 12 -1
23762, 2463, 719, 3618, 982, 47524, 48232, 48942, 49650
9820 12 -1
23817, 2900, 1016, 2814, 802, 47633, 47782, 47933, 48082
9836 12 -1
23864, 3017, 1547, 2895, 1180, 47728, 47972, 48217, 48461
9852 12 -1
23915, 3012, 943, 3319, 453, 47830, 48228, 48627, 49025
9868 12 -1
23969, 2297, 887, 3196, 399, 47938, 48631, 49325, 50018
9884 12 -1
24027, 3759, 1224, 3288, 1697, 48054, 48525, 48998, 49469
9900 12 -1
24107, 2239, 541, 2178, 1224, 48214, 48585, 48958, 49329
9916 12 -1
24159, 3890, 1124, 3467, 1675, 48317, 48803, 49291, 49777
9932 12 -1
24232, 2160, 1318, 2510, 925, 48463, 48834, 49206, 49577
9948 12 -1
24303, 3272, 1069, 3434, 866, 48605, 48787, 48970, 49152
9964 12 -1
24403, 2579, 941, 1840, 804, 48805, 49242, 49681, 50118
9980 12 -1
24522, 2833, 1018, 3315, 963, 49044, 49312, 49581, 49849
9996 12 -1
24725, 2821, 968, 2800, 1237, 49449, 49593, 49739, 49883
