-------------------------------------------------------------------------
TPs satisfied = 136; Total TPs = 625; Percentage Satisfied + 21.8%
-------------------------------------------------------------------------

-------------------------------------------------------------------------

EVs

-------------------------------------------------------------------------
--------------------------------------
EV1
--------------------------------------
Num TPs served = 12
TPs served = 1 1025 1249 1425 2513 2625 2913 2929 4545 4737 5169 5713
Total energy used = 35418
--------------------------------------
Schedule:
0 1 1250 1250 1250 1250 0 0 35632 35632 0 1 0
1 915 1250 1250 1985 1071 0 1 35632 34718 1 3230 914
915 9205 1985 1071 9999 795 1 0 34718 26428 -1 3230 8290
9205 16497 9999 795 3604 1692 0 1 26428 19136 1025 1527 7292
16497 17707 3604 1692 2789 2087 1 2 19136 17926 1249 411 1210
17707 18230 2789 2087 2722 1631 2 3 17926 17403 1425 305 523
18230 19035 2722 1631 2679 869 3 2 17403 16598 -1425 305 805
19035 19783 2679 869 2574 226 2 1 16598 15850 -1249 411 748
19783 21728 2574 226 762 93 1 0 15850 13905 -1025 737 1945
21728 21887 762 93 762 93 0 0 13905 13905 0 159 0
21887 23618 762 93 2074 512 0 1 13905 12174 2625 333 1731
23618 24286 2074 512 2640 410 1 0 12174 11506 -2625 333 668
24286 24669 2640 410 2969 464 0 1 11506 11123 2513 196 383
24669 24802 2969 464 3017 549 1 2 11123 10990 2913 590 133
24802 24967 3017 549 2955 652 2 3 10990 10825 2929 230 165
24967 25879 2955 652 2379 988 3 2 10825 9913 -2929 230 912
25879 26216 2379 988 2295 1241 2 1 9913 9576 -2913 590 337
26216 28195 2295 1241 330 1227 1 0 9576 7597 -2513 72 1979
28195 28209 330 1227 330 1227 0 0 7597 7597 0 14 0
28209 29872 330 1227 1691 925 0 1 7597 5934 4545 1094 1663
29872 30756 1691 925 2489 839 1 2 5934 5050 4737 450 884
30756 30761 2489 839 2489 839 2 2 5050 5050 0 5 0
30761 31584 2489 839 3146 673 2 3 5050 4227 5169 109 823
31584 31803 3146 673 3110 856 3 2 4227 4008 -5169 109 219
31803 32781 3110 856 3193 1751 2 1 4008 3030 -4737 41 978
32781 32919 3193 1751 3118 1688 1 0 3030 2892 -4545 237 138
32919 33372 3118 1688 2979 1374 0 1 2892 2439 5713 225 453
33372 34329 2979 1374 2332 1064 1 0 2439 1482 -5713 225 957
34329 48732 2332 1064 2332 1064 0 0 1482 1482 0 14403 0
48732 50000 2332 1064 1250 1250 0 0 1482 214 1000000000 0 1268
--------------------------------------
--------------------------------------
EV2
--------------------------------------
Num TPs served = 9
TPs served = 65 145 1873 2049 3953 4241 4593 4929 6177
Total energy used = 35512
--------------------------------------
Schedule:
0 1 1250 1250 1250 1250 0 0 35632 35632 0 1 0
1 2165 1250 1250 3229 1065 0 1 35632 33468 65 2556 2164
2165 3469 3229 1065 2464 1604 1 2 33468 32164 145 22 1304
3469 4740 2464 1604 3585 1454 2 1 32164 30893 -145 22 1271
4740 13436 3585 1454 9999 3736 1 0 30893 22197 -65 726 8696
13436 21835 9999 3736 3577 1759 0 1 22197 13798 2049 494 8399
21835 22255 3577 1759 3160 1756 1 2 13798 13378 1873 352 420
22255 23938 3160 1756 1974 1259 2 1 13378 11695 -2049 494 1683
23938 26433 1974 1259 313 425 1 0 11695 9200 -1873 352 2495
26433 28434 313 425 1810 929 0 1 9200 7199 3953 518 2001
28434 29087 1810 929 2423 969 1 2 7199 6546 4241 320 653
29087 29187 2423 969 2423 969 2 2 6546 6546 0 100 0
29187 30002 2423 969 3017 748 2 3 6546 5731 4593 307 815
30002 30140 3017 748 3007 620 3 2 5731 5593 -4241 200 138
30140 30574 3007 620 3317 744 2 1 5593 5159 -3953 70 434
30574 30893 3317 744 3500 880 1 0 5159 4840 -4593 31 319
30893 31427 3500 880 3427 419 0 1 4840 4306 4929 302 534
31427 33117 3427 419 2764 1446 1 0 4306 2616 -4929 302 1690
33117 33754 2764 1446 2764 1446 0 0 2616 2616 0 637 0
33754 34299 2764 1446 3139 1276 0 1 2616 2071 6177 362 545
34299 35024 3139 1276 2432 1294 1 0 2071 1346 -6177 362 725
35024 48774 2432 1294 2432 1294 0 0 1346 1346 0 13750 0
48774 50000 2432 1294 1250 1250 0 0 1346 120 1000000000 0 1226
--------------------------------------
--------------------------------------
EV3
--------------------------------------
Num TPs served = 10
TPs served = 161 193 225 2145 2705 3377 3585 4449 5297 5345
Total energy used = 34784
--------------------------------------
Schedule:
0 1776 1250 1250 1250 1250 0 0 35632 35632 0 1776 0
1776 3406 1250 1250 2825 1305 0 1 35632 34002 161 497 1630
3406 4401 2825 1305 2027 1502 1 0 34002 33007 -161 497 995
4401 4603 2027 1502 2027 1502 0 0 33007 33007 0 202 0
4603 5208 2027 1502 2348 1786 0 1 33007 32402 225 824 605
5208 6858 2348 1786 3204 992 1 0 32402 30752 -225 824 1650
6858 6926 3204 992 3151 977 0 1 30752 30684 193 1296 68
6926 14576 3151 977 9999 175 1 0 30684 23034 -193 1296 7650
14576 22052 9999 175 3054 706 0 1 23034 15558 2145 310 7476
22052 23529 3054 706 1951 1080 1 0 15558 14081 -2145 310 1477
23529 24518 1951 1080 2274 414 0 1 14081 13092 2705 60 989
24518 25819 2274 414 3424 565 1 0 13092 11791 -2705 60 1301
25819 25986 3424 565 3424 565 0 0 11791 11791 0 167 0
25986 26851 3424 565 3198 1204 0 1 11791 10926 3585 351 865
26851 27173 3198 1204 3034 1362 1 2 10926 10604 3377 61 322
27173 27870 3034 1362 2736 963 2 1 10604 9907 -3585 35 697
27870 29375 2736 963 2050 144 1 0 9907 8402 -3377 61 1505
29375 30239 2050 144 2858 200 0 1 8402 7538 4449 155 864
30239 31937 2858 200 2947 1809 1 0 7538 5840 -4449 155 1698
31937 32471 2947 1809 2528 1694 0 1 5840 5306 5297 223 534
32471 33152 2528 1694 2089 1452 1 2 5306 4625 5345 154 681
33152 33948 2089 1452 2080 665 2 1 4625 3829 -5297 223 796
33948 35561 2080 665 715 417 1 0 3829 2216 -5345 154 1613
35561 48632 715 417 715 417 0 0 2216 2216 0 13071 0
48632 50000 715 417 1250 1250 0 0 2216 848 1000000000 0 1368
--------------------------------------
--------------------------------------
EV4
--------------------------------------
Num TPs served = 19
TPs served = 177 337 369 721 961 1041 1281 1345 1825 2017 2561 2785 3073 3489 4609 5057 5985 6417 7809
Total energy used = 35576
--------------------------------------
Schedule:
0 2059 1250 1250 1250 1250 0 0 35632 35632 0 2059 0
2059 4502 1250 1250 2652 209 0 1 35632 33189 177 865 2443
4502 7004 2652 209 1693 1752 1 0 33189 30687 -177 865 2502
7004 7211 1693 1752 1693 1752 0 0 30687 30687 0 207 0
7211 7717 1693 1752 1918 1471 0 1 30687 30181 337 399 506
7717 8517 1918 1471 2660 1413 1 0 30181 29381 -337 399 800
8517 9662 2660 1413 2791 399 0 1 29381 28236 369 103 1145
9662 12681 2791 399 3600 2609 1 0 28236 25217 -369 103 3019
12681 13726 3600 2609 2938 2226 0 1 25217 24172 721 281 1045
13726 15168 2938 2226 2583 1139 1 0 24172 22730 -721 281 1442
15168 15728 2583 1139 2312 850 0 1 22730 22170 961 164 560
15728 16170 2312 850 2648 956 1 2 22170 21728 1041 202 442
16170 16697 2648 956 2870 1261 2 1 21728 21201 -961 164 527
16697 17076 2870 1261 3010 1500 1 0 21201 20822 -1041 202 379
17076 17451 3010 1500 2918 1783 0 1 20822 20447 1281 155 375
17451 18012 2918 1783 2907 1233 1 0 20447 19886 -1281 155 561
18012 18359 2907 1233 2597 1196 0 1 19886 19539 1345 127 347
18359 19888 2597 1196 3952 1022 1 0 19539 18010 -1345 127 1529
19888 20653 3952 1022 3403 1238 0 1 18010 17245 1825 576 765
20653 21471 3403 1238 2816 1007 1 2 17245 16427 2017 22 818
21471 22129 2816 1007 2412 1261 2 1 16427 15769 -2017 22 658
22129 22992 2412 1261 1839 1551 1 0 15769 14906 -1825 114 863
22992 23137 1839 1551 1839 1551 0 0 14906 14906 0 145 0
23137 23340 1839 1551 1905 1414 0 1 14906 14703 2561 533 203
23340 24441 1905 1414 2679 1087 1 2 14703 13602 2785 312 1101
24441 24605 2679 1087 2580 1022 2 1 13602 13438 -2561 335 164
24605 25652 2580 1022 3529 924 1 0 13438 12391 -2785 114 1047
25652 26310 3529 924 3868 1243 0 1 12391 11733 3073 476 658
26310 27074 3868 1243 3332 1015 1 2 11733 10969 3489 433 764
27074 29077 3332 1015 1887 457 2 1 10969 8966 -3489 433 2003
29077 29508 1887 457 1634 279 1 0 8966 8535 -3073 476 431
29508 30674 1634 279 1852 1227 0 1 8535 7369 4609 133 1166
30674 31806 1852 1227 2655 1556 1 2 7369 6237 5057 216 1132
31806 32208 2655 1556 2992 1621 2 1 6237 5835 -4609 133 402
32208 33266 2992 1621 3805 1866 1 0 5835 4777 -5057 216 1058
33266 34161 3805 1866 3520 1256 0 1 4777 3882 5985 443 895
34161 34306 3520 1256 3520 1256 1 1 3882 3882 0 145 0
34306 34944 3520 1256 3014 1388 1 2 3882 3244 6417 188 638
34944 35322 3014 1388 2821 1203 2 1 3244 2866 -6417 188 378
35322 36179 2821 1203 2384 783 1 0 2866 2009 -5985 34 857
36179 38544 2384 783 2384 783 0 0 2009 2009 0 2365 0
38544 39011 2384 783 2560 1074 0 1 2009 1542 7809 118 467
39011 39249 2560 1074 2410 1162 1 0 1542 1304 -7809 118 238
39249 48752 2410 1162 2410 1162 0 0 1304 1304 0 9503 0
48752 50000 2410 1162 1250 1250 0 0 1304 56 1000000000 0 1248
--------------------------------------
--------------------------------------
EV5
--------------------------------------
Num TPs served = 3
TPs served = 209 257 7265
Total energy used = 35620
--------------------------------------
Schedule:
0 2753 1250 1250 1250 1250 0 0 35632 35632 0 2753 0
2753 4857 1250 1250 3192 1412 0 1 35632 33528 209 7155 2104
4857 5128 3192 1412 3192 1412 1 1 33528 33528 0 271 0
5128 6023 3192 1412 3229 554 1 2 33528 32633 257 625 895
6023 7274 3229 554 2717 1293 2 1 32633 31382 -257 625 1251
7274 22179 2717 1293 9999 8916 1 0 31382 16477 -209 4144 14905
22179 23396 9999 8916 9999 8916 0 0 16477 16477 0 1217 0
23396 37366 9999 8916 3077 1868 0 1 16477 2507 7265 551 13970
37366 38470 3077 1868 2616 1225 1 0 2507 1403 -7265 551 1104
38470 48609 2616 1225 2616 1225 0 0 1403 1403 0 10139 0
48609 50000 2616 1225 1250 1250 0 0 1403 12 1000000000 0 1391
--------------------------------------
--------------------------------------
EV6
--------------------------------------
Num TPs served = 15
TPs served = 241 385 449 465 561 4177 4561 4977 5377 5889 5953 6977 7713 8305 9185
Total energy used = 35606
--------------------------------------
Schedule:
0 4448 1250 1250 1250 1250 0 0 35632 35632 0 4448 0
4448 5550 1250 1250 2173 1429 0 1 35632 34530 241 664 1102
5550 6880 2173 1429 2694 620 1 0 34530 33200 -241 664 1330
6880 8206 2694 620 2694 620 0 0 33200 33200 0 1326 0
8206 8601 2694 620 2665 986 0 1 33200 32805 385 209 395
8601 9021 2665 986 3002 1069 1 0 32805 32385 -385 209 420
9021 9122 3002 1069 3002 1069 0 0 32385 32385 0 101 0
9122 9724 3002 1069 2530 939 0 1 32385 31783 449 445 602
9724 10616 2530 939 3180 697 1 0 31783 30891 -449 445 892
10616 11405 3180 697 2420 726 0 1 30891 30102 561 782 789
11405 13005 2420 726 3561 1185 1 0 30102 28502 -561 782 1600
13005 13941 3561 1185 2711 1271 0 1 28502 27566 465 91 936
13941 22155 2711 1271 9999 345 1 0 27566 19352 -465 91 8214
22155 29228 9999 345 3663 1082 0 1 19352 12279 4177 16 7073
29228 30148 3663 1082 2843 982 1 0 12279 11359 -4177 16 920
30148 30497 2843 982 3177 967 0 1 11359 11010 4561 8 349
30497 31673 3177 967 2188 780 1 0 11010 9834 -4561 8 1176
31673 32380 2188 780 2143 118 0 1 9834 9127 4977 154 707
32380 32824 2143 118 2556 87 1 2 9127 8683 5377 270 444
32824 33852 2556 87 2764 907 2 3 8683 7655 5889 788 1028
33852 34374 2764 907 3223 970 3 4 7655 7133 5953 103 522
34374 34652 3223 970 3262 1209 4 3 7133 6855 -5377 270 278
34652 35410 3262 1209 3582 1647 3 2 6855 6097 -4977 92 758
35410 35934 3582 1647 3883 1870 2 1 6097 5573 -5953 103 524
35934 36528 3883 1870 3643 2224 1 0 5573 4979 -5889 308 594
36528 37117 3643 2224 3163 2115 0 1 4979 4390 6977 87 589
37117 38546 3163 2115 2871 978 1 0 4390 2961 -6977 87 1429
38546 38773 2871 978 3051 931 0 1 2961 2734 7713 250 227
38773 39357 3051 931 2761 637 1 0 2734 2150 -7713 250 584
39357 40649 2761 637 2761 637 0 0 2150 2150 0 1292 0
40649 40728 2761 637 2745 700 0 1 2150 2071 8305 73 79
40728 40876 2745 700 2635 738 1 0 2071 1923 -8305 73 148
40876 43701 2635 738 2635 738 0 0 1923 1923 0 2825 0
43701 44048 2635 738 2505 955 0 1 1923 1576 9185 216 347
44048 44482 2505 955 2122 1006 1 0 1576 1142 -9185 216 434
44482 48884 2122 1006 2122 1006 0 0 1142 1142 0 4402 0
48884 50000 2122 1006 1250 1250 0 0 1142 26 1000000000 0 1116
--------------------------------------
--------------------------------------
EV7
--------------------------------------
Num TPs served = 19
TPs served = 273 401 481 641 673 913 1009 1585 1649 1937 2657 3297 3569 3809 4753 5089 5425 5649 7473
Total energy used = 35046
--------------------------------------
Schedule:
0 4401 1250 1250 1250 1250 0 0 35632 35632 0 4401 0
4401 6366 1250 1250 2522 557 0 1 35632 33667 273 384 1965
6366 7135 2522 557 2019 291 1 0 33667 32898 -273 384 769
7135 8190 2019 291 2019 291 0 0 32898 32898 0 1055 0
8190 8939 2019 291 2714 345 0 1 32898 32149 401 129 749
8939 9198 2714 345 2480 320 1 0 32149 31890 -401 129 259
9198 10862 2480 320 1938 1442 0 1 31890 30226 481 236 1664
10862 10886 1938 1442 1938 1442 1 1 30226 30226 0 24 0
10886 12438 1938 1442 2867 819 1 2 30226 28674 641 307 1552
12438 12459 2867 819 2877 808 2 1 28674 28653 -481 212 21
12459 12587 2877 808 2877 808 1 1 28653 28653 0 128 0
12587 12757 2877 808 2848 949 1 2 28653 28483 673 651 170
12757 13256 2848 949 2864 1432 2 1 28483 27984 -641 105 499
13256 14061 2864 1432 3011 2090 1 0 27984 27179 -673 651 805
14061 15163 3011 2090 3154 1131 0 1 27179 26077 913 472 1102
15163 16378 3154 1131 2565 505 1 2 26077 24862 1009 185 1215
16378 16438 2565 505 2560 450 2 1 24862 24802 -913 472 60
16438 18144 2560 450 1810 1406 1 0 24802 23096 -1009 75 1706
18144 18192 1810 1406 1810 1406 0 0 23096 23096 0 48 0
18192 18962 1810 1406 2496 1490 0 1 23096 22326 1585 532 770
18962 19444 2496 1490 2253 1251 1 2 22326 21844 1649 456 482
19444 20513 2253 1251 3150 1079 2 1 21844 20775 -1585 46 1069
20513 20891 3150 1079 3325 1282 1 0 20775 20397 -1649 112 378
20891 21998 3325 1282 2664 1728 0 1 20397 19290 1937 38 1107
21998 24034 2664 1728 3120 148 1 2 19290 17254 2657 511 2036
24034 24370 3120 148 3393 85 2 1 17254 16918 -1937 38 336
24370 26067 3393 85 3241 1630 1 0 16918 15221 -2657 81 1697
26067 26864 3241 1630 2537 1723 0 1 15221 14424 3569 446 797
26864 26918 2537 1723 2519 1687 1 2 14424 14370 3297 9 54
26918 27924 2519 1687 2690 852 2 1 14370 13364 -3569 410 1006
27924 28513 2690 852 2799 372 1 2 13364 12775 3809 307 589
28513 29009 2799 372 3291 376 2 1 12775 12279 -3297 1 496
29009 30597 3291 376 3489 1766 1 2 12279 10691 4753 2089 1588
30597 30985 3489 1766 3812 1831 2 1 10691 10303 -3809 307 388
30985 31490 3812 1831 4103 1617 1 2 10303 9798 5089 1392 505
31490 32683 4103 1617 3289 1238 2 3 9798 8605 5425 396 1193
32683 32688 3289 1238 3289 1238 3 3 8605 8605 0 5 0
32688 32911 3289 1238 3484 1210 3 4 8605 8382 5649 43 223
32911 32998 3484 1210 3405 1202 4 3 8382 8295 -5649 43 87
32998 34606 3405 1202 2216 783 3 2 8295 6687 -5425 1 1608
34606 35156 2216 783 2347 364 2 1 6687 6137 -5089 735 550
35156 37116 2347 364 485 266 1 0 6137 4177 -4753 74 1960
37116 38514 485 266 1859 242 0 1 4177 2779 7473 238 1398
38514 40081 1859 242 1588 1538 1 0 2779 1212 -7473 238 1567
40081 49374 1588 1538 1588 1538 0 0 1212 1212 0 9293 0
49374 50000 1588 1538 1250 1250 0 0 1212 586 1000000000 0 626
--------------------------------------
--------------------------------------
EV8
--------------------------------------
Num TPs served = 20
TPs served = 289 417 577 1057 1217 1409 2577 3201 3665 4289 4817 4849 5137 5393 5969 6401 6753 7297 7665 8049
Total energy used = 35468
--------------------------------------
Schedule:
0 4290 1250 1250 1250 1250 0 0 35632 35632 0 4290 0
4290 6791 1250 1250 2932 431 0 1 35632 33131 289 310 2501
6791 7412 2932 431 2863 983 1 0 33131 32510 -289 310 621
7412 7782 2863 983 2863 983 0 0 32510 32510 0 370 0
7782 9299 2863 983 2051 1688 0 1 32510 30993 417 871 1517
9299 11042 2051 1688 3586 1480 1 0 30993 29250 -417 871 1743
11042 12703 3586 1480 3082 323 0 1 29250 27589 577 137 1661
12703 15111 3082 323 1766 1415 1 0 27589 25181 -577 137 2408
15111 16022 1766 1415 2449 1643 0 1 25181 24270 1057 1001 911
16022 16587 2449 1643 2449 1643 1 1 24270 24270 0 565 0
16587 16913 2449 1643 2326 1440 1 2 24270 23944 1217 116 326
16913 17146 2326 1440 2486 1367 2 1 23944 23711 -1217 116 233
17146 18340 2486 1367 2906 593 1 2 23711 22517 1409 1025 1194
18340 18879 2906 593 3132 280 2 1 22517 21978 -1057 190 539
18879 21581 3132 280 466 316 1 0 21978 19276 -1409 501 2702
21581 24013 466 316 2551 663 0 1 19276 16844 2577 147 2432
24013 25519 2551 663 3535 1185 1 0 16844 15338 -2577 147 1506
25519 26590 3535 1185 4156 1635 0 1 15338 14267 3201 277 1071
26590 27608 4156 1635 3961 812 1 2 14267 13249 3665 136 1018
27608 28938 3961 812 2644 799 2 1 13249 11919 -3665 136 1330
28938 29065 2644 799 2517 799 1 0 11919 11792 -3201 277 127
29065 29399 2517 799 2389 1005 0 1 11792 11458 4289 66 334
29399 30191 2389 1005 2316 1724 1 0 11458 10666 -4289 66 792
30191 30434 2316 1724 2316 1724 0 0 10666 10666 0 243 0
30434 30602 2316 1724 2337 1871 0 1 10666 10498 4817 269 168
30602 31141 2337 1871 2701 1696 1 0 10498 9959 -4817 269 539
31141 31490 2701 1696 2703 1349 0 1 9959 9610 4849 232 349
31490 31673 2703 1349 2776 1239 1 2 9610 9427 5137 547 183
31673 32346 2776 1239 3108 898 2 3 9427 8754 5393 39 673
32346 32656 3108 898 3338 818 3 2 8754 8444 -5393 39 310
32656 33114 3338 818 3349 371 2 1 8444 7986 -5137 547 458
33114 33564 3349 371 3508 80 1 0 7986 7536 -4849 232 450
33564 33933 3508 80 3314 255 0 1 7536 7167 5969 540 369
33933 35404 3314 255 2204 616 1 2 7167 5696 6401 144 1471
35404 35435 2204 616 2220 601 2 1 5696 5665 -5969 478 31
35435 35908 2220 601 2609 685 1 2 5665 5192 6753 519 473
35908 36730 2609 685 3129 987 2 1 5192 4370 -6401 114 822
36730 37206 3129 987 3129 987 1 1 4370 4370 0 476 0
37206 37461 3129 987 3378 993 1 2 4370 4115 7297 259 255
37461 37578 3378 993 3485 1003 2 1 4115 3998 -6753 43 117
37578 38215 3485 1003 2890 961 1 0 3998 3361 -7297 25 637
38215 38695 2890 961 2552 819 0 1 3361 2881 7665 22 480
38695 39006 2552 819 2652 1030 1 0 2881 2570 -7665 22 311
39006 39491 2652 1030 2652 1030 0 0 2570 2570 0 485 0
39491 39785 2652 1030 2717 801 0 1 2570 2276 8049 273 294
39785 40332 2717 801 2783 1282 1 0 2276 1729 -8049 273 547
40332 48435 2783 1282 2783 1282 0 0 1729 1729 0 8103 0
48435 50000 2783 1282 1250 1250 0 0 1729 164 1000000000 0 1565
--------------------------------------
--------------------------------------
EV9
--------------------------------------
Num TPs served = 12
TPs served = 305 497 609 753 1089 1233 1377 1617 1969 2769 7745 8017
Total energy used = 35502
--------------------------------------
Schedule:
0 5479 1250 1250 1250 1250 0 0 35632 35632 0 5479 0
5479 7046 1250 1250 2814 1253 0 1 35632 34065 305 473 1567
7046 7993 2814 1253 3010 502 1 0 34065 33118 -305 473 947
7993 8378 3010 502 3010 502 0 0 33118 33118 0 385 0
8378 10457 3010 502 2162 1733 0 1 33118 31039 497 1027 2079
10457 10825 2162 1733 2162 1733 1 1 31039 31039 0 368 0
10825 12080 2162 1733 2230 546 1 2 31039 29784 609 568 1255
12080 12881 2230 546 2849 364 2 1 29784 28983 -497 659 801
12881 13581 2849 364 3026 887 1 0 28983 28283 -609 204 700
13581 13932 3026 887 3043 1221 0 1 28283 27932 753 291 351
13932 15140 3043 1221 1909 1147 1 0 27932 26724 -753 291 1208
15140 15782 1909 1147 1909 1147 0 0 26724 26724 0 642 0
15782 16197 1909 1147 1769 872 0 1 26724 26309 1089 563 415
16197 16446 1769 872 1769 872 1 1 26309 26309 0 249 0
16446 17018 1769 872 2280 933 1 2 26309 25737 1233 57 572
17018 17134 2280 933 2251 1020 2 1 25737 25621 -1233 57 116
17134 17631 2251 1020 2545 1223 1 0 25621 25124 -1089 256 497
17631 18442 2545 1223 2229 1718 0 1 25124 24313 1377 26 811
18442 19650 2229 1718 3302 1583 1 0 24313 23105 -1377 26 1208
19650 19996 3302 1583 3440 1791 0 1 23105 22759 1617 305 346
19996 22304 3440 1791 1715 1208 1 0 22759 20451 -1617 305 2308
22304 23054 1715 1208 1715 1208 0 0 20451 20451 0 750 0
23054 24171 1715 1208 2381 757 0 1 20451 19334 2769 629 1117
24171 24599 2381 757 2319 391 1 2 19334 18906 1969 395 428
24599 25555 2319 391 3209 325 2 1 18906 17950 -2769 505 956
25555 32658 3209 325 9999 12 1 0 17950 10847 -1969 395 7103
32658 39881 9999 12 3046 282 0 1 10847 3624 7745 212 7223
39881 40084 3046 282 3065 466 1 2 3624 3421 8017 311 203
40084 41497 3065 466 2782 1596 2 1 3421 2008 -8017 311 1413
41497 42486 2782 1596 1810 1579 1 0 2008 1019 -7745 140 989
42486 49111 1810 1579 1810 1579 0 0 1019 1019 0 6625 0
49111 50000 1810 1579 1250 1250 0 0 1019 130 1000000000 0 889
--------------------------------------
--------------------------------------
EV10
--------------------------------------
Num TPs served = 5
TPs served = 321 353 529 9025 9713
Total energy used = 35510
--------------------------------------
Schedule:
0 6557 1250 1250 1250 1250 0 0 35632 35632 0 6557 0
6557 7277 1250 1250 1779 1059 0 1 35632 34912 321 8448 720
7277 8061 1779 1059 2319 815 1 2 34912 34128 353 8237 784
8061 10186 2319 815 2319 815 2 2 34128 34128 0 2125 0
10186 10922 2319 815 2608 1262 2 3 34128 33392 529 390 736
10922 11704 2608 1262 3212 1440 3 2 33392 32610 -529 390 782
11704 26728 3212 1440 9999 9677 2 1 32610 17586 -353 6112 15024
26728 26788 9999 9677 9999 9737 1 0 17586 17526 -321 5835 60
26788 28385 9999 9737 9999 9737 0 0 17526 17526 0 1597 0
28385 43468 9999 9737 3293 1360 0 1 17526 2443 9025 184 15083
43468 43837 3293 1360 2955 1391 1 0 2443 2074 -9025 184 369
43837 46572 2955 1391 2955 1391 0 0 2074 2074 0 2735 0
46572 46982 2955 1391 2598 1444 0 1 2074 1664 9713 114 410
46982 47211 2598 1444 2447 1366 1 0 1664 1435 -9713 114 229
47211 48687 2447 1366 2447 1366 0 0 1435 1435 0 1476 0
48687 50000 2447 1366 1250 1250 0 0 1435 122 1000000000 0 1313
--------------------------------------
--------------------------------------
EV11
--------------------------------------
Num TPs served = 12
TPs served = 513 593 769 801 1073 1553 1793 2241 3121 3889 9457 9537
Total energy used = 35594
--------------------------------------
Schedule:
0 8468 1250 1250 1250 1250 0 0 35632 35632 0 8468 0
8468 10682 1250 1250 3250 1036 0 1 35632 33418 513 290 2214
10682 11263 3250 1036 2936 769 1 0 33418 32837 -513 290 581
11263 11393 2936 769 2936 769 0 0 32837 32837 0 130 0
11393 11848 2936 769 2535 823 0 1 32837 32382 593 501 455
11848 12851 2535 823 2724 1637 1 0 32382 31379 -593 501 1003
12851 13975 2724 1637 2329 908 0 1 31379 30255 769 112 1124
13975 14093 2329 908 2407 868 1 2 30255 30137 801 731 118
14093 14811 2407 868 2855 1138 2 1 30137 29419 -769 32 718
14811 15755 2855 1138 3457 1480 1 0 29419 28475 -801 731 944
15755 16553 3457 1480 3314 825 0 1 28475 27677 1073 304 798
16553 18127 3314 825 2078 1163 1 0 27677 26103 -1073 304 1574
18127 18970 2078 1163 2370 612 0 1 26103 25260 1553 191 843
18970 19707 2370 612 1837 816 1 0 25260 24523 -1553 191 737
19707 20649 1837 816 2265 1330 0 1 24523 23581 1793 235 942
20649 22138 2265 1330 3610 1186 1 0 23581 22092 -1793 235 1489
22138 22724 3610 1186 3070 1232 0 1 22092 21506 2241 528 586
22724 25077 3070 1232 4110 2545 1 0 21506 19153 -2241 528 2353
25077 26155 4110 2545 4110 2545 0 0 19153 19153 0 1078 0
26155 27868 4110 2545 3326 1616 0 1 19153 17440 3889 340 1713
27868 28550 3326 1616 3165 1095 1 0 17440 16758 -3889 340 682
28550 28784 3165 1095 3344 1150 0 1 16758 16524 3121 141 234
28784 35913 3344 1150 9999 676 1 0 16524 9395 -3121 141 7129
35913 38753 9999 676 9999 676 0 0 9395 9395 0 2840 0
38753 45449 9999 676 3320 659 0 1 9395 2699 9457 250 6696
45449 45951 3320 659 2960 801 1 0 2699 2197 -9457 250 502
45951 46114 2960 801 2871 875 0 1 2197 2034 9537 270 163
46114 47082 2871 875 2176 1148 1 0 2034 1066 -9537 270 968
47082 48972 2176 1148 2176 1148 0 0 1066 1066 0 1890 0
48972 50000 2176 1148 1250 1250 0 0 1066 38 1000000000 0 1028
--------------------------------------

-------------------------------------------------------------------------

TPs

-------------------------------------------------------------------------

----------------------
TP1 allocated to 1
----------------------

----------------------
TP17 not allocated
----------------------

----------------------
TP33 not allocated
----------------------

----------------------
TP49 not allocated
----------------------

----------------------
TP65 allocated to 2
----------------------

----------------------
TP81 not allocated
----------------------

----------------------
TP97 not allocated
----------------------

----------------------
TP113 not allocated
----------------------

----------------------
TP129 not allocated
----------------------

----------------------
TP145 allocated to 2
----------------------

----------------------
TP161 allocated to 3
----------------------

----------------------
TP177 allocated to 4
----------------------

----------------------
TP193 allocated to 3
----------------------

----------------------
TP209 allocated to 5
----------------------

----------------------
TP225 allocated to 3
----------------------

----------------------
TP241 allocated to 6
----------------------

----------------------
TP257 allocated to 5
----------------------

----------------------
TP273 allocated to 7
----------------------

----------------------
TP289 allocated to 8
----------------------

----------------------
TP305 allocated to 9
----------------------

----------------------
TP321 allocated to 10
----------------------

----------------------
TP337 allocated to 4
----------------------

----------------------
TP353 allocated to 10
----------------------

----------------------
TP369 allocated to 4
----------------------

----------------------
TP385 allocated to 6
----------------------

----------------------
TP401 allocated to 7
----------------------

----------------------
TP417 allocated to 8
----------------------

----------------------
TP433 not allocated
----------------------

----------------------
TP449 allocated to 6
----------------------

----------------------
TP465 allocated to 6
----------------------

----------------------
TP481 allocated to 7
----------------------

----------------------
TP497 allocated to 9
----------------------

----------------------
TP513 allocated to 11
----------------------

----------------------
TP529 allocated to 10
----------------------

----------------------
TP545 not allocated
----------------------

----------------------
TP561 allocated to 6
----------------------

----------------------
TP577 allocated to 8
----------------------

----------------------
TP593 allocated to 11
----------------------

----------------------
TP609 allocated to 9
----------------------

----------------------
TP625 not allocated
----------------------

----------------------
TP641 allocated to 7
----------------------

----------------------
TP657 not allocated
----------------------

----------------------
TP673 allocated to 7
----------------------

----------------------
TP689 not allocated
----------------------

----------------------
TP705 not allocated
----------------------

----------------------
TP721 allocated to 4
----------------------

----------------------
TP737 not allocated
----------------------

----------------------
TP753 allocated to 9
----------------------

----------------------
TP769 allocated to 11
----------------------

----------------------
TP785 not allocated
----------------------

----------------------
TP801 allocated to 11
----------------------

----------------------
TP817 not allocated
----------------------

----------------------
TP833 not allocated
----------------------

----------------------
TP849 not allocated
----------------------

----------------------
TP865 not allocated
----------------------

----------------------
TP881 not allocated
----------------------

----------------------
TP897 not allocated
----------------------

----------------------
TP913 allocated to 7
----------------------

----------------------
TP929 not allocated
----------------------

----------------------
TP945 not allocated
----------------------

----------------------
TP961 allocated to 4
----------------------

----------------------
TP977 not allocated
----------------------

----------------------
TP993 not allocated
----------------------

----------------------
TP1009 allocated to 7
----------------------

----------------------
TP1025 allocated to 1
----------------------

----------------------
TP1041 allocated to 4
----------------------

----------------------
TP1057 allocated to 8
----------------------

----------------------
TP1073 allocated to 11
----------------------

----------------------
TP1089 allocated to 9
----------------------

----------------------
TP1105 not allocated
----------------------

----------------------
TP1121 not allocated
----------------------

----------------------
TP1137 not allocated
----------------------

----------------------
TP1153 not allocated
----------------------

----------------------
TP1169 not allocated
----------------------

----------------------
TP1185 not allocated
----------------------

----------------------
TP1201 not allocated
----------------------

----------------------
TP1217 allocated to 8
----------------------

----------------------
TP1233 allocated to 9
----------------------

----------------------
TP1249 allocated to 1
----------------------

----------------------
TP1265 not allocated
----------------------

----------------------
TP1281 allocated to 4
----------------------

----------------------
TP1297 not allocated
----------------------

----------------------
TP1313 not allocated
----------------------

----------------------
TP1329 not allocated
----------------------

----------------------
TP1345 allocated to 4
----------------------

----------------------
TP1361 not allocated
----------------------

----------------------
TP1377 allocated to 9
----------------------

----------------------
TP1393 not allocated
----------------------

----------------------
TP1409 allocated to 8
----------------------

----------------------
TP1425 allocated to 1
----------------------

----------------------
TP1441 not allocated
----------------------

----------------------
TP1457 not allocated
----------------------

----------------------
TP1473 not allocated
----------------------

----------------------
TP1489 not allocated
----------------------

----------------------
TP1505 not allocated
----------------------

----------------------
TP1521 not allocated
----------------------

----------------------
TP1537 not allocated
----------------------

----------------------
TP1553 allocated to 11
----------------------

----------------------
TP1569 not allocated
----------------------

----------------------
TP1585 allocated to 7
----------------------

----------------------
TP1601 not allocated
----------------------

----------------------
TP1617 allocated to 9
----------------------

----------------------
TP1633 not allocated
----------------------

----------------------
TP1649 allocated to 7
----------------------

----------------------
TP1665 not allocated
----------------------

----------------------
TP1681 not allocated
----------------------

----------------------
TP1697 not allocated
----------------------

----------------------
TP1713 not allocated
----------------------

----------------------
TP1729 not allocated
----------------------

----------------------
TP1745 not allocated
----------------------

----------------------
TP1761 not allocated
----------------------

----------------------
TP1777 not allocated
----------------------

----------------------
TP1793 allocated to 11
----------------------

----------------------
TP1809 not allocated
----------------------

----------------------
TP1825 allocated to 4
----------------------

----------------------
TP1841 not allocated
----------------------

----------------------
TP1857 not allocated
----------------------

----------------------
TP1873 allocated to 2
----------------------

----------------------
TP1889 not allocated
----------------------

----------------------
TP1905 not allocated
----------------------

----------------------
TP1921 not allocated
----------------------

----------------------
TP1937 allocated to 7
----------------------

----------------------
TP1953 not allocated
----------------------

----------------------
TP1969 allocated to 9
----------------------

----------------------
TP1985 not allocated
----------------------

----------------------
TP2001 not allocated
----------------------

----------------------
TP2017 allocated to 4
----------------------

----------------------
TP2033 not allocated
----------------------

----------------------
TP2049 allocated to 2
----------------------

----------------------
TP2065 not allocated
----------------------

----------------------
TP2081 not allocated
----------------------

----------------------
TP2097 not allocated
----------------------

----------------------
TP2113 not allocated
----------------------

----------------------
TP2129 not allocated
----------------------

----------------------
TP2145 allocated to 3
----------------------

----------------------
TP2161 not allocated
----------------------

----------------------
TP2177 not allocated
----------------------

----------------------
TP2193 not allocated
----------------------

----------------------
TP2209 not allocated
----------------------

----------------------
TP2225 not allocated
----------------------

----------------------
TP2241 allocated to 11
----------------------

----------------------
TP2257 not allocated
----------------------

----------------------
TP2273 not allocated
----------------------

----------------------
TP2289 not allocated
----------------------

----------------------
TP2305 not allocated
----------------------

----------------------
TP2321 not allocated
----------------------

----------------------
TP2337 not allocated
----------------------

----------------------
TP2353 not allocated
----------------------

----------------------
TP2369 not allocated
----------------------

----------------------
TP2385 not allocated
----------------------

----------------------
TP2401 not allocated
----------------------

----------------------
TP2417 not allocated
----------------------

----------------------
TP2433 not allocated
----------------------

----------------------
TP2449 not allocated
----------------------

----------------------
TP2465 not allocated
----------------------

----------------------
TP2481 not allocated
----------------------

----------------------
TP2497 not allocated
----------------------

----------------------
TP2513 allocated to 1
----------------------

----------------------
TP2529 not allocated
----------------------

----------------------
TP2545 not allocated
----------------------

----------------------
TP2561 allocated to 4
----------------------

----------------------
TP2577 allocated to 8
----------------------

----------------------
TP2593 not allocated
----------------------

----------------------
TP2609 not allocated
----------------------

----------------------
TP2625 allocated to 1
----------------------

----------------------
TP2641 not allocated
----------------------

----------------------
TP2657 allocated to 7
----------------------

----------------------
TP2673 not allocated
----------------------

----------------------
TP2689 not allocated
----------------------

----------------------
TP2705 allocated to 3
----------------------

----------------------
TP2721 not allocated
----------------------

----------------------
TP2737 not allocated
----------------------

----------------------
TP2753 not allocated
----------------------

----------------------
TP2769 allocated to 9
----------------------

----------------------
TP2785 allocated to 4
----------------------

----------------------
TP2801 not allocated
----------------------

----------------------
TP2817 not allocated
----------------------

----------------------
TP2833 not allocated
----------------------

----------------------
TP2849 not allocated
----------------------

----------------------
TP2865 not allocated
----------------------

----------------------
TP2881 not allocated
----------------------

----------------------
TP2897 not allocated
----------------------

----------------------
TP2913 allocated to 1
----------------------

----------------------
TP2929 allocated to 1
----------------------

----------------------
TP2945 not allocated
----------------------

----------------------
TP2961 not allocated
----------------------

----------------------
TP2977 not allocated
----------------------

----------------------
TP2993 not allocated
----------------------

----------------------
TP3009 not allocated
----------------------

----------------------
TP3025 not allocated
----------------------

----------------------
TP3041 not allocated
----------------------

----------------------
TP3057 not allocated
----------------------

----------------------
TP3073 allocated to 4
----------------------

----------------------
TP3089 not allocated
----------------------

----------------------
TP3105 not allocated
----------------------

----------------------
TP3121 allocated to 11
----------------------

----------------------
TP3137 not allocated
----------------------

----------------------
TP3153 not allocated
----------------------

----------------------
TP3169 not allocated
----------------------

----------------------
TP3185 not allocated
----------------------

----------------------
TP3201 allocated to 8
----------------------

----------------------
TP3217 not allocated
----------------------

----------------------
TP3233 not allocated
----------------------

----------------------
TP3249 not allocated
----------------------

----------------------
TP3265 not allocated
----------------------

----------------------
TP3281 not allocated
----------------------

----------------------
TP3297 allocated to 7
----------------------

----------------------
TP3313 not allocated
----------------------

----------------------
TP3329 not allocated
----------------------

----------------------
TP3345 not allocated
----------------------

----------------------
TP3361 not allocated
----------------------

----------------------
TP3377 allocated to 3
----------------------

----------------------
TP3393 not allocated
----------------------

----------------------
TP3409 not allocated
----------------------

----------------------
TP3425 not allocated
----------------------

----------------------
TP3441 not allocated
----------------------

----------------------
TP3457 not allocated
----------------------

----------------------
TP3473 not allocated
----------------------

----------------------
TP3489 allocated to 4
----------------------

----------------------
TP3505 not allocated
----------------------

----------------------
TP3521 not allocated
----------------------

----------------------
TP3537 not allocated
----------------------

----------------------
TP3553 not allocated
----------------------

----------------------
TP3569 allocated to 7
----------------------

----------------------
TP3585 allocated to 3
----------------------

----------------------
TP3601 not allocated
----------------------

----------------------
TP3617 not allocated
----------------------

----------------------
TP3633 not allocated
----------------------

----------------------
TP3649 not allocated
----------------------

----------------------
TP3665 allocated to 8
----------------------

----------------------
TP3681 not allocated
----------------------

----------------------
TP3697 not allocated
----------------------

----------------------
TP3713 not allocated
----------------------

----------------------
TP3729 not allocated
----------------------

----------------------
TP3745 not allocated
----------------------

----------------------
TP3761 not allocated
----------------------

----------------------
TP3777 not allocated
----------------------

----------------------
TP3793 not allocated
----------------------

----------------------
TP3809 allocated to 7
----------------------

----------------------
TP3825 not allocated
----------------------

----------------------
TP3841 not allocated
----------------------

----------------------
TP3857 not allocated
----------------------

----------------------
TP3873 not allocated
----------------------

----------------------
TP3889 allocated to 11
----------------------

----------------------
TP3905 not allocated
----------------------

----------------------
TP3921 not allocated
----------------------

----------------------
TP3937 not allocated
----------------------

----------------------
TP3953 allocated to 2
----------------------

----------------------
TP3969 not allocated
----------------------

----------------------
TP3985 not allocated
----------------------

----------------------
TP4001 not allocated
----------------------

----------------------
TP4017 not allocated
----------------------

----------------------
TP4033 not allocated
----------------------

----------------------
TP4049 not allocated
----------------------

----------------------
TP4065 not allocated
----------------------

----------------------
TP4081 not allocated
----------------------

----------------------
TP4097 not allocated
----------------------

----------------------
TP4113 not allocated
----------------------

----------------------
TP4129 not allocated
----------------------

----------------------
TP4145 not allocated
----------------------

----------------------
TP4161 not allocated
----------------------

----------------------
TP4177 allocated to 6
----------------------

----------------------
TP4193 not allocated
----------------------

----------------------
TP4209 not allocated
----------------------

----------------------
TP4225 not allocated
----------------------

----------------------
TP4241 allocated to 2
----------------------

----------------------
TP4257 not allocated
----------------------

----------------------
TP4273 not allocated
----------------------

----------------------
TP4289 allocated to 8
----------------------

----------------------
TP4305 not allocated
----------------------

----------------------
TP4321 not allocated
----------------------

----------------------
TP4337 not allocated
----------------------

----------------------
TP4353 not allocated
----------------------

----------------------
TP4369 not allocated
----------------------

----------------------
TP4385 not allocated
----------------------

----------------------
TP4401 not allocated
----------------------

----------------------
TP4417 not allocated
----------------------

----------------------
TP4433 not allocated
----------------------

----------------------
TP4449 allocated to 3
----------------------

----------------------
TP4465 not allocated
----------------------

----------------------
TP4481 not allocated
----------------------

----------------------
TP4497 not allocated
----------------------

----------------------
TP4513 not allocated
----------------------

----------------------
TP4529 not allocated
----------------------

----------------------
TP4545 allocated to 1
----------------------

----------------------
TP4561 allocated to 6
----------------------

----------------------
TP4577 not allocated
----------------------

----------------------
TP4593 allocated to 2
----------------------

----------------------
TP4609 allocated to 4
----------------------

----------------------
TP4625 not allocated
----------------------

----------------------
TP4641 not allocated
----------------------

----------------------
TP4657 not allocated
----------------------

----------------------
TP4673 not allocated
----------------------

----------------------
TP4689 not allocated
----------------------

----------------------
TP4705 not allocated
----------------------

----------------------
TP4721 not allocated
----------------------

----------------------
TP4737 allocated to 1
----------------------

----------------------
TP4753 allocated to 7
----------------------

----------------------
TP4769 not allocated
----------------------

----------------------
TP4785 not allocated
----------------------

----------------------
TP4801 not allocated
----------------------

----------------------
TP4817 allocated to 8
----------------------

----------------------
TP4833 not allocated
----------------------

----------------------
TP4849 allocated to 8
----------------------

----------------------
TP4865 not allocated
----------------------

----------------------
TP4881 not allocated
----------------------

----------------------
TP4897 not allocated
----------------------

----------------------
TP4913 not allocated
----------------------

----------------------
TP4929 allocated to 2
----------------------

----------------------
TP4945 not allocated
----------------------

----------------------
TP4961 not allocated
----------------------

----------------------
TP4977 allocated to 6
----------------------

----------------------
TP4993 not allocated
----------------------

----------------------
TP5009 not allocated
----------------------

----------------------
TP5025 not allocated
----------------------

----------------------
TP5041 not allocated
----------------------

----------------------
TP5057 allocated to 4
----------------------

----------------------
TP5073 not allocated
----------------------

----------------------
TP5089 allocated to 7
----------------------

----------------------
TP5105 not allocated
----------------------

----------------------
TP5121 not allocated
----------------------

----------------------
TP5137 allocated to 8
----------------------

----------------------
TP5153 not allocated
----------------------

----------------------
TP5169 allocated to 1
----------------------

----------------------
TP5185 not allocated
----------------------

----------------------
TP5201 not allocated
----------------------

----------------------
TP5217 not allocated
----------------------

----------------------
TP5233 not allocated
----------------------

----------------------
TP5249 not allocated
----------------------

----------------------
TP5265 not allocated
----------------------

----------------------
TP5281 not allocated
----------------------

----------------------
TP5297 allocated to 3
----------------------

----------------------
TP5313 not allocated
----------------------

----------------------
TP5329 not allocated
----------------------

----------------------
TP5345 allocated to 3
----------------------

----------------------
TP5361 not allocated
----------------------

----------------------
TP5377 allocated to 6
----------------------

----------------------
TP5393 allocated to 8
----------------------

----------------------
TP5409 not allocated
----------------------

----------------------
TP5425 allocated to 7
----------------------

----------------------
TP5441 not allocated
----------------------

----------------------
TP5457 not allocated
----------------------

----------------------
TP5473 not allocated
----------------------

----------------------
TP5489 not allocated
----------------------

----------------------
TP5505 not allocated
----------------------

----------------------
TP5521 not allocated
----------------------

----------------------
TP5537 not allocated
----------------------

----------------------
TP5553 not allocated
----------------------

----------------------
TP5569 not allocated
----------------------

----------------------
TP5585 not allocated
----------------------

----------------------
TP5601 not allocated
----------------------

----------------------
TP5617 not allocated
----------------------

----------------------
TP5633 not allocated
----------------------

----------------------
TP5649 allocated to 7
----------------------

----------------------
TP5665 not allocated
----------------------

----------------------
TP5681 not allocated
----------------------

----------------------
TP5697 not allocated
----------------------

----------------------
TP5713 allocated to 1
----------------------

----------------------
TP5729 not allocated
----------------------

----------------------
TP5745 not allocated
----------------------

----------------------
TP5761 not allocated
----------------------

----------------------
TP5777 not allocated
----------------------

----------------------
TP5793 not allocated
----------------------

----------------------
TP5809 not allocated
----------------------

----------------------
TP5825 not allocated
----------------------

----------------------
TP5841 not allocated
----------------------

----------------------
TP5857 not allocated
----------------------

----------------------
TP5873 not allocated
----------------------

----------------------
TP5889 allocated to 6
----------------------

----------------------
TP5905 not allocated
----------------------

----------------------
TP5921 not allocated
----------------------

----------------------
TP5937 not allocated
----------------------

----------------------
TP5953 allocated to 6
----------------------

----------------------
TP5969 allocated to 8
----------------------

----------------------
TP5985 allocated to 4
----------------------

----------------------
TP6001 not allocated
----------------------

----------------------
TP6017 not allocated
----------------------

----------------------
TP6033 not allocated
----------------------

----------------------
TP6049 not allocated
----------------------

----------------------
TP6065 not allocated
----------------------

----------------------
TP6081 not allocated
----------------------

----------------------
TP6097 not allocated
----------------------

----------------------
TP6113 not allocated
----------------------

----------------------
TP6129 not allocated
----------------------

----------------------
TP6145 not allocated
----------------------

----------------------
TP6161 not allocated
----------------------

----------------------
TP6177 allocated to 2
----------------------

----------------------
TP6193 not allocated
----------------------

----------------------
TP6209 not allocated
----------------------

----------------------
TP6225 not allocated
----------------------

----------------------
TP6241 not allocated
----------------------

----------------------
TP6257 not allocated
----------------------

----------------------
TP6273 not allocated
----------------------

----------------------
TP6289 not allocated
----------------------

----------------------
TP6305 not allocated
----------------------

----------------------
TP6321 not allocated
----------------------

----------------------
TP6337 not allocated
----------------------

----------------------
TP6353 not allocated
----------------------

----------------------
TP6369 not allocated
----------------------

----------------------
TP6385 not allocated
----------------------

----------------------
TP6401 allocated to 8
----------------------

----------------------
TP6417 allocated to 4
----------------------

----------------------
TP6433 not allocated
----------------------

----------------------
TP6449 not allocated
----------------------

----------------------
TP6465 not allocated
----------------------

----------------------
TP6481 not allocated
----------------------

----------------------
TP6497 not allocated
----------------------

----------------------
TP6513 not allocated
----------------------

----------------------
TP6529 not allocated
----------------------

----------------------
TP6545 not allocated
----------------------

----------------------
TP6561 not allocated
----------------------

----------------------
TP6577 not allocated
----------------------

----------------------
TP6593 not allocated
----------------------

----------------------
TP6609 not allocated
----------------------

----------------------
TP6625 not allocated
----------------------

----------------------
TP6641 not allocated
----------------------

----------------------
TP6657 not allocated
----------------------

----------------------
TP6673 not allocated
----------------------

----------------------
TP6689 not allocated
----------------------

----------------------
TP6705 not allocated
----------------------

----------------------
TP6721 not allocated
----------------------

----------------------
TP6737 not allocated
----------------------

----------------------
TP6753 allocated to 8
----------------------

----------------------
TP6769 not allocated
----------------------

----------------------
TP6785 not allocated
----------------------

----------------------
TP6801 not allocated
----------------------

----------------------
TP6817 not allocated
----------------------

----------------------
TP6833 not allocated
----------------------

----------------------
TP6849 not allocated
----------------------

----------------------
TP6865 not allocated
----------------------

----------------------
TP6881 not allocated
----------------------

----------------------
TP6897 not allocated
----------------------

----------------------
TP6913 not allocated
----------------------

----------------------
TP6929 not allocated
----------------------

----------------------
TP6945 not allocated
----------------------

----------------------
TP6961 not allocated
----------------------

----------------------
TP6977 allocated to 6
----------------------

----------------------
TP6993 not allocated
----------------------

----------------------
TP7009 not allocated
----------------------

----------------------
TP7025 not allocated
----------------------

----------------------
TP7041 not allocated
----------------------

----------------------
TP7057 not allocated
----------------------

----------------------
TP7073 not allocated
----------------------

----------------------
TP7089 not allocated
----------------------

----------------------
TP7105 not allocated
----------------------

----------------------
TP7121 not allocated
----------------------

----------------------
TP7137 not allocated
----------------------

----------------------
TP7153 not allocated
----------------------

----------------------
TP7169 not allocated
----------------------

----------------------
TP7185 not allocated
----------------------

----------------------
TP7201 not allocated
----------------------

----------------------
TP7217 not allocated
----------------------

----------------------
TP7233 not allocated
----------------------

----------------------
TP7249 not allocated
----------------------

----------------------
TP7265 allocated to 5
----------------------

----------------------
TP7281 not allocated
----------------------

----------------------
TP7297 allocated to 8
----------------------

----------------------
TP7313 not allocated
----------------------

----------------------
TP7329 not allocated
----------------------

----------------------
TP7345 not allocated
----------------------

----------------------
TP7361 not allocated
----------------------

----------------------
TP7377 not allocated
----------------------

----------------------
TP7393 not allocated
----------------------

----------------------
TP7409 not allocated
----------------------

----------------------
TP7425 not allocated
----------------------

----------------------
TP7441 not allocated
----------------------

----------------------
TP7457 not allocated
----------------------

----------------------
TP7473 allocated to 7
----------------------

----------------------
TP7489 not allocated
----------------------

----------------------
TP7505 not allocated
----------------------

----------------------
TP7521 not allocated
----------------------

----------------------
TP7537 not allocated
----------------------

----------------------
TP7553 not allocated
----------------------

----------------------
TP7569 not allocated
----------------------

----------------------
TP7585 not allocated
----------------------

----------------------
TP7601 not allocated
----------------------

----------------------
TP7617 not allocated
----------------------

----------------------
TP7633 not allocated
----------------------

----------------------
TP7649 not allocated
----------------------

----------------------
TP7665 allocated to 8
----------------------

----------------------
TP7681 not allocated
----------------------

----------------------
TP7697 not allocated
----------------------

----------------------
TP7713 allocated to 6
----------------------

----------------------
TP7729 not allocated
----------------------

----------------------
TP7745 allocated to 9
----------------------

----------------------
TP7761 not allocated
----------------------

----------------------
TP7777 not allocated
----------------------

----------------------
TP7793 not allocated
----------------------

----------------------
TP7809 allocated to 4
----------------------

----------------------
TP7825 not allocated
----------------------

----------------------
TP7841 not allocated
----------------------

----------------------
TP7857 not allocated
----------------------

----------------------
TP7873 not allocated
----------------------

----------------------
TP7889 not allocated
----------------------

----------------------
TP7905 not allocated
----------------------

----------------------
TP7921 not allocated
----------------------

----------------------
TP7937 not allocated
----------------------

----------------------
TP7953 not allocated
----------------------

----------------------
TP7969 not allocated
----------------------

----------------------
TP7985 not allocated
----------------------

----------------------
TP8001 not allocated
----------------------

----------------------
TP8017 allocated to 9
----------------------

----------------------
TP8033 not allocated
----------------------

----------------------
TP8049 allocated to 8
----------------------

----------------------
TP8065 not allocated
----------------------

----------------------
TP8081 not allocated
----------------------

----------------------
TP8097 not allocated
----------------------

----------------------
TP8113 not allocated
----------------------

----------------------
TP8129 not allocated
----------------------

----------------------
TP8145 not allocated
----------------------

----------------------
TP8161 not allocated
----------------------

----------------------
TP8177 not allocated
----------------------

----------------------
TP8193 not allocated
----------------------

----------------------
TP8209 not allocated
----------------------

----------------------
TP8225 not allocated
----------------------

----------------------
TP8241 not allocated
----------------------

----------------------
TP8257 not allocated
----------------------

----------------------
TP8273 not allocated
----------------------

----------------------
TP8289 not allocated
----------------------

----------------------
TP8305 allocated to 6
----------------------

----------------------
TP8321 not allocated
----------------------

----------------------
TP8337 not allocated
----------------------

----------------------
TP8353 not allocated
----------------------

----------------------
TP8369 not allocated
----------------------

----------------------
TP8385 not allocated
----------------------

----------------------
TP8401 not allocated
----------------------

----------------------
TP8417 not allocated
----------------------

----------------------
TP8433 not allocated
----------------------

----------------------
TP8449 not allocated
----------------------

----------------------
TP8465 not allocated
----------------------

----------------------
TP8481 not allocated
----------------------

----------------------
TP8497 not allocated
----------------------

----------------------
TP8513 not allocated
----------------------

----------------------
TP8529 not allocated
----------------------

----------------------
TP8545 not allocated
----------------------

----------------------
TP8561 not allocated
----------------------

----------------------
TP8577 not allocated
----------------------

----------------------
TP8593 not allocated
----------------------

----------------------
TP8609 not allocated
----------------------

----------------------
TP8625 not allocated
----------------------

----------------------
TP8641 not allocated
----------------------

----------------------
TP8657 not allocated
----------------------

----------------------
TP8673 not allocated
----------------------

----------------------
TP8689 not allocated
----------------------

----------------------
TP8705 not allocated
----------------------

----------------------
TP8721 not allocated
----------------------

----------------------
TP8737 not allocated
----------------------

----------------------
TP8753 not allocated
----------------------

----------------------
TP8769 not allocated
----------------------

----------------------
TP8785 not allocated
----------------------

----------------------
TP8801 not allocated
----------------------

----------------------
TP8817 not allocated
----------------------

----------------------
TP8833 not allocated
----------------------

----------------------
TP8849 not allocated
----------------------

----------------------
TP8865 not allocated
----------------------

----------------------
TP8881 not allocated
----------------------

----------------------
TP8897 not allocated
----------------------

----------------------
TP8913 not allocated
----------------------

----------------------
TP8929 not allocated
----------------------

----------------------
TP8945 not allocated
----------------------

----------------------
TP8961 not allocated
----------------------

----------------------
TP8977 not allocated
----------------------

----------------------
TP8993 not allocated
----------------------

----------------------
TP9009 not allocated
----------------------

----------------------
TP9025 allocated to 10
----------------------

----------------------
TP9041 not allocated
----------------------

----------------------
TP9057 not allocated
----------------------

----------------------
TP9073 not allocated
----------------------

----------------------
TP9089 not allocated
----------------------

----------------------
TP9105 not allocated
----------------------

----------------------
TP9121 not allocated
----------------------

----------------------
TP9137 not allocated
----------------------

----------------------
TP9153 not allocated
----------------------

----------------------
TP9169 not allocated
----------------------

----------------------
TP9185 allocated to 6
----------------------

----------------------
TP9201 not allocated
----------------------

----------------------
TP9217 not allocated
----------------------

----------------------
TP9233 not allocated
----------------------

----------------------
TP9249 not allocated
----------------------

----------------------
TP9265 not allocated
----------------------

----------------------
TP9281 not allocated
----------------------

----------------------
TP9297 not allocated
----------------------

----------------------
TP9313 not allocated
----------------------

----------------------
TP9329 not allocated
----------------------

----------------------
TP9345 not allocated
----------------------

----------------------
TP9361 not allocated
----------------------

----------------------
TP9377 not allocated
----------------------

----------------------
TP9393 not allocated
----------------------

----------------------
TP9409 not allocated
----------------------

----------------------
TP9425 not allocated
----------------------

----------------------
TP9441 not allocated
----------------------

----------------------
TP9457 allocated to 11
----------------------

----------------------
TP9473 not allocated
----------------------

----------------------
TP9489 not allocated
----------------------

----------------------
TP9505 not allocated
----------------------

----------------------
TP9521 not allocated
----------------------

----------------------
TP9537 allocated to 11
----------------------

----------------------
TP9553 not allocated
----------------------

----------------------
TP9569 not allocated
----------------------

----------------------
TP9585 not allocated
----------------------

----------------------
TP9601 not allocated
----------------------

----------------------
TP9617 not allocated
----------------------

----------------------
TP9633 not allocated
----------------------

----------------------
TP9649 not allocated
----------------------

----------------------
TP9665 not allocated
----------------------

----------------------
TP9681 not allocated
----------------------

----------------------
TP9697 not allocated
----------------------

----------------------
TP9713 allocated to 10
----------------------

----------------------
TP9729 not allocated
----------------------

----------------------
TP9745 not allocated
----------------------

----------------------
TP9761 not allocated
----------------------

----------------------
TP9777 not allocated
----------------------

----------------------
TP9793 not allocated
----------------------

----------------------
TP9809 not allocated
----------------------

----------------------
TP9825 not allocated
----------------------

----------------------
TP9841 not allocated
----------------------

----------------------
TP9857 not allocated
----------------------

----------------------
TP9873 not allocated
----------------------

----------------------
TP9889 not allocated
----------------------

----------------------
TP9905 not allocated
----------------------

----------------------
TP9921 not allocated
----------------------

----------------------
TP9937 not allocated
----------------------

----------------------
TP9953 not allocated
----------------------

----------------------
TP9969 not allocated
----------------------

----------------------
TP9985 not allocated
----------------------

-------------------------------------------------------------------------

Ride-sharing vs Individual Mode - Num Vehicles and Distance Comparisson 

-------------------------------------------------------------------------
Individual Mode = 625 vehicles.
Ride-sharing Mode = 500 vehicles. The 11 ride-sharing vehicles + 489 vehicles of the individuals not served by the ride-sharing service.
-------------------------------------------------------------------------
Individual Mode = 918467 distance.
Ride-sharing Mode = 1034735 distance. 389636 from the EV fleet + 645099 from the distance of the trips not covered individuals had to do with their own vehicle.
-------------------------------------------------------------------------
