-------------------------------------------------------------------------
TPs satisfied = 261; Total TPs = 625; Percentage Satisfied + 41.8%
-------------------------------------------------------------------------

-------------------------------------------------------------------------

EVs

-------------------------------------------------------------------------
--------------------------------------
EV1
--------------------------------------
Num TPs served = 12
TPs served = 1 1025 1249 1425 2513 2625 2913 2929 4545 4737 5169 5713
Total energy used = 35418
--------------------------------------
Schedule:
0 1 1250 1250 1250 1250 0 0 35632 35632 0 1 0
1 915 1250 1250 1985 1071 0 1 35632 34718 1 3230 914
915 9205 1985 1071 9999 795 1 0 34718 26428 -1 3230 8290
9205 16497 9999 795 3604 1692 0 1 26428 19136 1025 1527 7292
16497 17707 3604 1692 2789 2087 1 2 19136 17926 1249 411 1210
17707 18230 2789 2087 2722 1631 2 3 17926 17403 1425 305 523
18230 19035 2722 1631 2679 869 3 2 17403 16598 -1425 305 805
19035 19783 2679 869 2574 226 2 1 16598 15850 -1249 411 748
19783 21728 2574 226 762 93 1 0 15850 13905 -1025 737 1945
21728 21887 762 93 762 93 0 0 13905 13905 0 159 0
21887 23618 762 93 2074 512 0 1 13905 12174 2625 333 1731
23618 24286 2074 512 2640 410 1 0 12174 11506 -2625 333 668
24286 24669 2640 410 2969 464 0 1 11506 11123 2513 196 383
24669 24802 2969 464 3017 549 1 2 11123 10990 2913 590 133
24802 24967 3017 549 2955 652 2 3 10990 10825 2929 230 165
24967 25879 2955 652 2379 988 3 2 10825 9913 -2929 230 912
25879 26216 2379 988 2295 1241 2 1 9913 9576 -2913 590 337
26216 28195 2295 1241 330 1227 1 0 9576 7597 -2513 72 1979
28195 28209 330 1227 330 1227 0 0 7597 7597 0 14 0
28209 29872 330 1227 1691 925 0 1 7597 5934 4545 1094 1663
29872 30756 1691 925 2489 839 1 2 5934 5050 4737 450 884
30756 30761 2489 839 2489 839 2 2 5050 5050 0 5 0
30761 31584 2489 839 3146 673 2 3 5050 4227 5169 109 823
31584 31803 3146 673 3110 856 3 2 4227 4008 -5169 109 219
31803 32781 3110 856 3193 1751 2 1 4008 3030 -4737 41 978
32781 32919 3193 1751 3118 1688 1 0 3030 2892 -4545 237 138
32919 33372 3118 1688 2979 1374 0 1 2892 2439 5713 225 453
33372 34329 2979 1374 2332 1064 1 0 2439 1482 -5713 225 957
34329 48732 2332 1064 2332 1064 0 0 1482 1482 0 14403 0
48732 50000 2332 1064 1250 1250 0 0 1482 214 1000000000 0 1268
--------------------------------------
--------------------------------------
EV2
--------------------------------------
Num TPs served = 9
TPs served = 65 145 1873 2049 3953 4241 4593 4929 6177
Total energy used = 35512
--------------------------------------
Schedule:
0 1 1250 1250 1250 1250 0 0 35632 35632 0 1 0
1 2165 1250 1250 3229 1065 0 1 35632 33468 65 2556 2164
2165 3469 3229 1065 2464 1604 1 2 33468 32164 145 22 1304
3469 4740 2464 1604 3585 1454 2 1 32164 30893 -145 22 1271
4740 13436 3585 1454 9999 3736 1 0 30893 22197 -65 726 8696
13436 21835 9999 3736 3577 1759 0 1 22197 13798 2049 494 8399
21835 22255 3577 1759 3160 1756 1 2 13798 13378 1873 352 420
22255 23938 3160 1756 1974 1259 2 1 13378 11695 -2049 494 1683
23938 26433 1974 1259 313 425 1 0 11695 9200 -1873 352 2495
26433 28434 313 425 1810 929 0 1 9200 7199 3953 518 2001
28434 29087 1810 929 2423 969 1 2 7199 6546 4241 320 653
29087 29187 2423 969 2423 969 2 2 6546 6546 0 100 0
29187 30002 2423 969 3017 748 2 3 6546 5731 4593 307 815
30002 30140 3017 748 3007 620 3 2 5731 5593 -4241 200 138
30140 30574 3007 620 3317 744 2 1 5593 5159 -3953 70 434
30574 30893 3317 744 3500 880 1 0 5159 4840 -4593 31 319
30893 31427 3500 880 3427 419 0 1 4840 4306 4929 302 534
31427 33117 3427 419 2764 1446 1 0 4306 2616 -4929 302 1690
33117 33754 2764 1446 2764 1446 0 0 2616 2616 0 637 0
33754 34299 2764 1446 3139 1276 0 1 2616 2071 6177 362 545
34299 35024 3139 1276 2432 1294 1 0 2071 1346 -6177 362 725
35024 48774 2432 1294 2432 1294 0 0 1346 1346 0 13750 0
48774 50000 2432 1294 1250 1250 0 0 1346 120 1000000000 0 1226
--------------------------------------
--------------------------------------
EV3
--------------------------------------
Num TPs served = 10
TPs served = 161 193 225 2145 2705 3377 3585 4449 5297 5345
Total energy used = 34784
--------------------------------------
Schedule:
0 1776 1250 1250 1250 1250 0 0 35632 35632 0 1776 0
1776 3406 1250 1250 2825 1305 0 1 35632 34002 161 497 1630
3406 4401 2825 1305 2027 1502 1 0 34002 33007 -161 497 995
4401 4603 2027 1502 2027 1502 0 0 33007 33007 0 202 0
4603 5208 2027 1502 2348 1786 0 1 33007 32402 225 824 605
5208 6858 2348 1786 3204 992 1 0 32402 30752 -225 824 1650
6858 6926 3204 992 3151 977 0 1 30752 30684 193 1296 68
6926 14576 3151 977 9999 175 1 0 30684 23034 -193 1296 7650
14576 22052 9999 175 3054 706 0 1 23034 15558 2145 310 7476
22052 23529 3054 706 1951 1080 1 0 15558 14081 -2145 310 1477
23529 24518 1951 1080 2274 414 0 1 14081 13092 2705 60 989
24518 25819 2274 414 3424 565 1 0 13092 11791 -2705 60 1301
25819 25986 3424 565 3424 565 0 0 11791 11791 0 167 0
25986 26851 3424 565 3198 1204 0 1 11791 10926 3585 351 865
26851 27173 3198 1204 3034 1362 1 2 10926 10604 3377 61 322
27173 27870 3034 1362 2736 963 2 1 10604 9907 -3585 35 697
27870 29375 2736 963 2050 144 1 0 9907 8402 -3377 61 1505
29375 30239 2050 144 2858 200 0 1 8402 7538 4449 155 864
30239 31937 2858 200 2947 1809 1 0 7538 5840 -4449 155 1698
31937 32471 2947 1809 2528 1694 0 1 5840 5306 5297 223 534
32471 33152 2528 1694 2089 1452 1 2 5306 4625 5345 154 681
33152 33948 2089 1452 2080 665 2 1 4625 3829 -5297 223 796
33948 35561 2080 665 715 417 1 0 3829 2216 -5345 154 1613
35561 48632 715 417 715 417 0 0 2216 2216 0 13071 0
48632 50000 715 417 1250 1250 0 0 2216 848 1000000000 0 1368
--------------------------------------
--------------------------------------
EV4
--------------------------------------
Num TPs served = 19
TPs served = 177 337 369 721 961 1041 1281 1345 1825 2017 2561 2785 3073 3489 4609 5057 5985 6417 7809
Total energy used = 35576
--------------------------------------
Schedule:
0 2059 1250 1250 1250 1250 0 0 35632 35632 0 2059 0
2059 4502 1250 1250 2652 209 0 1 35632 33189 177 865 2443
4502 7004 2652 209 1693 1752 1 0 33189 30687 -177 865 2502
7004 7211 1693 1752 1693 1752 0 0 30687 30687 0 207 0
7211 7717 1693 1752 1918 1471 0 1 30687 30181 337 399 506
7717 8517 1918 1471 2660 1413 1 0 30181 29381 -337 399 800
8517 9662 2660 1413 2791 399 0 1 29381 28236 369 103 1145
9662 12681 2791 399 3600 2609 1 0 28236 25217 -369 103 3019
12681 13726 3600 2609 2938 2226 0 1 25217 24172 721 281 1045
13726 15168 2938 2226 2583 1139 1 0 24172 22730 -721 281 1442
15168 15728 2583 1139 2312 850 0 1 22730 22170 961 164 560
15728 16170 2312 850 2648 956 1 2 22170 21728 1041 202 442
16170 16697 2648 956 2870 1261 2 1 21728 21201 -961 164 527
16697 17076 2870 1261 3010 1500 1 0 21201 20822 -1041 202 379
17076 17451 3010 1500 2918 1783 0 1 20822 20447 1281 155 375
17451 18012 2918 1783 2907 1233 1 0 20447 19886 -1281 155 561
18012 18359 2907 1233 2597 1196 0 1 19886 19539 1345 127 347
18359 19888 2597 1196 3952 1022 1 0 19539 18010 -1345 127 1529
19888 20653 3952 1022 3403 1238 0 1 18010 17245 1825 576 765
20653 21471 3403 1238 2816 1007 1 2 17245 16427 2017 22 818
21471 22129 2816 1007 2412 1261 2 1 16427 15769 -2017 22 658
22129 22992 2412 1261 1839 1551 1 0 15769 14906 -1825 114 863
22992 23137 1839 1551 1839 1551 0 0 14906 14906 0 145 0
23137 23340 1839 1551 1905 1414 0 1 14906 14703 2561 533 203
23340 24441 1905 1414 2679 1087 1 2 14703 13602 2785 312 1101
24441 24605 2679 1087 2580 1022 2 1 13602 13438 -2561 335 164
24605 25652 2580 1022 3529 924 1 0 13438 12391 -2785 114 1047
25652 26310 3529 924 3868 1243 0 1 12391 11733 3073 476 658
26310 27074 3868 1243 3332 1015 1 2 11733 10969 3489 433 764
27074 29077 3332 1015 1887 457 2 1 10969 8966 -3489 433 2003
29077 29508 1887 457 1634 279 1 0 8966 8535 -3073 476 431
29508 30674 1634 279 1852 1227 0 1 8535 7369 4609 133 1166
30674 31806 1852 1227 2655 1556 1 2 7369 6237 5057 216 1132
31806 32208 2655 1556 2992 1621 2 1 6237 5835 -4609 133 402
32208 33266 2992 1621 3805 1866 1 0 5835 4777 -5057 216 1058
33266 34161 3805 1866 3520 1256 0 1 4777 3882 5985 443 895
34161 34306 3520 1256 3520 1256 1 1 3882 3882 0 145 0
34306 34944 3520 1256 3014 1388 1 2 3882 3244 6417 188 638
34944 35322 3014 1388 2821 1203 2 1 3244 2866 -6417 188 378
35322 36179 2821 1203 2384 783 1 0 2866 2009 -5985 34 857
36179 38544 2384 783 2384 783 0 0 2009 2009 0 2365 0
38544 39011 2384 783 2560 1074 0 1 2009 1542 7809 118 467
39011 39249 2560 1074 2410 1162 1 0 1542 1304 -7809 118 238
39249 48752 2410 1162 2410 1162 0 0 1304 1304 0 9503 0
48752 50000 2410 1162 1250 1250 0 0 1304 56 1000000000 0 1248
--------------------------------------
--------------------------------------
EV5
--------------------------------------
Num TPs served = 3
TPs served = 209 257 7265
Total energy used = 35620
--------------------------------------
Schedule:
0 2753 1250 1250 1250 1250 0 0 35632 35632 0 2753 0
2753 4857 1250 1250 3192 1412 0 1 35632 33528 209 7155 2104
4857 5128 3192 1412 3192 1412 1 1 33528 33528 0 271 0
5128 6023 3192 1412 3229 554 1 2 33528 32633 257 625 895
6023 7274 3229 554 2717 1293 2 1 32633 31382 -257 625 1251
7274 22179 2717 1293 9999 8916 1 0 31382 16477 -209 4144 14905
22179 23396 9999 8916 9999 8916 0 0 16477 16477 0 1217 0
23396 37366 9999 8916 3077 1868 0 1 16477 2507 7265 551 13970
37366 38470 3077 1868 2616 1225 1 0 2507 1403 -7265 551 1104
38470 48609 2616 1225 2616 1225 0 0 1403 1403 0 10139 0
48609 50000 2616 1225 1250 1250 0 0 1403 12 1000000000 0 1391
--------------------------------------
--------------------------------------
EV6
--------------------------------------
Num TPs served = 15
TPs served = 241 385 449 465 561 4177 4561 4977 5377 5889 5953 6977 7713 8305 9185
Total energy used = 35606
--------------------------------------
Schedule:
0 4448 1250 1250 1250 1250 0 0 35632 35632 0 4448 0
4448 5550 1250 1250 2173 1429 0 1 35632 34530 241 664 1102
5550 6880 2173 1429 2694 620 1 0 34530 33200 -241 664 1330
6880 8206 2694 620 2694 620 0 0 33200 33200 0 1326 0
8206 8601 2694 620 2665 986 0 1 33200 32805 385 209 395
8601 9021 2665 986 3002 1069 1 0 32805 32385 -385 209 420
9021 9122 3002 1069 3002 1069 0 0 32385 32385 0 101 0
9122 9724 3002 1069 2530 939 0 1 32385 31783 449 445 602
9724 10616 2530 939 3180 697 1 0 31783 30891 -449 445 892
10616 11405 3180 697 2420 726 0 1 30891 30102 561 782 789
11405 13005 2420 726 3561 1185 1 0 30102 28502 -561 782 1600
13005 13941 3561 1185 2711 1271 0 1 28502 27566 465 91 936
13941 22155 2711 1271 9999 345 1 0 27566 19352 -465 91 8214
22155 29228 9999 345 3663 1082 0 1 19352 12279 4177 16 7073
29228 30148 3663 1082 2843 982 1 0 12279 11359 -4177 16 920
30148 30497 2843 982 3177 967 0 1 11359 11010 4561 8 349
30497 31673 3177 967 2188 780 1 0 11010 9834 -4561 8 1176
31673 32380 2188 780 2143 118 0 1 9834 9127 4977 154 707
32380 32824 2143 118 2556 87 1 2 9127 8683 5377 270 444
32824 33852 2556 87 2764 907 2 3 8683 7655 5889 788 1028
33852 34374 2764 907 3223 970 3 4 7655 7133 5953 103 522
34374 34652 3223 970 3262 1209 4 3 7133 6855 -5377 270 278
34652 35410 3262 1209 3582 1647 3 2 6855 6097 -4977 92 758
35410 35934 3582 1647 3883 1870 2 1 6097 5573 -5953 103 524
35934 36528 3883 1870 3643 2224 1 0 5573 4979 -5889 308 594
36528 37117 3643 2224 3163 2115 0 1 4979 4390 6977 87 589
37117 38546 3163 2115 2871 978 1 0 4390 2961 -6977 87 1429
38546 38773 2871 978 3051 931 0 1 2961 2734 7713 250 227
38773 39357 3051 931 2761 637 1 0 2734 2150 -7713 250 584
39357 40649 2761 637 2761 637 0 0 2150 2150 0 1292 0
40649 40728 2761 637 2745 700 0 1 2150 2071 8305 73 79
40728 40876 2745 700 2635 738 1 0 2071 1923 -8305 73 148
40876 43701 2635 738 2635 738 0 0 1923 1923 0 2825 0
43701 44048 2635 738 2505 955 0 1 1923 1576 9185 216 347
44048 44482 2505 955 2122 1006 1 0 1576 1142 -9185 216 434
44482 48884 2122 1006 2122 1006 0 0 1142 1142 0 4402 0
48884 50000 2122 1006 1250 1250 0 0 1142 26 1000000000 0 1116
--------------------------------------
--------------------------------------
EV7
--------------------------------------
Num TPs served = 19
TPs served = 273 401 481 641 673 913 1009 1585 1649 1937 2657 3297 3569 3809 4753 5089 5425 5649 7473
Total energy used = 35046
--------------------------------------
Schedule:
0 4401 1250 1250 1250 1250 0 0 35632 35632 0 4401 0
4401 6366 1250 1250 2522 557 0 1 35632 33667 273 384 1965
6366 7135 2522 557 2019 291 1 0 33667 32898 -273 384 769
7135 8190 2019 291 2019 291 0 0 32898 32898 0 1055 0
8190 8939 2019 291 2714 345 0 1 32898 32149 401 129 749
8939 9198 2714 345 2480 320 1 0 32149 31890 -401 129 259
9198 10862 2480 320 1938 1442 0 1 31890 30226 481 236 1664
10862 10886 1938 1442 1938 1442 1 1 30226 30226 0 24 0
10886 12438 1938 1442 2867 819 1 2 30226 28674 641 307 1552
12438 12459 2867 819 2877 808 2 1 28674 28653 -481 212 21
12459 12587 2877 808 2877 808 1 1 28653 28653 0 128 0
12587 12757 2877 808 2848 949 1 2 28653 28483 673 651 170
12757 13256 2848 949 2864 1432 2 1 28483 27984 -641 105 499
13256 14061 2864 1432 3011 2090 1 0 27984 27179 -673 651 805
14061 15163 3011 2090 3154 1131 0 1 27179 26077 913 472 1102
15163 16378 3154 1131 2565 505 1 2 26077 24862 1009 185 1215
16378 16438 2565 505 2560 450 2 1 24862 24802 -913 472 60
16438 18144 2560 450 1810 1406 1 0 24802 23096 -1009 75 1706
18144 18192 1810 1406 1810 1406 0 0 23096 23096 0 48 0
18192 18962 1810 1406 2496 1490 0 1 23096 22326 1585 532 770
18962 19444 2496 1490 2253 1251 1 2 22326 21844 1649 456 482
19444 20513 2253 1251 3150 1079 2 1 21844 20775 -1585 46 1069
20513 20891 3150 1079 3325 1282 1 0 20775 20397 -1649 112 378
20891 21998 3325 1282 2664 1728 0 1 20397 19290 1937 38 1107
21998 24034 2664 1728 3120 148 1 2 19290 17254 2657 511 2036
24034 24370 3120 148 3393 85 2 1 17254 16918 -1937 38 336
24370 26067 3393 85 3241 1630 1 0 16918 15221 -2657 81 1697
26067 26864 3241 1630 2537 1723 0 1 15221 14424 3569 446 797
26864 26918 2537 1723 2519 1687 1 2 14424 14370 3297 9 54
26918 27924 2519 1687 2690 852 2 1 14370 13364 -3569 410 1006
27924 28513 2690 852 2799 372 1 2 13364 12775 3809 307 589
28513 29009 2799 372 3291 376 2 1 12775 12279 -3297 1 496
29009 30597 3291 376 3489 1766 1 2 12279 10691 4753 2089 1588
30597 30985 3489 1766 3812 1831 2 1 10691 10303 -3809 307 388
30985 31490 3812 1831 4103 1617 1 2 10303 9798 5089 1392 505
31490 32683 4103 1617 3289 1238 2 3 9798 8605 5425 396 1193
32683 32688 3289 1238 3289 1238 3 3 8605 8605 0 5 0
32688 32911 3289 1238 3484 1210 3 4 8605 8382 5649 43 223
32911 32998 3484 1210 3405 1202 4 3 8382 8295 -5649 43 87
32998 34606 3405 1202 2216 783 3 2 8295 6687 -5425 1 1608
34606 35156 2216 783 2347 364 2 1 6687 6137 -5089 735 550
35156 37116 2347 364 485 266 1 0 6137 4177 -4753 74 1960
37116 38514 485 266 1859 242 0 1 4177 2779 7473 238 1398
38514 40081 1859 242 1588 1538 1 0 2779 1212 -7473 238 1567
40081 49374 1588 1538 1588 1538 0 0 1212 1212 0 9293 0
49374 50000 1588 1538 1250 1250 0 0 1212 586 1000000000 0 626
--------------------------------------
--------------------------------------
EV8
--------------------------------------
Num TPs served = 20
TPs served = 289 417 577 1057 1217 1409 2577 3201 3665 4289 4817 4849 5137 5393 5969 6401 6753 7297 7665 8049
Total energy used = 35468
--------------------------------------
Schedule:
0 4290 1250 1250 1250 1250 0 0 35632 35632 0 4290 0
4290 6791 1250 1250 2932 431 0 1 35632 33131 289 310 2501
6791 7412 2932 431 2863 983 1 0 33131 32510 -289 310 621
7412 7782 2863 983 2863 983 0 0 32510 32510 0 370 0
7782 9299 2863 983 2051 1688 0 1 32510 30993 417 871 1517
9299 11042 2051 1688 3586 1480 1 0 30993 29250 -417 871 1743
11042 12703 3586 1480 3082 323 0 1 29250 27589 577 137 1661
12703 15111 3082 323 1766 1415 1 0 27589 25181 -577 137 2408
15111 16022 1766 1415 2449 1643 0 1 25181 24270 1057 1001 911
16022 16587 2449 1643 2449 1643 1 1 24270 24270 0 565 0
16587 16913 2449 1643 2326 1440 1 2 24270 23944 1217 116 326
16913 17146 2326 1440 2486 1367 2 1 23944 23711 -1217 116 233
17146 18340 2486 1367 2906 593 1 2 23711 22517 1409 1025 1194
18340 18879 2906 593 3132 280 2 1 22517 21978 -1057 190 539
18879 21581 3132 280 466 316 1 0 21978 19276 -1409 501 2702
21581 24013 466 316 2551 663 0 1 19276 16844 2577 147 2432
24013 25519 2551 663 3535 1185 1 0 16844 15338 -2577 147 1506
25519 26590 3535 1185 4156 1635 0 1 15338 14267 3201 277 1071
26590 27608 4156 1635 3961 812 1 2 14267 13249 3665 136 1018
27608 28938 3961 812 2644 799 2 1 13249 11919 -3665 136 1330
28938 29065 2644 799 2517 799 1 0 11919 11792 -3201 277 127
29065 29399 2517 799 2389 1005 0 1 11792 11458 4289 66 334
29399 30191 2389 1005 2316 1724 1 0 11458 10666 -4289 66 792
30191 30434 2316 1724 2316 1724 0 0 10666 10666 0 243 0
30434 30602 2316 1724 2337 1871 0 1 10666 10498 4817 269 168
30602 31141 2337 1871 2701 1696 1 0 10498 9959 -4817 269 539
31141 31490 2701 1696 2703 1349 0 1 9959 9610 4849 232 349
31490 31673 2703 1349 2776 1239 1 2 9610 9427 5137 547 183
31673 32346 2776 1239 3108 898 2 3 9427 8754 5393 39 673
32346 32656 3108 898 3338 818 3 2 8754 8444 -5393 39 310
32656 33114 3338 818 3349 371 2 1 8444 7986 -5137 547 458
33114 33564 3349 371 3508 80 1 0 7986 7536 -4849 232 450
33564 33933 3508 80 3314 255 0 1 7536 7167 5969 540 369
33933 35404 3314 255 2204 616 1 2 7167 5696 6401 144 1471
35404 35435 2204 616 2220 601 2 1 5696 5665 -5969 478 31
35435 35908 2220 601 2609 685 1 2 5665 5192 6753 519 473
35908 36730 2609 685 3129 987 2 1 5192 4370 -6401 114 822
36730 37206 3129 987 3129 987 1 1 4370 4370 0 476 0
37206 37461 3129 987 3378 993 1 2 4370 4115 7297 259 255
37461 37578 3378 993 3485 1003 2 1 4115 3998 -6753 43 117
37578 38215 3485 1003 2890 961 1 0 3998 3361 -7297 25 637
38215 38695 2890 961 2552 819 0 1 3361 2881 7665 22 480
38695 39006 2552 819 2652 1030 1 0 2881 2570 -7665 22 311
39006 39491 2652 1030 2652 1030 0 0 2570 2570 0 485 0
39491 39785 2652 1030 2717 801 0 1 2570 2276 8049 273 294
39785 40332 2717 801 2783 1282 1 0 2276 1729 -8049 273 547
40332 48435 2783 1282 2783 1282 0 0 1729 1729 0 8103 0
48435 50000 2783 1282 1250 1250 0 0 1729 164 1000000000 0 1565
--------------------------------------
--------------------------------------
EV9
--------------------------------------
Num TPs served = 12
TPs served = 305 497 609 753 1089 1233 1377 1617 1969 2769 7745 8017
Total energy used = 35502
--------------------------------------
Schedule:
0 5479 1250 1250 1250 1250 0 0 35632 35632 0 5479 0
5479 7046 1250 1250 2814 1253 0 1 35632 34065 305 473 1567
7046 7993 2814 1253 3010 502 1 0 34065 33118 -305 473 947
7993 8378 3010 502 3010 502 0 0 33118 33118 0 385 0
8378 10457 3010 502 2162 1733 0 1 33118 31039 497 1027 2079
10457 10825 2162 1733 2162 1733 1 1 31039 31039 0 368 0
10825 12080 2162 1733 2230 546 1 2 31039 29784 609 568 1255
12080 12881 2230 546 2849 364 2 1 29784 28983 -497 659 801
12881 13581 2849 364 3026 887 1 0 28983 28283 -609 204 700
13581 13932 3026 887 3043 1221 0 1 28283 27932 753 291 351
13932 15140 3043 1221 1909 1147 1 0 27932 26724 -753 291 1208
15140 15782 1909 1147 1909 1147 0 0 26724 26724 0 642 0
15782 16197 1909 1147 1769 872 0 1 26724 26309 1089 563 415
16197 16446 1769 872 1769 872 1 1 26309 26309 0 249 0
16446 17018 1769 872 2280 933 1 2 26309 25737 1233 57 572
17018 17134 2280 933 2251 1020 2 1 25737 25621 -1233 57 116
17134 17631 2251 1020 2545 1223 1 0 25621 25124 -1089 256 497
17631 18442 2545 1223 2229 1718 0 1 25124 24313 1377 26 811
18442 19650 2229 1718 3302 1583 1 0 24313 23105 -1377 26 1208
19650 19996 3302 1583 3440 1791 0 1 23105 22759 1617 305 346
19996 22304 3440 1791 1715 1208 1 0 22759 20451 -1617 305 2308
22304 23054 1715 1208 1715 1208 0 0 20451 20451 0 750 0
23054 24171 1715 1208 2381 757 0 1 20451 19334 2769 629 1117
24171 24599 2381 757 2319 391 1 2 19334 18906 1969 395 428
24599 25555 2319 391 3209 325 2 1 18906 17950 -2769 505 956
25555 32658 3209 325 9999 12 1 0 17950 10847 -1969 395 7103
32658 39881 9999 12 3046 282 0 1 10847 3624 7745 212 7223
39881 40084 3046 282 3065 466 1 2 3624 3421 8017 311 203
40084 41497 3065 466 2782 1596 2 1 3421 2008 -8017 311 1413
41497 42486 2782 1596 1810 1579 1 0 2008 1019 -7745 140 989
42486 49111 1810 1579 1810 1579 0 0 1019 1019 0 6625 0
49111 50000 1810 1579 1250 1250 0 0 1019 130 1000000000 0 889
--------------------------------------
--------------------------------------
EV10
--------------------------------------
Num TPs served = 5
TPs served = 321 353 529 9025 9713
Total energy used = 35510
--------------------------------------
Schedule:
0 6557 1250 1250 1250 1250 0 0 35632 35632 0 6557 0
6557 7277 1250 1250 1779 1059 0 1 35632 34912 321 8448 720
7277 8061 1779 1059 2319 815 1 2 34912 34128 353 8237 784
8061 10186 2319 815 2319 815 2 2 34128 34128 0 2125 0
10186 10922 2319 815 2608 1262 2 3 34128 33392 529 390 736
10922 11704 2608 1262 3212 1440 3 2 33392 32610 -529 390 782
11704 26728 3212 1440 9999 9677 2 1 32610 17586 -353 6112 15024
26728 26788 9999 9677 9999 9737 1 0 17586 17526 -321 5835 60
26788 28385 9999 9737 9999 9737 0 0 17526 17526 0 1597 0
28385 43468 9999 9737 3293 1360 0 1 17526 2443 9025 184 15083
43468 43837 3293 1360 2955 1391 1 0 2443 2074 -9025 184 369
43837 46572 2955 1391 2955 1391 0 0 2074 2074 0 2735 0
46572 46982 2955 1391 2598 1444 0 1 2074 1664 9713 114 410
46982 47211 2598 1444 2447 1366 1 0 1664 1435 -9713 114 229
47211 48687 2447 1366 2447 1366 0 0 1435 1435 0 1476 0
48687 50000 2447 1366 1250 1250 0 0 1435 122 1000000000 0 1313
--------------------------------------
--------------------------------------
EV11
--------------------------------------
Num TPs served = 12
TPs served = 513 593 769 801 1073 1553 1793 2241 3121 3889 9457 9537
Total energy used = 35594
--------------------------------------
Schedule:
0 8468 1250 1250 1250 1250 0 0 35632 35632 0 8468 0
8468 10682 1250 1250 3250 1036 0 1 35632 33418 513 290 2214
10682 11263 3250 1036 2936 769 1 0 33418 32837 -513 290 581
11263 11393 2936 769 2936 769 0 0 32837 32837 0 130 0
11393 11848 2936 769 2535 823 0 1 32837 32382 593 501 455
11848 12851 2535 823 2724 1637 1 0 32382 31379 -593 501 1003
12851 13975 2724 1637 2329 908 0 1 31379 30255 769 112 1124
13975 14093 2329 908 2407 868 1 2 30255 30137 801 731 118
14093 14811 2407 868 2855 1138 2 1 30137 29419 -769 32 718
14811 15755 2855 1138 3457 1480 1 0 29419 28475 -801 731 944
15755 16553 3457 1480 3314 825 0 1 28475 27677 1073 304 798
16553 18127 3314 825 2078 1163 1 0 27677 26103 -1073 304 1574
18127 18970 2078 1163 2370 612 0 1 26103 25260 1553 191 843
18970 19707 2370 612 1837 816 1 0 25260 24523 -1553 191 737
19707 20649 1837 816 2265 1330 0 1 24523 23581 1793 235 942
20649 22138 2265 1330 3610 1186 1 0 23581 22092 -1793 235 1489
22138 22724 3610 1186 3070 1232 0 1 22092 21506 2241 528 586
22724 25077 3070 1232 4110 2545 1 0 21506 19153 -2241 528 2353
25077 26155 4110 2545 4110 2545 0 0 19153 19153 0 1078 0
26155 27868 4110 2545 3326 1616 0 1 19153 17440 3889 340 1713
27868 28550 3326 1616 3165 1095 1 0 17440 16758 -3889 340 682
28550 28784 3165 1095 3344 1150 0 1 16758 16524 3121 141 234
28784 35913 3344 1150 9999 676 1 0 16524 9395 -3121 141 7129
35913 38753 9999 676 9999 676 0 0 9395 9395 0 2840 0
38753 45449 9999 676 3320 659 0 1 9395 2699 9457 250 6696
45449 45951 3320 659 2960 801 1 0 2699 2197 -9457 250 502
45951 46114 2960 801 2871 875 0 1 2197 2034 9537 270 163
46114 47082 2871 875 2176 1148 1 0 2034 1066 -9537 270 968
47082 48972 2176 1148 2176 1148 0 0 1066 1066 0 1890 0
48972 50000 2176 1148 1250 1250 0 0 1066 38 1000000000 0 1028
--------------------------------------
--------------------------------------
EV12
--------------------------------------
Num TPs served = 20
TPs served = 545 689 785 1297 1521 1985 2113 2801 3393 3473 3553 4113 4721 5601 5729 5745 5777 6225 7249 7377
Total energy used = 33998
--------------------------------------
Schedule:
0 9044 1250 1250 1250 1250 0 0 35632 35632 0 9044 0
9044 11080 1250 1250 2496 460 0 1 35632 33596 545 680 2036
11080 12441 2496 460 3450 867 1 0 33596 32235 -545 680 1361
12441 12666 3450 867 3450 867 0 0 32235 32235 0 225 0
12666 12907 3450 867 3521 1037 0 1 32235 31994 689 492 241
12907 13893 3521 1037 3195 1697 1 0 31994 31008 -689 492 986
13893 14862 3195 1697 3096 827 0 1 31008 30039 785 195 969
14862 17305 3096 827 1331 149 1 0 30039 27596 -785 195 2443
17305 18314 1331 149 1958 531 0 1 27596 26587 1297 507 1009
18314 19102 1958 531 2548 333 1 2 26587 25799 1521 200 788
19102 20520 2548 333 2906 1393 2 1 25799 24381 -1521 200 1418
20520 21133 2906 1393 3164 1748 1 2 24381 23768 1985 839 613
21133 21523 3164 1748 3551 1745 2 1 23768 23378 -1297 105 390
21523 22061 3551 1745 3196 1562 1 2 23378 22840 2113 118 538
22061 23413 3196 1562 2368 1038 2 1 22840 21488 -2113 118 1352
23413 23732 2368 1038 2137 950 1 0 21488 21169 -1985 65 319
23732 24615 2137 950 2428 358 0 1 21169 20286 2801 164 883
24615 25588 2428 358 3378 381 1 0 20286 19313 -2801 164 973
25588 25626 3378 381 3378 381 0 0 19313 19313 0 38 0
25626 26187 3378 381 2968 532 0 1 19313 18752 3393 103 561
26187 26395 2968 532 2971 737 1 0 18752 18544 -3393 103 208
26395 26412 2971 737 2971 737 0 0 18544 18544 0 17 0
26412 26755 2971 737 2999 422 0 1 18544 18201 3553 616 343
26755 27130 2999 422 2649 447 1 2 18201 17826 3473 378 375
27130 27989 2649 447 2497 1154 2 1 17826 16967 -3553 616 859
27989 29285 2497 1154 3239 1708 1 2 16967 15671 4113 743 1296
29285 29589 3239 1708 3445 1806 2 1 15671 15367 -3473 74 304
29589 30804 3445 1806 3360 676 1 2 15367 14152 4721 12 1215
30804 31708 3360 676 2470 662 2 1 14152 13248 -4721 12 904
31708 32702 2470 662 1959 179 1 0 13248 12254 -4113 135 994
32702 32824 1959 179 1959 179 0 0 12254 12254 0 122 0
32824 33189 1959 179 2075 428 0 1 12254 11889 5745 1130 365
33189 33542 2075 428 2118 738 1 2 11889 11536 5601 100 353
33542 33711 2118 738 2247 778 2 3 11536 11367 5777 149 169
33711 33779 2247 778 2252 841 3 4 11367 11299 5729 209 68
33779 34685 2252 841 2735 1264 4 5 11299 10393 6225 550 906
34685 34902 2735 1264 2937 1279 5 4 10393 10176 -5777 149 217
34902 35229 2937 1279 3014 1529 4 3 10176 9849 -5601 100 327
35229 35473 3014 1529 3156 1631 3 2 9849 9605 -5729 209 244
35473 35742 3156 1631 3010 1754 2 1 9605 9336 -5745 838 269
35742 36585 3010 1754 3753 1854 1 0 9336 8493 -6225 258 843
36585 37814 3753 1854 3285 1093 0 1 8493 7264 7377 21 1229
37814 38093 3285 1093 3564 1093 1 0 7264 6985 -7377 21 279
38093 38898 3564 1093 3787 511 0 1 6985 6180 7249 7 805
38898 42070 3787 511 800 326 1 0 6180 3008 -7249 7 3172
42070 48626 800 326 800 326 0 0 3008 3008 0 6556 0
48626 50000 800 326 1250 1250 0 0 3008 1634 1000000000 0 1374
--------------------------------------
--------------------------------------
EV13
--------------------------------------
Num TPs served = 24
TPs served = 625 657 977 1169 1393 1537 1953 2033 2353 2673 3025 3457 4529 4881 5105 5361 6465 6961 7281 7537 7681 7905 8721 9281
Total energy used = 35582
--------------------------------------
Schedule:
0 10498 1250 1250 1250 1250 0 0 35632 35632 0 10498 0
10498 12270 1250 1250 2669 1603 0 1 35632 33860 625 106 1772
12270 12483 2669 1603 2640 1419 1 0 33860 33647 -625 106 213
12483 13244 2640 1419 2147 1687 0 1 33647 32886 657 105 761
13244 14758 2147 1687 2721 747 1 0 32886 31372 -657 105 1514
14758 15161 2721 747 2721 747 0 0 31372 31372 0 403 0
15161 15536 2721 747 2654 439 0 1 31372 30997 977 466 375
15536 16470 2654 439 2528 1247 1 0 30997 30063 -977 466 934
16470 16995 2528 1247 2651 845 0 1 30063 29538 1169 0 525
16995 17588 2651 845 2925 1164 1 0 29538 28945 -1169 0 593
17588 17737 2925 1164 2925 1164 0 0 28945 28945 0 149 0
17737 17942 2925 1164 3130 1164 0 1 28945 28740 1393 932 205
17942 18425 3130 1164 3130 1164 1 1 28740 28740 0 483 0
18425 18714 3130 1164 2970 1293 1 2 28740 28451 1537 263 289
18714 19242 2970 1293 2458 1309 2 1 28451 27923 -1537 263 528
19242 20291 2458 1309 2198 2098 1 0 27923 26874 -1393 449 1049
20291 21240 2198 2098 2383 1334 0 1 26874 25925 2033 167 949
21240 21369 2383 1334 2469 1377 1 2 25925 25796 1953 169 129
21369 21733 2469 1377 2433 1049 2 1 25796 25432 -2033 9 364
21733 21849 2433 1049 2433 1049 1 1 25432 25432 0 116 0
21849 22521 2433 1049 2340 470 1 2 25432 24760 2353 900 672
22521 22778 2340 470 2355 228 2 1 24760 24503 -1953 23 257
22778 23818 2355 228 2616 1007 1 2 24503 23463 2673 256 1040
23818 24375 2616 1007 3001 835 2 1 23463 22906 -2673 256 557
24375 25175 3001 835 2989 1623 1 0 22906 22106 -2353 48 800
25175 25499 2989 1623 2989 1623 0 0 22106 22106 0 324 0
25499 26366 2989 1623 2210 1535 0 1 22106 21239 3457 688 867
26366 26457 2210 1535 2164 1490 1 2 21239 21148 3025 18 91
26457 27836 2164 1490 2270 217 2 1 21148 19769 -3457 596 1379
27836 29325 2270 217 3664 122 1 0 19769 18280 -3025 18 1489
29325 29977 3664 122 3228 338 0 1 18280 17628 4529 392 652
29977 31073 3228 338 2956 1162 1 2 17628 16532 4881 38 1096
31073 31107 2956 1162 2938 1146 2 1 16532 16498 -4529 360 34
31107 31133 2938 1146 2938 1146 1 1 16498 16498 0 26 0
31133 31416 2938 1146 2749 1052 1 2 16498 16215 5105 387 283
31416 31765 2749 1052 2526 926 2 1 16215 15866 -4881 12 349
31765 32444 2526 926 2449 1528 1 0 15866 15187 -5105 135 679
32444 32840 2449 1528 2603 1286 0 1 15187 14791 5361 167 396
32840 34574 2603 1286 2060 95 1 0 14791 13057 -5361 167 1734
34574 35538 2060 95 2079 1040 0 1 13057 12093 6465 304 964
35538 35841 2079 1040 2079 1040 1 1 12093 12093 0 303 0
35841 36442 2079 1040 2573 1147 1 2 12093 11492 6961 281 601
36442 37006 2573 1147 2987 1297 2 1 11492 10928 -6961 281 564
37006 37338 2987 1297 3029 1587 1 0 10928 10596 -6465 1 332
37338 37649 3029 1587 3216 1711 0 1 10596 10285 7281 71 311
37649 38287 3216 1711 2778 1511 1 0 10285 9647 -7281 71 638
38287 38304 2778 1511 2778 1511 0 0 9647 9647 0 17 0
38304 38601 2778 1511 3073 1513 0 1 9647 9350 7681 495 297
38601 38707 3073 1513 3129 1563 1 2 9350 9244 7537 77 106
38707 39693 3129 1563 3289 737 2 1 9244 8258 -7681 395 986
39693 39936 3289 737 3434 639 1 0 8258 8015 -7537 77 243
39936 40198 3434 639 3484 851 0 1 8015 7753 7905 10 262
40198 42024 3484 851 2318 191 1 0 7753 5927 -7905 10 1826
42024 42411 2318 191 2295 555 0 1 5927 5540 8721 578 387
42411 43905 2295 555 2604 1740 1 0 5540 4046 -8721 578 1494
43905 45004 2604 1740 2524 721 0 1 4046 2947 9281 32 1099
45004 46080 2524 721 2957 1364 1 0 2947 1871 -9281 32 1076
46080 48179 2957 1364 2957 1364 0 0 1871 1871 0 2099 0
48179 50000 2957 1364 1250 1250 0 0 1871 50 1000000000 0 1821
--------------------------------------
--------------------------------------
EV14
--------------------------------------
Num TPs served = 21
TPs served = 705 817 1105 1313 1505 2129 2433 3217 3729 4657 4785 5201 5217 6209 6481 6737 7553 8353 8401 8913 9425
Total energy used = 35584
--------------------------------------
Schedule:
0 10545 1250 1250 1250 1250 0 0 35632 35632 0 10545 0
10545 13128 1250 1250 3564 981 0 1 35632 33049 705 244 2583
13128 13617 3564 981 3267 789 1 0 33049 32560 -705 244 489
13617 14494 3267 789 2657 1056 0 1 32560 31683 817 105 877
14494 15345 2657 1056 1860 1002 1 0 31683 30832 -817 105 851
15345 15590 1860 1002 1860 1002 0 0 30832 30832 0 245 0
15590 16329 1860 1002 2419 1182 0 1 30832 30093 1105 173 739
16329 16677 2419 1182 2131 1122 1 0 30093 29745 -1105 173 348
16677 17972 2131 1122 2692 1856 0 1 29745 28450 1313 38 1295
17972 18996 2692 1856 2952 1092 1 0 28450 27426 -1313 38 1024
18996 19271 2952 1092 3120 985 0 1 27426 27151 1505 15 275
19271 20779 3120 985 2420 177 1 0 27151 25643 -1505 15 1508
20779 22191 2420 177 2307 1476 0 1 25643 24231 2129 295 1412
22191 23029 2307 1476 3000 1331 1 2 24231 23393 2433 885 838
23029 24032 3000 1331 3015 343 2 1 23393 22390 -2129 295 1003
24032 25165 3015 343 2015 210 1 0 22390 21257 -2433 855 1133
25165 26014 2015 210 2531 543 0 1 21257 20408 3217 221 849
26014 27180 2531 543 2641 1599 1 0 20408 19242 -3217 221 1166
27180 28028 2641 1599 2125 1267 0 1 19242 18394 3729 180 848
28028 29832 2125 1267 2813 151 1 0 18394 16590 -3729 180 1804
29832 30286 2813 151 2490 20 0 1 16590 16136 4657 558 454
30286 31230 2490 20 2087 561 1 2 16136 15192 4785 239 944
31230 31282 2087 561 2087 561 2 2 15192 15192 0 52 0
31282 31718 2087 561 2241 843 2 3 15192 14756 5217 1055 436
31718 31934 2241 843 2321 979 3 4 14756 14540 5201 158 216
31934 32141 2321 979 2304 1169 4 3 14540 14333 -4657 38 207
32141 32762 2304 1169 2918 1176 3 2 14333 13712 -5201 124 621
32762 33181 2918 1176 3113 1400 2 1 13712 13293 -4785 153 419
33181 33864 3113 1400 3605 1591 1 0 13293 12610 -5217 1021 683
33864 34705 3605 1591 2926 1429 0 1 12610 11769 6209 38 841
34705 35386 2926 1429 2409 1265 1 0 11769 11088 -6209 38 681
35386 35552 2409 1265 2536 1226 0 1 11088 10922 6481 14 166
35552 36420 2536 1226 2342 552 1 0 10922 10054 -6481 14 868
36420 37075 2342 552 2730 285 0 1 10054 9399 6737 64 655
37075 38280 2730 285 2748 1472 1 2 9399 8194 7553 289 1205
38280 38966 2748 1472 3383 1523 2 1 8194 7508 -7553 289 686
38966 39763 3383 1523 4000 1703 1 0 7508 6711 -6737 64 797
39763 40053 4000 1703 4000 1703 0 0 6711 6711 0 290 0
40053 40864 4000 1703 3550 1342 0 1 6711 5900 8353 467 811
40864 41198 3550 1342 3712 1514 1 2 5900 5566 8401 1169 334
41198 42237 3712 1514 2730 1457 2 1 5566 4527 -8353 29 1039
42237 42258 2730 1457 2730 1457 1 1 4527 4527 0 21 0
42258 42971 2730 1457 2604 870 1 2 4527 3814 8913 160 713
42971 43293 2604 870 2427 725 2 1 3814 3492 -8913 160 322
43293 43885 2427 725 2230 330 1 0 3492 2900 -8401 1148 592
43885 45098 2230 330 2230 330 0 0 2900 2900 0 1213 0
45098 45266 2230 330 2352 376 0 1 2900 2732 9425 328 168
45266 45924 2352 376 2706 680 1 0 2732 2074 -9425 328 658
45924 47974 2706 680 2706 680 0 0 2074 2074 0 2050 0
47974 50000 2706 680 1250 1250 0 0 2074 48 1000000000 0 2026
--------------------------------------
--------------------------------------
EV15
--------------------------------------
Num TPs served = 12
TPs served = 737 833 1137 1329 1729 2177 2609 2897 3825 3873 3969 9697
Total energy used = 35558
--------------------------------------
Schedule:
0 11204 1250 1250 1250 1250 0 0 35632 35632 0 11204 0
11204 13455 1250 1250 3177 926 0 1 35632 33381 737 105 2251
13455 13667 3177 926 3056 1017 1 0 33381 33169 -737 105 212
13667 14382 3056 1017 3691 1097 0 1 33169 32454 833 96 715
14382 14774 3691 1097 3558 1356 1 0 32454 32062 -833 96 392
14774 15873 3558 1356 3558 1356 0 0 32062 32062 0 1099 0
15873 16545 3558 1356 3195 1047 0 1 32062 31390 1137 221 672
16545 16988 3195 1047 2773 1068 1 0 31390 30947 -1137 221 443
16988 18188 2773 1068 3825 920 0 1 30947 29747 1329 405 1200
18188 19870 3825 920 3012 1789 1 2 29747 28065 1729 757 1682
19870 20123 3012 1789 2863 1893 2 1 28065 27812 -1329 405 253
20123 21862 2863 1893 2206 811 1 2 27812 26073 2177 398 1739
21862 21975 2206 811 2251 879 2 1 26073 25960 -1729 323 113
21975 22895 2251 879 1989 1537 1 0 25960 25040 -2177 308 920
22895 23924 1989 1537 2963 1482 0 1 25040 24011 2609 267 1029
23924 25056 2963 1482 2452 2103 1 2 24011 22879 2897 520 1132
25056 25255 2452 2103 2468 2286 2 1 22879 22680 -2609 235 199
25255 27344 2468 2286 2073 592 1 0 22680 20591 -2897 122 2089
27344 27383 2073 592 2073 592 0 0 20591 20591 0 39 0
27383 27824 2073 592 2383 723 0 1 20591 20150 3873 352 441
27824 28284 2383 723 2758 638 1 2 20150 19690 3969 256 460
28284 28530 2758 638 2932 566 2 1 19690 19444 -3873 352 246
28530 29161 2932 566 3353 776 1 0 19444 18813 -3969 112 631
29161 29944 3353 776 3220 1426 0 1 18813 18030 3825 1745 783
29944 38025 3220 1426 9999 124 1 0 18030 9949 -3825 1745 8081
38025 38749 9999 124 9999 124 0 0 9949 9949 0 724 0
38749 46846 9999 124 2780 1002 0 1 9949 1852 9697 247 8097
46846 47341 2780 1002 2493 1210 1 0 1852 1357 -9697 247 495
47341 48717 2493 1210 2493 1210 0 0 1357 1357 0 1376 0
48717 50000 2493 1210 1250 1250 0 0 1357 74 1000000000 0 1283
--------------------------------------
--------------------------------------
EV16
--------------------------------------
Num TPs served = 20
TPs served = 849 945 1201 1441 2097 2529 3537 3857 4097 4193 4801 4913 6289 6497 6545 7217 8417 8513 8833 9297
Total energy used = 34860
--------------------------------------
Schedule:
0 12127 1250 1250 1250 1250 0 0 35632 35632 0 12127 0
12127 14448 1250 1250 3335 1014 0 1 35632 33311 849 414 2321
14448 15277 3335 1014 2927 1435 1 0 33311 32482 -849 414 829
15277 15704 2927 1435 2946 1843 0 1 32482 32055 945 106 427
15704 16699 2946 1843 3051 953 1 0 32055 31060 -945 106 995
16699 17202 3051 953 3273 1234 0 1 31060 30557 1201 38 503
17202 18047 3273 1234 2629 1435 1 0 30557 29712 -1201 38 845
18047 18929 2629 1435 3029 953 0 1 29712 28830 1441 176 882
18929 20766 3029 953 3501 2318 1 0 28830 26993 -1441 176 1837
20766 21854 3501 2318 3584 1313 0 1 26993 25905 2097 190 1088
21854 23068 3584 1313 2550 1493 1 0 25905 24691 -2097 190 1214
23068 24154 2550 1493 2773 2356 0 1 24691 23605 2529 141 1086
24154 26267 2773 2356 3071 541 1 0 23605 21492 -2529 141 2113
26267 26465 3071 541 3071 541 0 0 21492 21492 0 198 0
26465 26712 3071 541 3078 781 0 1 21492 21245 3537 379 247
26712 27471 3078 781 2608 492 1 0 21245 20486 -3537 379 759
27471 28122 2608 492 3219 452 0 1 20486 19835 3857 166 651
28122 28186 3219 452 3219 452 1 1 19835 19835 0 64 0
28186 28591 3219 452 3243 833 1 2 19835 19430 4097 519 405
28591 28983 3243 833 3025 1007 2 3 19430 19038 4193 412 392
28983 29291 3025 1007 2897 1187 3 2 19038 18730 -3857 54 308
29291 30145 2897 1187 2300 930 2 1 18730 17876 -4097 5 854
30145 30493 2300 930 2292 590 1 0 17876 17528 -4193 52 348
30493 30649 2292 590 2322 716 0 1 17528 17372 4801 492 156
30649 31564 2322 716 2521 0 1 2 17372 16457 4913 510 915
31564 32131 2521 0 2921 167 2 1 16457 15890 -4801 158 567
32131 34009 2921 167 3709 1257 1 0 15890 14012 -4913 510 1878
34009 34843 3709 1257 3243 889 0 1 14012 13178 6289 159 834
34843 35224 3243 889 3287 1226 1 2 13178 12797 6497 522 381
35224 35741 3287 1226 2790 1206 2 1 12797 12280 -6289 31 517
35741 36027 2790 1206 2957 1087 1 2 12280 11994 6545 31 286
36027 36714 2957 1087 2397 960 2 1 11994 11307 -6497 188 687
36714 37531 2397 960 2005 535 1 0 11307 10490 -6545 31 817
37531 38181 2005 535 1954 1134 0 1 10490 9840 7217 57 650
38181 40199 1954 1134 3860 1246 1 0 9840 7822 -7217 57 2018
40199 40340 3860 1246 3860 1246 0 0 7822 7822 0 141 0
40340 41076 3860 1246 3273 1097 0 1 7822 7086 8417 126 736
41076 41329 3273 1097 3357 928 1 0 7086 6833 -8417 126 253
41329 41988 3357 928 2854 772 0 1 6833 6174 8513 169 659
41988 42693 2854 772 3134 1197 1 2 6174 5469 8833 703 705
42693 43384 3134 1197 3234 1788 2 1 5469 4778 -8513 169 691
43384 44440 3234 1788 2186 1796 1 0 4778 3722 -8833 503 1056
44440 44758 2186 1796 1932 1860 0 1 3722 3404 9297 463 318
44758 46016 1932 1860 2602 1272 1 0 3404 2146 -9297 463 1258
46016 48626 2602 1272 2602 1272 0 0 2146 2146 0 2610 0
48626 50000 2602 1272 1250 1250 0 0 2146 772 1000000000 0 1374
--------------------------------------
--------------------------------------
EV17
--------------------------------------
Num TPs served = 10
TPs served = 865 1153 1457 2209 2289 2817 3409 4129 4769 9889
Total energy used = 35482
--------------------------------------
Schedule:
0 12663 1250 1250 1250 1250 0 0 35632 35632 0 12663 0
12663 14684 1250 1250 3184 1163 0 1 35632 33611 865 320 2021
14684 15325 3184 1163 2621 1085 1 0 33611 32970 -865 320 641
15325 15642 2621 1085 2621 1085 0 0 32970 32970 0 317 0
15642 16623 2621 1085 2466 259 0 1 32970 31989 1153 711 981
16623 17079 2466 259 2466 259 1 1 31989 31989 0 456 0
17079 18247 2466 259 3141 752 1 2 31989 30821 1457 1004 1168
18247 18502 3141 752 3180 968 2 1 30821 30566 -1153 255 255
18502 20257 3180 968 3914 1989 1 0 30566 28811 -1457 1004 1755
20257 20330 3914 1989 3914 1989 0 0 28811 28811 0 73 0
20330 21947 3914 1989 2906 1380 0 1 28811 27194 2209 433 1617
21947 22174 2906 1380 2906 1380 1 1 27194 27194 0 227 0
22174 22281 2906 1380 2904 1275 1 2 27194 27087 2289 626 107
22281 23046 2904 1275 2976 582 2 1 27087 26322 -2209 202 765
23046 24109 2976 582 3752 869 1 0 26322 25259 -2289 52 1063
24109 24927 3752 869 3428 375 0 1 25259 24441 2817 62 818
24927 26185 3428 375 2692 897 1 0 24441 23183 -2817 62 1258
26185 27136 2692 897 2287 351 0 1 23183 22232 3409 58 951
27136 29044 2287 351 1932 1904 1 0 22232 20324 -3409 58 1908
29044 30567 1932 1904 2638 1087 0 1 20324 18801 4769 164 1523
30567 31045 2638 1087 2478 769 1 0 18801 18323 -4769 164 478
31045 31409 2478 769 2753 680 0 1 18323 17959 4129 1185 364
31409 39277 2753 680 9999 58 1 0 17959 10091 -4129 1185 7868
39277 40056 9999 58 9999 58 0 0 10091 10091 0 779 0
40056 48107 9999 58 2833 943 0 1 10091 2040 9889 244 8051
48107 48596 2833 943 2529 1128 1 0 2040 1551 -9889 244 489
48596 48599 2529 1128 2529 1128 0 0 1551 1551 0 3 0
48599 50000 2529 1128 1250 1250 0 0 1551 150 1000000000 0 1401
--------------------------------------
--------------------------------------
EV18
--------------------------------------
Num TPs served = 18
TPs served = 881 897 1473 1809 2161 2449 2833 3345 3841 4705 5409 5505 6241 6609 7313 8481 8561 8609
Total energy used = 33040
--------------------------------------
Schedule:
0 12785 1250 1250 1250 1250 0 0 35632 35632 0 12785 0
12785 14917 1250 1250 2485 353 0 1 35632 33500 897 85 2132
14917 15089 2485 353 2328 368 1 0 33500 33328 -897 85 172
15089 15892 2328 368 1609 452 0 1 33328 32525 881 89 803
15892 18210 1609 452 2796 1583 1 0 32525 30207 -881 89 2318
18210 18702 2796 1583 2528 1807 0 1 30207 29715 1473 346 492
18702 20107 2528 1807 2695 569 1 0 29715 28310 -1473 346 1405
20107 20384 2695 569 2666 817 0 1 28310 28033 1809 296 277
20384 21276 2666 817 1872 719 1 0 28033 27141 -1809 296 892
21276 22092 1872 719 2365 396 0 1 27141 26325 2161 130 816
22092 23111 2365 396 3075 705 1 0 26325 25306 -2161 130 1019
23111 23225 3075 705 3174 690 0 1 25306 25192 2449 372 114
23225 24591 3174 690 2813 1695 1 0 25192 23826 -2449 372 1366
24591 25314 2813 1695 2305 1480 0 1 23826 23103 2833 242 723
25314 25375 2305 1480 2305 1480 1 1 23103 23103 0 61 0
25375 26034 2305 1480 2903 1541 1 2 23103 22444 3345 212 659
26034 26459 2903 1541 3004 1217 2 1 22444 22019 -3345 212 425
26459 27782 3004 1217 3715 605 1 0 22019 20696 -2833 59 1323
27782 28336 3715 605 3835 1039 0 1 20696 20142 3841 229 554
28336 30047 3835 1039 2128 1035 1 0 20142 18431 -3841 229 1711
30047 30729 2128 1035 1564 1153 0 1 18431 17749 4705 215 682
30729 31992 1564 1153 2358 684 1 0 17749 16486 -4705 215 1263
31992 32744 2358 684 2430 1364 0 1 16486 15734 5409 223 752
32744 32975 2430 1364 2634 1337 1 2 15734 15503 5505 19 231
32975 33818 2634 1337 3202 1062 2 1 15503 14660 -5505 19 843
33818 34148 3202 1062 3246 776 1 0 14660 14330 -5409 223 330
34148 34635 3246 776 2759 776 0 1 14330 13843 6241 322 487
34635 35582 2759 776 2818 1664 1 0 13843 12896 -6241 322 947
35582 36107 2818 1664 2351 1722 0 1 12896 12371 6609 70 525
36107 37485 2351 1722 1732 963 1 0 12371 10993 -6609 70 1378
37485 38212 1732 963 2292 1130 0 1 10993 10266 7313 358 727
38212 40308 2292 1130 3379 2139 1 0 10266 8170 -7313 358 2096
40308 41147 3379 2139 3379 2139 0 0 8170 8170 0 839 0
41147 41619 3379 2139 3667 1955 0 1 8170 7698 8561 1511 472
41619 41843 3667 1955 3805 1869 1 2 7698 7474 8481 438 224
41843 43002 3805 1869 3355 1160 2 3 7474 6315 8609 163 1159
43002 43739 3355 1160 3225 553 3 2 6315 5578 -8481 438 737
43739 44919 3225 553 2202 396 2 1 5578 4398 -8561 1235 1180
44919 45790 2202 396 1347 412 1 0 4398 3527 -8609 131 871
45790 49065 1347 412 1347 412 0 0 3527 3527 0 3275 0
49065 50000 1347 412 1250 1250 0 0 3527 2592 1000000000 0 935
--------------------------------------

-------------------------------------------------------------------------

TPs

-------------------------------------------------------------------------

----------------------
TP1 allocated to 1
----------------------

----------------------
TP17 not allocated
----------------------

----------------------
TP33 not allocated
----------------------

----------------------
TP49 not allocated
----------------------

----------------------
TP65 allocated to 2
----------------------

----------------------
TP81 not allocated
----------------------

----------------------
TP97 not allocated
----------------------

----------------------
TP113 not allocated
----------------------

----------------------
TP129 not allocated
----------------------

----------------------
TP145 allocated to 2
----------------------

----------------------
TP161 allocated to 3
----------------------

----------------------
TP177 allocated to 4
----------------------

----------------------
TP193 allocated to 3
----------------------

----------------------
TP209 allocated to 5
----------------------

----------------------
TP225 allocated to 3
----------------------

----------------------
TP241 allocated to 6
----------------------

----------------------
TP257 allocated to 5
----------------------

----------------------
TP273 allocated to 7
----------------------

----------------------
TP289 allocated to 8
----------------------

----------------------
TP305 allocated to 9
----------------------

----------------------
TP321 allocated to 10
----------------------

----------------------
TP337 allocated to 4
----------------------

----------------------
TP353 allocated to 10
----------------------

----------------------
TP369 allocated to 4
----------------------

----------------------
TP385 allocated to 6
----------------------

----------------------
TP401 allocated to 7
----------------------

----------------------
TP417 allocated to 8
----------------------

----------------------
TP433 not allocated
----------------------

----------------------
TP449 allocated to 6
----------------------

----------------------
TP465 allocated to 6
----------------------

----------------------
TP481 allocated to 7
----------------------

----------------------
TP497 allocated to 9
----------------------

----------------------
TP513 allocated to 11
----------------------

----------------------
TP529 allocated to 10
----------------------

----------------------
TP545 allocated to 12
----------------------

----------------------
TP561 allocated to 6
----------------------

----------------------
TP577 allocated to 8
----------------------

----------------------
TP593 allocated to 11
----------------------

----------------------
TP609 allocated to 9
----------------------

----------------------
TP625 allocated to 13
----------------------

----------------------
TP641 allocated to 7
----------------------

----------------------
TP657 allocated to 13
----------------------

----------------------
TP673 allocated to 7
----------------------

----------------------
TP689 allocated to 12
----------------------

----------------------
TP705 allocated to 14
----------------------

----------------------
TP721 allocated to 4
----------------------

----------------------
TP737 allocated to 15
----------------------

----------------------
TP753 allocated to 9
----------------------

----------------------
TP769 allocated to 11
----------------------

----------------------
TP785 allocated to 12
----------------------

----------------------
TP801 allocated to 11
----------------------

----------------------
TP817 allocated to 14
----------------------

----------------------
TP833 allocated to 15
----------------------

----------------------
TP849 allocated to 16
----------------------

----------------------
TP865 allocated to 17
----------------------

----------------------
TP881 allocated to 18
----------------------

----------------------
TP897 allocated to 18
----------------------

----------------------
TP913 allocated to 7
----------------------

----------------------
TP929 not allocated
----------------------

----------------------
TP945 allocated to 16
----------------------

----------------------
TP961 allocated to 4
----------------------

----------------------
TP977 allocated to 13
----------------------

----------------------
TP993 not allocated
----------------------

----------------------
TP1009 allocated to 7
----------------------

----------------------
TP1025 allocated to 1
----------------------

----------------------
TP1041 allocated to 4
----------------------

----------------------
TP1057 allocated to 8
----------------------

----------------------
TP1073 allocated to 11
----------------------

----------------------
TP1089 allocated to 9
----------------------

----------------------
TP1105 allocated to 14
----------------------

----------------------
TP1121 not allocated
----------------------

----------------------
TP1137 allocated to 15
----------------------

----------------------
TP1153 allocated to 17
----------------------

----------------------
TP1169 allocated to 13
----------------------

----------------------
TP1185 not allocated
----------------------

----------------------
TP1201 allocated to 16
----------------------

----------------------
TP1217 allocated to 8
----------------------

----------------------
TP1233 allocated to 9
----------------------

----------------------
TP1249 allocated to 1
----------------------

----------------------
TP1265 not allocated
----------------------

----------------------
TP1281 allocated to 4
----------------------

----------------------
TP1297 allocated to 12
----------------------

----------------------
TP1313 allocated to 14
----------------------

----------------------
TP1329 allocated to 15
----------------------

----------------------
TP1345 allocated to 4
----------------------

----------------------
TP1361 not allocated
----------------------

----------------------
TP1377 allocated to 9
----------------------

----------------------
TP1393 allocated to 13
----------------------

----------------------
TP1409 allocated to 8
----------------------

----------------------
TP1425 allocated to 1
----------------------

----------------------
TP1441 allocated to 16
----------------------

----------------------
TP1457 allocated to 17
----------------------

----------------------
TP1473 allocated to 18
----------------------

----------------------
TP1489 not allocated
----------------------

----------------------
TP1505 allocated to 14
----------------------

----------------------
TP1521 allocated to 12
----------------------

----------------------
TP1537 allocated to 13
----------------------

----------------------
TP1553 allocated to 11
----------------------

----------------------
TP1569 not allocated
----------------------

----------------------
TP1585 allocated to 7
----------------------

----------------------
TP1601 not allocated
----------------------

----------------------
TP1617 allocated to 9
----------------------

----------------------
TP1633 not allocated
----------------------

----------------------
TP1649 allocated to 7
----------------------

----------------------
TP1665 not allocated
----------------------

----------------------
TP1681 not allocated
----------------------

----------------------
TP1697 not allocated
----------------------

----------------------
TP1713 not allocated
----------------------

----------------------
TP1729 allocated to 15
----------------------

----------------------
TP1745 not allocated
----------------------

----------------------
TP1761 not allocated
----------------------

----------------------
TP1777 not allocated
----------------------

----------------------
TP1793 allocated to 11
----------------------

----------------------
TP1809 allocated to 18
----------------------

----------------------
TP1825 allocated to 4
----------------------

----------------------
TP1841 not allocated
----------------------

----------------------
TP1857 not allocated
----------------------

----------------------
TP1873 allocated to 2
----------------------

----------------------
TP1889 not allocated
----------------------

----------------------
TP1905 not allocated
----------------------

----------------------
TP1921 not allocated
----------------------

----------------------
TP1937 allocated to 7
----------------------

----------------------
TP1953 allocated to 13
----------------------

----------------------
TP1969 allocated to 9
----------------------

----------------------
TP1985 allocated to 12
----------------------

----------------------
TP2001 not allocated
----------------------

----------------------
TP2017 allocated to 4
----------------------

----------------------
TP2033 allocated to 13
----------------------

----------------------
TP2049 allocated to 2
----------------------

----------------------
TP2065 not allocated
----------------------

----------------------
TP2081 not allocated
----------------------

----------------------
TP2097 allocated to 16
----------------------

----------------------
TP2113 allocated to 12
----------------------

----------------------
TP2129 allocated to 14
----------------------

----------------------
TP2145 allocated to 3
----------------------

----------------------
TP2161 allocated to 18
----------------------

----------------------
TP2177 allocated to 15
----------------------

----------------------
TP2193 not allocated
----------------------

----------------------
TP2209 allocated to 17
----------------------

----------------------
TP2225 not allocated
----------------------

----------------------
TP2241 allocated to 11
----------------------

----------------------
TP2257 not allocated
----------------------

----------------------
TP2273 not allocated
----------------------

----------------------
TP2289 allocated to 17
----------------------

----------------------
TP2305 not allocated
----------------------

----------------------
TP2321 not allocated
----------------------

----------------------
TP2337 not allocated
----------------------

----------------------
TP2353 allocated to 13
----------------------

----------------------
TP2369 not allocated
----------------------

----------------------
TP2385 not allocated
----------------------

----------------------
TP2401 not allocated
----------------------

----------------------
TP2417 not allocated
----------------------

----------------------
TP2433 allocated to 14
----------------------

----------------------
TP2449 allocated to 18
----------------------

----------------------
TP2465 not allocated
----------------------

----------------------
TP2481 not allocated
----------------------

----------------------
TP2497 not allocated
----------------------

----------------------
TP2513 allocated to 1
----------------------

----------------------
TP2529 allocated to 16
----------------------

----------------------
TP2545 not allocated
----------------------

----------------------
TP2561 allocated to 4
----------------------

----------------------
TP2577 allocated to 8
----------------------

----------------------
TP2593 not allocated
----------------------

----------------------
TP2609 allocated to 15
----------------------

----------------------
TP2625 allocated to 1
----------------------

----------------------
TP2641 not allocated
----------------------

----------------------
TP2657 allocated to 7
----------------------

----------------------
TP2673 allocated to 13
----------------------

----------------------
TP2689 not allocated
----------------------

----------------------
TP2705 allocated to 3
----------------------

----------------------
TP2721 not allocated
----------------------

----------------------
TP2737 not allocated
----------------------

----------------------
TP2753 not allocated
----------------------

----------------------
TP2769 allocated to 9
----------------------

----------------------
TP2785 allocated to 4
----------------------

----------------------
TP2801 allocated to 12
----------------------

----------------------
TP2817 allocated to 17
----------------------

----------------------
TP2833 allocated to 18
----------------------

----------------------
TP2849 not allocated
----------------------

----------------------
TP2865 not allocated
----------------------

----------------------
TP2881 not allocated
----------------------

----------------------
TP2897 allocated to 15
----------------------

----------------------
TP2913 allocated to 1
----------------------

----------------------
TP2929 allocated to 1
----------------------

----------------------
TP2945 not allocated
----------------------

----------------------
TP2961 not allocated
----------------------

----------------------
TP2977 not allocated
----------------------

----------------------
TP2993 not allocated
----------------------

----------------------
TP3009 not allocated
----------------------

----------------------
TP3025 allocated to 13
----------------------

----------------------
TP3041 not allocated
----------------------

----------------------
TP3057 not allocated
----------------------

----------------------
TP3073 allocated to 4
----------------------

----------------------
TP3089 not allocated
----------------------

----------------------
TP3105 not allocated
----------------------

----------------------
TP3121 allocated to 11
----------------------

----------------------
TP3137 not allocated
----------------------

----------------------
TP3153 not allocated
----------------------

----------------------
TP3169 not allocated
----------------------

----------------------
TP3185 not allocated
----------------------

----------------------
TP3201 allocated to 8
----------------------

----------------------
TP3217 allocated to 14
----------------------

----------------------
TP3233 not allocated
----------------------

----------------------
TP3249 not allocated
----------------------

----------------------
TP3265 not allocated
----------------------

----------------------
TP3281 not allocated
----------------------

----------------------
TP3297 allocated to 7
----------------------

----------------------
TP3313 not allocated
----------------------

----------------------
TP3329 not allocated
----------------------

----------------------
TP3345 allocated to 18
----------------------

----------------------
TP3361 not allocated
----------------------

----------------------
TP3377 allocated to 3
----------------------

----------------------
TP3393 allocated to 12
----------------------

----------------------
TP3409 allocated to 17
----------------------

----------------------
TP3425 not allocated
----------------------

----------------------
TP3441 not allocated
----------------------

----------------------
TP3457 allocated to 13
----------------------

----------------------
TP3473 allocated to 12
----------------------

----------------------
TP3489 allocated to 4
----------------------

----------------------
TP3505 not allocated
----------------------

----------------------
TP3521 not allocated
----------------------

----------------------
TP3537 allocated to 16
----------------------

----------------------
TP3553 allocated to 12
----------------------

----------------------
TP3569 allocated to 7
----------------------

----------------------
TP3585 allocated to 3
----------------------

----------------------
TP3601 not allocated
----------------------

----------------------
TP3617 not allocated
----------------------

----------------------
TP3633 not allocated
----------------------

----------------------
TP3649 not allocated
----------------------

----------------------
TP3665 allocated to 8
----------------------

----------------------
TP3681 not allocated
----------------------

----------------------
TP3697 not allocated
----------------------

----------------------
TP3713 not allocated
----------------------

----------------------
TP3729 allocated to 14
----------------------

----------------------
TP3745 not allocated
----------------------

----------------------
TP3761 not allocated
----------------------

----------------------
TP3777 not allocated
----------------------

----------------------
TP3793 not allocated
----------------------

----------------------
TP3809 allocated to 7
----------------------

----------------------
TP3825 allocated to 15
----------------------

----------------------
TP3841 allocated to 18
----------------------

----------------------
TP3857 allocated to 16
----------------------

----------------------
TP3873 allocated to 15
----------------------

----------------------
TP3889 allocated to 11
----------------------

----------------------
TP3905 not allocated
----------------------

----------------------
TP3921 not allocated
----------------------

----------------------
TP3937 not allocated
----------------------

----------------------
TP3953 allocated to 2
----------------------

----------------------
TP3969 allocated to 15
----------------------

----------------------
TP3985 not allocated
----------------------

----------------------
TP4001 not allocated
----------------------

----------------------
TP4017 not allocated
----------------------

----------------------
TP4033 not allocated
----------------------

----------------------
TP4049 not allocated
----------------------

----------------------
TP4065 not allocated
----------------------

----------------------
TP4081 not allocated
----------------------

----------------------
TP4097 allocated to 16
----------------------

----------------------
TP4113 allocated to 12
----------------------

----------------------
TP4129 allocated to 17
----------------------

----------------------
TP4145 not allocated
----------------------

----------------------
TP4161 not allocated
----------------------

----------------------
TP4177 allocated to 6
----------------------

----------------------
TP4193 allocated to 16
----------------------

----------------------
TP4209 not allocated
----------------------

----------------------
TP4225 not allocated
----------------------

----------------------
TP4241 allocated to 2
----------------------

----------------------
TP4257 not allocated
----------------------

----------------------
TP4273 not allocated
----------------------

----------------------
TP4289 allocated to 8
----------------------

----------------------
TP4305 not allocated
----------------------

----------------------
TP4321 not allocated
----------------------

----------------------
TP4337 not allocated
----------------------

----------------------
TP4353 not allocated
----------------------

----------------------
TP4369 not allocated
----------------------

----------------------
TP4385 not allocated
----------------------

----------------------
TP4401 not allocated
----------------------

----------------------
TP4417 not allocated
----------------------

----------------------
TP4433 not allocated
----------------------

----------------------
TP4449 allocated to 3
----------------------

----------------------
TP4465 not allocated
----------------------

----------------------
TP4481 not allocated
----------------------

----------------------
TP4497 not allocated
----------------------

----------------------
TP4513 not allocated
----------------------

----------------------
TP4529 allocated to 13
----------------------

----------------------
TP4545 allocated to 1
----------------------

----------------------
TP4561 allocated to 6
----------------------

----------------------
TP4577 not allocated
----------------------

----------------------
TP4593 allocated to 2
----------------------

----------------------
TP4609 allocated to 4
----------------------

----------------------
TP4625 not allocated
----------------------

----------------------
TP4641 not allocated
----------------------

----------------------
TP4657 allocated to 14
----------------------

----------------------
TP4673 not allocated
----------------------

----------------------
TP4689 not allocated
----------------------

----------------------
TP4705 allocated to 18
----------------------

----------------------
TP4721 allocated to 12
----------------------

----------------------
TP4737 allocated to 1
----------------------

----------------------
TP4753 allocated to 7
----------------------

----------------------
TP4769 allocated to 17
----------------------

----------------------
TP4785 allocated to 14
----------------------

----------------------
TP4801 allocated to 16
----------------------

----------------------
TP4817 allocated to 8
----------------------

----------------------
TP4833 not allocated
----------------------

----------------------
TP4849 allocated to 8
----------------------

----------------------
TP4865 not allocated
----------------------

----------------------
TP4881 allocated to 13
----------------------

----------------------
TP4897 not allocated
----------------------

----------------------
TP4913 allocated to 16
----------------------

----------------------
TP4929 allocated to 2
----------------------

----------------------
TP4945 not allocated
----------------------

----------------------
TP4961 not allocated
----------------------

----------------------
TP4977 allocated to 6
----------------------

----------------------
TP4993 not allocated
----------------------

----------------------
TP5009 not allocated
----------------------

----------------------
TP5025 not allocated
----------------------

----------------------
TP5041 not allocated
----------------------

----------------------
TP5057 allocated to 4
----------------------

----------------------
TP5073 not allocated
----------------------

----------------------
TP5089 allocated to 7
----------------------

----------------------
TP5105 allocated to 13
----------------------

----------------------
TP5121 not allocated
----------------------

----------------------
TP5137 allocated to 8
----------------------

----------------------
TP5153 not allocated
----------------------

----------------------
TP5169 allocated to 1
----------------------

----------------------
TP5185 not allocated
----------------------

----------------------
TP5201 allocated to 14
----------------------

----------------------
TP5217 allocated to 14
----------------------

----------------------
TP5233 not allocated
----------------------

----------------------
TP5249 not allocated
----------------------

----------------------
TP5265 not allocated
----------------------

----------------------
TP5281 not allocated
----------------------

----------------------
TP5297 allocated to 3
----------------------

----------------------
TP5313 not allocated
----------------------

----------------------
TP5329 not allocated
----------------------

----------------------
TP5345 allocated to 3
----------------------

----------------------
TP5361 allocated to 13
----------------------

----------------------
TP5377 allocated to 6
----------------------

----------------------
TP5393 allocated to 8
----------------------

----------------------
TP5409 allocated to 18
----------------------

----------------------
TP5425 allocated to 7
----------------------

----------------------
TP5441 not allocated
----------------------

----------------------
TP5457 not allocated
----------------------

----------------------
TP5473 not allocated
----------------------

----------------------
TP5489 not allocated
----------------------

----------------------
TP5505 allocated to 18
----------------------

----------------------
TP5521 not allocated
----------------------

----------------------
TP5537 not allocated
----------------------

----------------------
TP5553 not allocated
----------------------

----------------------
TP5569 not allocated
----------------------

----------------------
TP5585 not allocated
----------------------

----------------------
TP5601 allocated to 12
----------------------

----------------------
TP5617 not allocated
----------------------

----------------------
TP5633 not allocated
----------------------

----------------------
TP5649 allocated to 7
----------------------

----------------------
TP5665 not allocated
----------------------

----------------------
TP5681 not allocated
----------------------

----------------------
TP5697 not allocated
----------------------

----------------------
TP5713 allocated to 1
----------------------

----------------------
TP5729 allocated to 12
----------------------

----------------------
TP5745 allocated to 12
----------------------

----------------------
TP5761 not allocated
----------------------

----------------------
TP5777 allocated to 12
----------------------

----------------------
TP5793 not allocated
----------------------

----------------------
TP5809 not allocated
----------------------

----------------------
TP5825 not allocated
----------------------

----------------------
TP5841 not allocated
----------------------

----------------------
TP5857 not allocated
----------------------

----------------------
TP5873 not allocated
----------------------

----------------------
TP5889 allocated to 6
----------------------

----------------------
TP5905 not allocated
----------------------

----------------------
TP5921 not allocated
----------------------

----------------------
TP5937 not allocated
----------------------

----------------------
TP5953 allocated to 6
----------------------

----------------------
TP5969 allocated to 8
----------------------

----------------------
TP5985 allocated to 4
----------------------

----------------------
TP6001 not allocated
----------------------

----------------------
TP6017 not allocated
----------------------

----------------------
TP6033 not allocated
----------------------

----------------------
TP6049 not allocated
----------------------

----------------------
TP6065 not allocated
----------------------

----------------------
TP6081 not allocated
----------------------

----------------------
TP6097 not allocated
----------------------

----------------------
TP6113 not allocated
----------------------

----------------------
TP6129 not allocated
----------------------

----------------------
TP6145 not allocated
----------------------

----------------------
TP6161 not allocated
----------------------

----------------------
TP6177 allocated to 2
----------------------

----------------------
TP6193 not allocated
----------------------

----------------------
TP6209 allocated to 14
----------------------

----------------------
TP6225 allocated to 12
----------------------

----------------------
TP6241 allocated to 18
----------------------

----------------------
TP6257 not allocated
----------------------

----------------------
TP6273 not allocated
----------------------

----------------------
TP6289 allocated to 16
----------------------

----------------------
TP6305 not allocated
----------------------

----------------------
TP6321 not allocated
----------------------

----------------------
TP6337 not allocated
----------------------

----------------------
TP6353 not allocated
----------------------

----------------------
TP6369 not allocated
----------------------

----------------------
TP6385 not allocated
----------------------

----------------------
TP6401 allocated to 8
----------------------

----------------------
TP6417 allocated to 4
----------------------

----------------------
TP6433 not allocated
----------------------

----------------------
TP6449 not allocated
----------------------

----------------------
TP6465 allocated to 13
----------------------

----------------------
TP6481 allocated to 14
----------------------

----------------------
TP6497 allocated to 16
----------------------

----------------------
TP6513 not allocated
----------------------

----------------------
TP6529 not allocated
----------------------

----------------------
TP6545 allocated to 16
----------------------

----------------------
TP6561 not allocated
----------------------

----------------------
TP6577 not allocated
----------------------

----------------------
TP6593 not allocated
----------------------

----------------------
TP6609 allocated to 18
----------------------

----------------------
TP6625 not allocated
----------------------

----------------------
TP6641 not allocated
----------------------

----------------------
TP6657 not allocated
----------------------

----------------------
TP6673 not allocated
----------------------

----------------------
TP6689 not allocated
----------------------

----------------------
TP6705 not allocated
----------------------

----------------------
TP6721 not allocated
----------------------

----------------------
TP6737 allocated to 14
----------------------

----------------------
TP6753 allocated to 8
----------------------

----------------------
TP6769 not allocated
----------------------

----------------------
TP6785 not allocated
----------------------

----------------------
TP6801 not allocated
----------------------

----------------------
TP6817 not allocated
----------------------

----------------------
TP6833 not allocated
----------------------

----------------------
TP6849 not allocated
----------------------

----------------------
TP6865 not allocated
----------------------

----------------------
TP6881 not allocated
----------------------

----------------------
TP6897 not allocated
----------------------

----------------------
TP6913 not allocated
----------------------

----------------------
TP6929 not allocated
----------------------

----------------------
TP6945 not allocated
----------------------

----------------------
TP6961 allocated to 13
----------------------

----------------------
TP6977 allocated to 6
----------------------

----------------------
TP6993 not allocated
----------------------

----------------------
TP7009 not allocated
----------------------

----------------------
TP7025 not allocated
----------------------

----------------------
TP7041 not allocated
----------------------

----------------------
TP7057 not allocated
----------------------

----------------------
TP7073 not allocated
----------------------

----------------------
TP7089 not allocated
----------------------

----------------------
TP7105 not allocated
----------------------

----------------------
TP7121 not allocated
----------------------

----------------------
TP7137 not allocated
----------------------

----------------------
TP7153 not allocated
----------------------

----------------------
TP7169 not allocated
----------------------

----------------------
TP7185 not allocated
----------------------

----------------------
TP7201 not allocated
----------------------

----------------------
TP7217 allocated to 16
----------------------

----------------------
TP7233 not allocated
----------------------

----------------------
TP7249 allocated to 12
----------------------

----------------------
TP7265 allocated to 5
----------------------

----------------------
TP7281 allocated to 13
----------------------

----------------------
TP7297 allocated to 8
----------------------

----------------------
TP7313 allocated to 18
----------------------

----------------------
TP7329 not allocated
----------------------

----------------------
TP7345 not allocated
----------------------

----------------------
TP7361 not allocated
----------------------

----------------------
TP7377 allocated to 12
----------------------

----------------------
TP7393 not allocated
----------------------

----------------------
TP7409 not allocated
----------------------

----------------------
TP7425 not allocated
----------------------

----------------------
TP7441 not allocated
----------------------

----------------------
TP7457 not allocated
----------------------

----------------------
TP7473 allocated to 7
----------------------

----------------------
TP7489 not allocated
----------------------

----------------------
TP7505 not allocated
----------------------

----------------------
TP7521 not allocated
----------------------

----------------------
TP7537 allocated to 13
----------------------

----------------------
TP7553 allocated to 14
----------------------

----------------------
TP7569 not allocated
----------------------

----------------------
TP7585 not allocated
----------------------

----------------------
TP7601 not allocated
----------------------

----------------------
TP7617 not allocated
----------------------

----------------------
TP7633 not allocated
----------------------

----------------------
TP7649 not allocated
----------------------

----------------------
TP7665 allocated to 8
----------------------

----------------------
TP7681 allocated to 13
----------------------

----------------------
TP7697 not allocated
----------------------

----------------------
TP7713 allocated to 6
----------------------

----------------------
TP7729 not allocated
----------------------

----------------------
TP7745 allocated to 9
----------------------

----------------------
TP7761 not allocated
----------------------

----------------------
TP7777 not allocated
----------------------

----------------------
TP7793 not allocated
----------------------

----------------------
TP7809 allocated to 4
----------------------

----------------------
TP7825 not allocated
----------------------

----------------------
TP7841 not allocated
----------------------

----------------------
TP7857 not allocated
----------------------

----------------------
TP7873 not allocated
----------------------

----------------------
TP7889 not allocated
----------------------

----------------------
TP7905 allocated to 13
----------------------

----------------------
TP7921 not allocated
----------------------

----------------------
TP7937 not allocated
----------------------

----------------------
TP7953 not allocated
----------------------

----------------------
TP7969 not allocated
----------------------

----------------------
TP7985 not allocated
----------------------

----------------------
TP8001 not allocated
----------------------

----------------------
TP8017 allocated to 9
----------------------

----------------------
TP8033 not allocated
----------------------

----------------------
TP8049 allocated to 8
----------------------

----------------------
TP8065 not allocated
----------------------

----------------------
TP8081 not allocated
----------------------

----------------------
TP8097 not allocated
----------------------

----------------------
TP8113 not allocated
----------------------

----------------------
TP8129 not allocated
----------------------

----------------------
TP8145 not allocated
----------------------

----------------------
TP8161 not allocated
----------------------

----------------------
TP8177 not allocated
----------------------

----------------------
TP8193 not allocated
----------------------

----------------------
TP8209 not allocated
----------------------

----------------------
TP8225 not allocated
----------------------

----------------------
TP8241 not allocated
----------------------

----------------------
TP8257 not allocated
----------------------

----------------------
TP8273 not allocated
----------------------

----------------------
TP8289 not allocated
----------------------

----------------------
TP8305 allocated to 6
----------------------

----------------------
TP8321 not allocated
----------------------

----------------------
TP8337 not allocated
----------------------

----------------------
TP8353 allocated to 14
----------------------

----------------------
TP8369 not allocated
----------------------

----------------------
TP8385 not allocated
----------------------

----------------------
TP8401 allocated to 14
----------------------

----------------------
TP8417 allocated to 16
----------------------

----------------------
TP8433 not allocated
----------------------

----------------------
TP8449 not allocated
----------------------

----------------------
TP8465 not allocated
----------------------

----------------------
TP8481 allocated to 18
----------------------

----------------------
TP8497 not allocated
----------------------

----------------------
TP8513 allocated to 16
----------------------

----------------------
TP8529 not allocated
----------------------

----------------------
TP8545 not allocated
----------------------

----------------------
TP8561 allocated to 18
----------------------

----------------------
TP8577 not allocated
----------------------

----------------------
TP8593 not allocated
----------------------

----------------------
TP8609 allocated to 18
----------------------

----------------------
TP8625 not allocated
----------------------

----------------------
TP8641 not allocated
----------------------

----------------------
TP8657 not allocated
----------------------

----------------------
TP8673 not allocated
----------------------

----------------------
TP8689 not allocated
----------------------

----------------------
TP8705 not allocated
----------------------

----------------------
TP8721 allocated to 13
----------------------

----------------------
TP8737 not allocated
----------------------

----------------------
TP8753 not allocated
----------------------

----------------------
TP8769 not allocated
----------------------

----------------------
TP8785 not allocated
----------------------

----------------------
TP8801 not allocated
----------------------

----------------------
TP8817 not allocated
----------------------

----------------------
TP8833 allocated to 16
----------------------

----------------------
TP8849 not allocated
----------------------

----------------------
TP8865 not allocated
----------------------

----------------------
TP8881 not allocated
----------------------

----------------------
TP8897 not allocated
----------------------

----------------------
TP8913 allocated to 14
----------------------

----------------------
TP8929 not allocated
----------------------

----------------------
TP8945 not allocated
----------------------

----------------------
TP8961 not allocated
----------------------

----------------------
TP8977 not allocated
----------------------

----------------------
TP8993 not allocated
----------------------

----------------------
TP9009 not allocated
----------------------

----------------------
TP9025 allocated to 10
----------------------

----------------------
TP9041 not allocated
----------------------

----------------------
TP9057 not allocated
----------------------

----------------------
TP9073 not allocated
----------------------

----------------------
TP9089 not allocated
----------------------

----------------------
TP9105 not allocated
----------------------

----------------------
TP9121 not allocated
----------------------

----------------------
TP9137 not allocated
----------------------

----------------------
TP9153 not allocated
----------------------

----------------------
TP9169 not allocated
----------------------

----------------------
TP9185 allocated to 6
----------------------

----------------------
TP9201 not allocated
----------------------

----------------------
TP9217 not allocated
----------------------

----------------------
TP9233 not allocated
----------------------

----------------------
TP9249 not allocated
----------------------

----------------------
TP9265 not allocated
----------------------

----------------------
TP9281 allocated to 13
----------------------

----------------------
TP9297 allocated to 16
----------------------

----------------------
TP9313 not allocated
----------------------

----------------------
TP9329 not allocated
----------------------

----------------------
TP9345 not allocated
----------------------

----------------------
TP9361 not allocated
----------------------

----------------------
TP9377 not allocated
----------------------

----------------------
TP9393 not allocated
----------------------

----------------------
TP9409 not allocated
----------------------

----------------------
TP9425 allocated to 14
----------------------

----------------------
TP9441 not allocated
----------------------

----------------------
TP9457 allocated to 11
----------------------

----------------------
TP9473 not allocated
----------------------

----------------------
TP9489 not allocated
----------------------

----------------------
TP9505 not allocated
----------------------

----------------------
TP9521 not allocated
----------------------

----------------------
TP9537 allocated to 11
----------------------

----------------------
TP9553 not allocated
----------------------

----------------------
TP9569 not allocated
----------------------

----------------------
TP9585 not allocated
----------------------

----------------------
TP9601 not allocated
----------------------

----------------------
TP9617 not allocated
----------------------

----------------------
TP9633 not allocated
----------------------

----------------------
TP9649 not allocated
----------------------

----------------------
TP9665 not allocated
----------------------

----------------------
TP9681 not allocated
----------------------

----------------------
TP9697 allocated to 15
----------------------

----------------------
TP9713 allocated to 10
----------------------

----------------------
TP9729 not allocated
----------------------

----------------------
TP9745 not allocated
----------------------

----------------------
TP9761 not allocated
----------------------

----------------------
TP9777 not allocated
----------------------

----------------------
TP9793 not allocated
----------------------

----------------------
TP9809 not allocated
----------------------

----------------------
TP9825 not allocated
----------------------

----------------------
TP9841 not allocated
----------------------

----------------------
TP9857 not allocated
----------------------

----------------------
TP9873 not allocated
----------------------

----------------------
TP9889 allocated to 17
----------------------

----------------------
TP9905 not allocated
----------------------

----------------------
TP9921 not allocated
----------------------

----------------------
TP9937 not allocated
----------------------

----------------------
TP9953 not allocated
----------------------

----------------------
TP9969 not allocated
----------------------

----------------------
TP9985 not allocated
----------------------

-------------------------------------------------------------------------

Ride-sharing vs Individual Mode - Num Vehicles and Distance Comparisson 

-------------------------------------------------------------------------
Individual Mode = 625 vehicles.
Ride-sharing Mode = 382 vehicles. The 18 ride-sharing vehicles + 364 vehicles of the individuals not served by the ride-sharing service.
-------------------------------------------------------------------------
Individual Mode = 918467 distance.
Ride-sharing Mode = 1102753 distance. 633740 from the EV fleet + 469013 from the distance of the trips not covered individuals had to do with their own vehicle.
-------------------------------------------------------------------------
