-------------------------------------------------------------------------
TPs satisfied = 141; Total TPs = 625; Percentage Satisfied + 22.6%
-------------------------------------------------------------------------

-------------------------------------------------------------------------

EVs

-------------------------------------------------------------------------
--------------------------------------
EV1
--------------------------------------
Num TPs served = 1
TPs served = 182
Total energy used = 30974
--------------------------------------
Schedule:
0 2110 1250 8750 1250 8750 0 0 35632 35632 0 2110 0
2110 10013 1250 8750 2415 2012 0 1 35632 27729 182 1304 7903
10013 24211 2415 2012 9999 8626 1 0 27729 13531 -182 1304 14198
24211 41127 9999 8626 9999 8626 0 0 13531 13531 0 16916 0
41127 50000 9999 8626 1250 8750 0 0 13531 4658 1000000000 0 8873
--------------------------------------
--------------------------------------
EV2
--------------------------------------
Num TPs served = 3
TPs served = 678 1158 1446
Total energy used = 34690
--------------------------------------
Schedule:
0 6412 1250 8750 1250 8750 0 0 35632 35632 0 6412 0
6412 16274 1250 8750 3526 1164 0 1 35632 25770 678 2754 9862
16274 16690 3526 1164 3154 1120 1 2 25770 25354 1158 146 416
16690 17084 3154 1120 3532 1136 2 1 25354 24960 -1158 146 394
17084 17615 3532 1136 3532 1136 1 1 24960 24960 0 531 0
17615 18209 3532 1136 3314 760 1 2 24960 24366 1446 232 594
18209 18675 3314 760 3513 1027 2 1 24366 23900 -1446 232 466
18675 31236 3513 1027 9999 7102 1 0 23900 11339 -678 203 12561
31236 39603 9999 7102 9999 7102 0 0 11339 11339 0 8367 0
39603 50000 9999 7102 1250 8750 0 0 11339 942 1000000000 0 10397
--------------------------------------
--------------------------------------
EV3
--------------------------------------
Num TPs served = 3
TPs served = 822 854 1686
Total energy used = 35424
--------------------------------------
Schedule:
0 7105 1250 8750 1250 8750 0 0 35632 35632 0 7105 0
7105 14951 1250 8750 2741 2395 0 1 35632 27786 822 121 7846
14951 16678 2741 2395 2438 971 1 0 27786 26059 -822 121 1727
16678 17523 2438 971 1662 1040 0 1 26059 25214 854 3970 845
17523 18084 1662 1040 1662 1040 1 1 25214 25214 0 561 0
18084 19569 1662 1040 2530 1657 1 2 25214 23729 1686 308 1485
19569 20186 2530 1657 3042 1552 2 1 23729 23112 -1686 308 617
20186 32227 3042 1552 9999 6636 1 0 23112 11071 -854 3199 12041
32227 39137 9999 6636 9999 6636 0 0 11071 11071 0 6910 0
39137 50000 9999 6636 1250 8750 0 0 11071 208 1000000000 0 10863
--------------------------------------
--------------------------------------
EV4
--------------------------------------
Num TPs served = 9
TPs served = 1014 1174 1430 1990 2486 2614 2806 3414 4054
Total energy used = 31632
--------------------------------------
Schedule:
0 7878 1250 8750 1250 8750 0 0 35632 35632 0 7878 0
7878 15938 1250 8750 2087 1527 0 1 35632 27572 1014 597 8060
15938 17362 2087 1527 2631 647 1 2 27572 26148 1174 92 1424
17362 17536 2631 647 2787 665 2 1 26148 25974 -1014 561 174
17536 18274 2787 665 2873 1317 1 2 25974 25236 1430 910 738
18274 18857 2873 1317 3298 1475 2 1 25236 24653 -1174 92 583
18857 20660 3298 1475 3975 349 1 0 24653 22850 -1430 594 1803
20660 21656 3975 349 3068 438 0 1 22850 21854 1990 0 996
21656 22820 3068 438 2558 1092 1 0 21854 20690 -1990 0 1164
22820 23581 2558 1092 3207 980 0 1 20690 19929 2486 76 761
23581 24061 3207 980 2862 845 1 2 19929 19449 2614 303 480
24061 24741 2862 845 2230 797 2 1 19449 18769 -2486 76 680
24741 25931 2230 797 2320 1897 1 0 18769 17579 -2614 27 1190
25931 26844 2320 1897 3115 2015 0 1 17579 16666 3414 17 913
26844 28059 3115 2015 3172 857 1 0 16666 15451 -3414 17 1215
28059 28144 3172 857 3172 857 0 0 15451 15451 0 85 0
28144 28461 3172 857 3437 909 0 1 15451 15134 4054 578 317
28461 29188 3437 909 2990 1189 1 2 15134 14407 2806 43 727
29188 29618 2990 1189 2672 1301 2 1 14407 13977 -4054 578 430
29618 39042 2672 1301 909 8962 1 0 13977 4553 -2806 43 9424
39042 49447 909 8962 909 8962 0 0 4553 4553 0 10405 0
49447 50000 909 8962 1250 8750 0 0 4553 4000 1000000000 0 553
--------------------------------------
--------------------------------------
EV5
--------------------------------------
Num TPs served = 12
TPs served = 1062 1558 1830 2278 2374 2438 2694 2854 3334 3718 3782 3910
Total energy used = 34956
--------------------------------------
Schedule:
0 8009 1250 8750 1250 8750 0 0 35632 35632 0 8009 0
8009 16684 1250 8750 1728 553 0 1 35632 26957 1062 609 8675
16684 19238 1728 553 3712 1123 1 0 26957 24403 -1062 609 2554
19238 19666 3712 1123 3706 1545 0 1 24403 23975 1558 19 428
19666 20694 3706 1545 2842 1381 1 2 23975 22947 1830 113 1028
20694 21378 2842 1381 2799 740 2 1 22947 22263 -1558 19 684
21378 21690 2799 740 2795 432 1 0 22263 21951 -1830 113 312
21690 21744 2795 432 2795 432 0 0 21951 21951 0 54 0
21744 22237 2795 432 2358 488 0 1 21951 21458 2278 578 493
22237 22630 2358 488 2679 416 1 2 21458 21065 2374 186 393
22630 22739 2679 416 2679 416 2 2 21065 21065 0 109 0
22739 22877 2679 416 2664 539 2 3 21065 20927 2438 249 138
22877 23126 2664 539 2556 680 3 2 20927 20678 -2374 77 249
23126 23592 2556 680 2664 1038 2 1 20678 20212 -2438 33 466
23592 23893 2664 1038 2780 1223 1 0 20212 19911 -2278 79 301
23893 24251 2780 1223 2958 1403 0 1 19911 19553 2694 298 358
24251 25081 2958 1403 2188 1463 1 2 19553 18723 2854 745 830
25081 25683 2188 1463 2150 899 2 1 18723 18121 -2694 178 602
25683 25951 2150 899 2150 899 1 1 18121 18121 0 268 0
25951 26012 2150 899 2143 953 1 2 18121 18060 3334 674 61
26012 27362 2143 953 3398 1048 2 1 18060 16710 -3334 674 1350
27362 27924 3398 1048 3446 534 1 2 16710 16148 3782 3733 562
27924 28432 3446 534 3491 71 2 1 16148 15640 -2854 89 508
28432 29065 3491 71 3195 408 1 2 15640 15007 3718 1983 633
29065 30594 3195 408 2086 828 2 3 15007 13478 3910 2198 1529
30594 37287 2086 828 299 5734 3 2 13478 6785 -3782 2717 6693
37287 37940 299 5734 342 5124 2 1 6785 6132 -3718 677 653
37940 42411 342 5124 726 9211 1 0 6132 1661 -3910 124 4471
42411 49015 726 9211 726 9211 0 0 1661 1661 0 6604 0
49015 50000 726 9211 1250 8750 0 0 1661 676 1000000000 0 985
--------------------------------------
--------------------------------------
EV6
--------------------------------------
Num TPs served = 9
TPs served = 1126 1206 1942 2150 2550 2998 3126 3830 4390
Total energy used = 35108
--------------------------------------
Schedule:
0 8234 1250 8750 1250 8750 0 0 35632 35632 0 8234 0
8234 16579 1250 8750 2685 1840 0 1 35632 27287 1126 203 8345
16579 17209 2685 1840 2675 1220 1 0 27287 26657 -1126 203 630
17209 17948 2675 1220 2369 1653 0 1 26657 25918 1206 94 739
17948 20323 2369 1653 1262 385 1 0 25918 23543 -1206 94 2375
20323 20424 1262 385 1262 385 0 0 23543 23543 0 101 0
20424 20871 1262 385 1347 747 0 1 23543 23096 1942 1154 447
20871 21028 1347 747 1347 747 1 1 23096 23096 0 157 0
21028 21660 1347 747 1893 661 1 2 23096 22464 2150 849 632
21660 22188 1893 661 1893 661 2 2 22464 22464 0 528 0
22188 23312 1893 661 2966 712 2 3 22464 21340 2550 720 1124
23312 24103 2966 712 2858 1395 3 2 21340 20549 -2150 105 791
24103 24284 2858 1395 3024 1380 2 1 20549 20368 -1942 51 181
24284 25115 3024 1380 2497 1684 1 0 20368 19537 -2550 358 831
25115 25385 2497 1684 2473 1930 0 1 19537 19267 2998 344 270
25385 26875 2473 1930 2600 567 1 2 19267 17777 3126 65 1490
26875 26979 2600 567 2672 599 2 1 17777 17673 -2998 280 104
26979 27029 2672 599 2672 599 1 1 17673 17673 0 50 0
27029 27667 2672 599 2747 1162 1 2 17673 17035 3830 326 638
27667 28320 2747 1162 3021 1541 2 1 17035 16382 -3830 326 653
28320 30053 3021 1541 3849 2446 1 0 16382 14649 -3126 15 1733
30053 31531 3849 2446 2787 2030 0 1 14649 13171 4390 3066 1478
31531 41983 2787 2030 67 9762 1 0 13171 2719 -4390 3066 10452
41983 47805 67 9762 67 9762 0 0 2719 2719 0 5822 0
47805 50000 67 9762 1250 8750 0 0 2719 524 1000000000 0 2195
--------------------------------------
--------------------------------------
EV7
--------------------------------------
Num TPs served = 13
TPs served = 1238 1302 1478 1542 1894 2294 2310 3046 3558 4710 5190 6278 8294
Total energy used = 35626
--------------------------------------
Schedule:
0 8519 1250 8750 1250 8750 0 0 35632 35632 0 8519 0
8519 17077 1250 8750 3523 2465 0 1 35632 27074 1238 1370 8558
17077 17633 3523 2465 3245 2187 1 2 27074 26518 1302 887 556
17633 18401 3245 2187 2662 2002 2 3 26518 25750 1478 984 768
18401 18897 2662 2002 2890 1734 3 4 25750 25254 1542 28 496
18897 19289 2890 1734 2697 1535 4 3 25254 24862 -1542 28 392
19289 20226 2697 1535 2554 741 3 2 24862 23925 -1302 431 937
20226 20354 2554 741 2428 739 2 1 23925 23797 -1238 914 128
20354 20428 2428 739 2428 739 1 1 23797 23797 0 74 0
20428 20627 2428 739 2417 551 1 2 23797 23598 1894 622 199
20627 21326 2417 551 2594 29 2 1 23598 22899 -1478 100 699
21326 22001 2594 29 3205 93 1 0 22899 22224 -1894 494 675
22001 22423 3205 93 3191 501 0 1 22224 21802 2310 382 422
22423 22609 3191 501 3273 397 1 2 21802 21616 2294 865 186
22609 23608 3273 397 2326 449 2 1 21616 20617 -2310 114 999
23608 24963 2326 449 1504 982 1 0 20617 19262 -2294 865 1355
24963 26513 1504 982 2327 255 0 1 19262 17712 3046 183 1550
26513 26924 2327 255 2261 600 1 2 17712 17301 3558 6 411
26924 27249 2261 600 2514 672 2 1 17301 16976 -3558 6 325
27249 29817 2514 672 3986 1768 1 0 16976 14408 -3046 51 2568
29817 30948 3986 1768 3409 1214 0 1 14408 13277 4710 354 1131
30948 31025 3409 1214 3409 1214 1 1 13277 13277 0 77 0
31025 31631 3409 1214 2855 1162 1 2 13277 12671 5190 770 606
31631 32985 2855 1162 2328 335 2 1 12671 11317 -4710 277 1354
32985 33670 2328 335 1892 584 1 0 11317 10632 -5190 272 685
33670 34698 1892 584 2508 996 0 1 10632 9604 6278 66 1028
34698 35063 2508 996 2790 1079 1 0 9604 9239 -6278 66 365
35063 39918 2790 1079 2790 1079 0 0 9239 9239 0 4855 0
39918 40656 2790 1079 2063 1068 0 1 9239 8501 8294 667 738
40656 41991 2063 1068 1697 2037 1 0 8501 7166 -8294 667 1335
41991 42840 1697 2037 1697 2037 0 0 7166 7166 0 849 0
42840 50000 1697 2037 1250 8750 0 0 7166 6 1000000000 0 7160
--------------------------------------
--------------------------------------
EV8
--------------------------------------
Num TPs served = 13
TPs served = 1254 1462 1926 2198 2358 2502 3190 3526 3894 4406 5078 5718 6950
Total energy used = 35568
--------------------------------------
Schedule:
0 8557 1250 8750 1250 8750 0 0 35632 35632 0 8557 0
8557 17780 1250 8750 2151 428 0 1 35632 26409 1254 230 9223
17780 18797 2151 428 2132 1426 1 2 26409 25392 1462 338 1017
18797 19611 2132 1426 2847 1525 2 1 25392 24578 -1254 192 814
19611 20721 2847 1525 3258 826 1 0 24578 23468 -1462 140 1110
20721 20993 3258 826 3063 749 0 1 23468 23196 1926 157 272
20993 21670 3063 749 2484 651 1 0 23196 22519 -1926 157 677
21670 21682 2484 651 2484 651 0 0 22519 22519 0 12 0
21682 21897 2484 651 2319 601 0 1 22519 22304 2198 153 215
21897 22204 2319 601 2490 737 1 0 22304 21997 -2198 153 307
22204 23249 2490 737 3070 272 0 1 21997 20952 2502 149 1045
23249 23608 3070 272 3389 312 1 2 20952 20593 2358 55 359
23608 23888 3389 312 3342 545 2 1 20593 20313 -2502 55 280
23888 25800 3342 545 2382 1497 1 2 20313 18401 3190 153 1912
25800 25872 2382 1497 2389 1562 2 1 18401 18329 -2358 41 72
25872 26665 2389 1562 2429 809 1 0 18329 17536 -3190 23 793
26665 27164 2429 809 2730 1007 0 1 17536 17037 3526 294 499
27164 28749 2730 1007 1711 441 1 0 17037 15452 -3526 294 1585
28749 28973 1711 441 1739 245 0 1 15452 15228 3894 57 224
28973 30076 1739 245 2206 881 1 2 15228 14125 4406 24 1103
30076 31287 2206 881 3166 1132 2 1 14125 12914 -3894 57 1211
31287 31447 3166 1132 3199 1259 1 0 12914 12754 -4406 24 160
31447 31678 3199 1259 3412 1277 0 1 12754 12523 5078 371 231
31678 32012 3412 1277 3412 1277 1 1 12523 12523 0 334 0
32012 33125 3412 1277 2628 948 1 2 12523 11410 5718 783 1113
33125 33393 2628 948 2382 926 2 1 11410 11142 -5078 37 268
33393 34737 2382 926 1695 1583 1 0 11142 9798 -5718 739 1344
34737 35405 1695 1583 1695 1583 0 0 9798 9798 0 668 0
35405 36411 1695 1583 2478 1360 0 1 9798 8792 6950 258 1006
36411 36929 2478 1360 2015 1305 1 0 8792 8274 -6950 258 518
36929 41790 2015 1305 2015 1305 0 0 8274 8274 0 4861 0
41790 50000 2015 1305 1250 8750 0 0 8274 64 1000000000 0 8210
--------------------------------------
--------------------------------------
EV9
--------------------------------------
Num TPs served = 13
TPs served = 1286 1590 1814 2038 2390 2742 3110 3446 3622 4118 4614 5142 5558
Total energy used = 35016
--------------------------------------
Schedule:
0 8677 1250 8750 1250 8750 0 0 35632 35632 0 8677 0
8677 17943 1250 8750 3287 1521 0 1 35632 26366 1286 128 9266
17943 19379 3287 1521 2530 842 1 0 26366 24930 -1286 128 1436
19379 19572 2530 842 2417 762 0 1 24930 24737 1590 149 193
19572 20305 2417 762 3094 818 1 2 24737 24004 1814 138 733
20305 20683 3094 818 3035 1137 2 1 24004 23626 -1814 138 378
20683 21147 3035 1137 3139 1497 1 0 23626 23162 -1590 31 464
21147 21418 3139 1497 3197 1284 0 1 23162 22891 2038 290 271
21418 22325 3197 1284 3449 629 1 0 22891 21984 -2038 290 907
22325 22800 3449 629 3323 978 0 1 21984 21509 2390 143 475
22800 23305 3323 978 3821 971 1 0 21509 21004 -2390 143 505
23305 24283 3821 971 3463 351 0 1 21004 20026 2742 325 978
24283 25343 3463 351 2519 235 1 0 20026 18966 -2742 325 1060
25343 25621 2519 235 2337 331 0 1 18966 18688 3110 56 278
25621 26319 2337 331 2654 712 1 0 18688 17990 -3110 56 698
26319 26561 2654 712 2807 623 0 1 17990 17748 3446 385 242
26561 26721 2807 623 2807 623 1 1 17748 17748 0 160 0
26721 26973 2807 623 2651 527 1 2 17748 17496 3622 278 252
26973 27530 2651 527 2600 1033 2 1 17496 16939 -3622 278 557
27530 28107 2600 1033 2072 1082 1 0 16939 16362 -3446 33 577
28107 29084 2072 1082 2807 840 0 1 16362 15385 4118 73 977
29084 30119 2807 840 3037 35 1 0 15385 14350 -4118 73 1035
30119 30855 3037 35 2490 224 0 1 14350 13614 4614 112 736
30855 31661 2490 224 2240 780 1 2 13614 12808 5142 158 806
31661 32256 2240 780 2195 1330 2 1 12808 12213 -5142 158 595
32256 32729 2195 1330 2231 1767 1 0 12213 11740 -4614 40 473
32729 33631 2231 1767 3118 1782 0 1 11740 10838 5558 16 902
33631 35505 3118 1782 1937 1089 1 0 10838 8964 -5558 16 1874
35505 41652 1937 1089 1937 1089 0 0 8964 8964 0 6147 0
41652 50000 1937 1089 1250 8750 0 0 8964 616 1000000000 0 8348
--------------------------------------
--------------------------------------
EV10
--------------------------------------
Num TPs served = 14
TPs served = 1334 1526 1910 2406 2934 3062 3542 3798 4438 4822 5462 5670 6038 6918
Total energy used = 35412
--------------------------------------
Schedule:
0 8831 1250 8750 1250 8750 0 0 35632 35632 0 8831 0
8831 17775 1250 8750 2800 1356 0 1 35632 26688 1334 84 8944
17775 18170 2800 1356 2670 1621 1 0 26688 26293 -1334 84 395
18170 19555 2670 1621 1931 2267 0 1 26293 24908 1526 96 1385
19555 19639 1931 2267 1931 2267 1 1 24908 24908 0 84 0
19639 20710 1931 2267 2396 1661 1 2 24908 23837 1910 548 1071
20710 21648 2396 1661 2706 1033 2 1 23837 22899 -1526 12 938
21648 22042 2706 1033 2589 756 1 0 22899 22505 -1910 314 394
22042 23202 2589 756 1952 1279 0 1 22505 21345 2406 140 1160
23202 24406 1952 1279 2500 623 1 0 21345 20141 -2406 140 1204
24406 24537 2500 623 2500 623 0 0 20141 20141 0 131 0
24537 24754 2500 623 2481 821 0 1 20141 19924 2934 226 217
24754 25207 2481 821 2312 1105 1 0 19924 19471 -2934 226 453
25207 25661 2312 1105 1873 1120 0 1 19471 19017 3062 233 454
25661 27121 1873 1120 3195 982 1 2 19017 17557 3542 480 1460
27121 27154 3195 982 3188 956 2 1 17557 17524 -3062 219 33
27154 27418 3188 956 3188 956 1 1 17524 17524 0 264 0
27418 27548 3188 956 3146 1044 1 2 17524 17394 3798 222 130
27548 27994 3146 1044 2891 853 2 1 17394 16948 -3798 222 446
27994 29318 2891 853 2179 241 1 0 16948 15624 -3542 40 1324
29318 29861 2179 241 2194 769 0 1 15624 15081 4438 7 543
29861 30574 2194 769 2342 1334 1 0 15081 14368 -4438 7 713
30574 31170 2342 1334 1968 1112 0 1 14368 13772 4822 59 596
31170 32398 1968 1112 2632 548 1 0 13772 12544 -4822 59 1228
32398 32720 2632 548 2410 648 0 1 12544 12222 5462 127 322
32720 32776 2410 648 2410 648 1 1 12222 12222 0 56 0
32776 32987 2410 648 2441 828 1 2 12222 12011 5670 558 211
32987 33563 2441 828 2852 993 2 1 12011 11435 -5462 71 576
33563 34310 2852 993 3173 567 1 2 11435 10688 6038 14 747
34310 34483 3173 567 3322 591 2 1 10688 10515 -5670 180 173
34483 35047 3322 591 3354 1123 1 0 10515 9951 -6038 14 564
35047 35441 3354 1123 3354 1123 0 0 9951 9951 0 394 0
35441 36323 3354 1123 2853 1504 0 1 9951 9069 6918 509 882
36323 37343 2853 1504 2007 1678 1 0 9069 8049 -6918 509 1020
37343 42171 2007 1678 2007 1678 0 0 8049 8049 0 4828 0
42171 50000 2007 1678 1250 8750 0 0 8049 220 1000000000 0 7829
--------------------------------------
--------------------------------------
EV11
--------------------------------------
Num TPs served = 13
TPs served = 1350 1606 2070 2454 2726 2950 3286 3878 4502 5414 5734 5910 6374
Total energy used = 34982
--------------------------------------
Schedule:
0 9837 1250 8750 1250 8750 0 0 35632 35632 0 9837 0
9837 17749 1250 8750 1659 1247 0 1 35632 27720 1350 845 7912
17749 17774 1659 1247 1659 1247 1 1 27720 27720 0 25 0
17774 19075 1659 1247 2659 946 1 2 27720 26419 1606 609 1301
19075 19466 2659 946 2806 702 2 1 26419 26028 -1350 820 391
19466 20588 2806 702 1817 569 1 0 26028 24906 -1606 315 1122
20588 21592 1817 569 2761 509 0 1 24906 23902 2070 83 1004
21592 22249 2761 509 2255 358 1 0 23902 23245 -2070 83 657
22249 22361 2255 358 2255 358 0 0 23245 23245 0 112 0
22361 22929 2255 358 2689 224 0 1 23245 22677 2454 485 568
22929 23901 2689 224 2864 1021 1 0 22677 21705 -2454 485 972
23901 24154 2864 1021 2896 1242 0 1 21705 21452 2726 171 253
24154 24817 2896 1242 3476 1325 1 0 21452 20789 -2726 171 663
24817 25337 3476 1325 3594 923 0 1 20789 20269 2950 282 520
25337 25878 3594 923 3193 1063 1 2 20269 19728 3286 673 541
25878 27051 3193 1063 2049 1034 2 1 19728 18555 -2950 224 1173
27051 27550 2049 1034 2176 662 1 0 18555 18056 -3286 419 499
27550 28360 2176 662 2783 865 0 1 18056 17246 3878 25 810
28360 29445 2783 865 3702 1031 1 0 17246 16161 -3878 25 1085
29445 30203 3702 1031 3659 316 0 1 16161 15403 4502 389 758
30203 31949 3659 316 2067 470 1 0 15403 13657 -4502 389 1746
31949 32744 2067 470 1660 858 0 1 13657 12862 5414 64 795
32744 32772 1660 858 1660 858 1 1 12862 12862 0 28 0
32772 33159 1660 858 1969 936 1 2 12862 12475 5734 509 387
33159 33638 1969 936 2383 1001 2 3 12475 11996 5910 362 479
33638 33817 2383 1001 2536 1027 3 2 11996 11817 -5414 36 179
33817 34431 2536 1027 3028 1149 2 1 11817 11203 -5910 362 614
34431 34684 3028 1149 2775 1149 1 0 11203 10950 -5734 3 253
34684 35301 2775 1149 3245 1296 0 1 10950 10333 6374 153 617
35301 36555 3245 1296 2108 1179 1 0 10333 9079 -6374 153 1254
36555 41571 2108 1179 2108 1179 0 0 9079 9079 0 5016 0
41571 50000 2108 1179 1250 8750 0 0 9079 650 1000000000 0 8429
--------------------------------------
--------------------------------------
EV12
--------------------------------------
Num TPs served = 10
TPs served = 1382 1622 1734 2086 2982 3350 3734 3926 4534 5878
Total energy used = 34874
--------------------------------------
Schedule:
0 9030 1250 8750 1250 8750 0 0 35632 35632 0 9030 0
9030 17902 1250 8750 2650 1278 0 1 35632 26760 1382 361 8872
17902 18625 2650 1278 2415 790 1 0 26760 26037 -1382 361 723
18625 19429 2415 790 1939 462 0 1 26037 25233 1622 486 804
19429 20061 1939 462 2511 402 1 2 25233 24601 1734 1055 632
20061 21040 2511 402 2724 1168 2 1 24601 23622 -1622 366 979
21040 21217 2724 1168 2724 1168 1 1 23622 23622 0 177 0
21217 21379 2724 1168 2874 1156 1 2 23622 23460 2086 157 162
21379 21695 2874 1156 2858 856 2 1 23460 23144 -2086 157 316
21695 23504 2858 856 3855 1668 1 0 23144 21335 -1734 222 1809
23504 25083 3855 1668 2918 1026 0 1 21335 19756 2982 310 1579
25083 26048 2918 1026 2148 831 1 0 19756 18791 -2982 310 965
26048 26394 2148 831 2470 807 0 1 18791 18445 3350 182 346
26394 27449 2470 807 3260 1072 1 0 18445 17390 -3350 182 1055
27449 27969 3260 1072 2906 1238 0 1 17390 16870 3734 245 520
27969 28372 2906 1238 2575 1166 1 2 16870 16467 3926 272 403
28372 29664 2575 1166 1518 931 2 1 16467 15175 -3926 272 1292
29664 29752 1518 931 1458 903 1 0 15175 15087 -3734 245 88
29752 30318 1458 903 1938 817 0 1 15087 14521 4534 328 566
30318 31950 1938 817 883 240 1 0 14521 12889 -4534 328 1632
31950 33944 883 240 2780 143 0 1 12889 10895 5878 653 1994
33944 36092 2780 143 2276 1787 1 0 10895 8747 -5878 653 2148
36092 42011 2276 1787 2276 1787 0 0 8747 8747 0 5919 0
42011 50000 2276 1787 1250 8750 0 0 8747 758 1000000000 0 7989
--------------------------------------
--------------------------------------
EV13
--------------------------------------
Num TPs served = 4
TPs served = 1414 1574 1702 2630
Total energy used = 35478
--------------------------------------
Schedule:
0 9537 1250 8750 1250 8750 0 0 35632 35632 0 9537 0
9537 18048 1250 8750 2917 1906 0 1 35632 27121 1414 330 8511
18048 18710 2917 1906 3219 2266 1 0 27121 26459 -1414 330 662
18710 19302 3219 2266 3310 1765 0 1 26459 25867 1574 33 592
19302 20179 3310 1765 2678 1520 1 0 25867 24990 -1574 33 877
20179 22927 2678 1520 2678 1520 0 0 24990 24990 0 2748 0
22927 23632 2678 1520 2825 962 0 1 24990 24285 2630 72 705
23632 23778 2825 962 2949 984 1 0 24285 24139 -2630 72 146
23778 25089 2949 984 4050 774 0 1 24139 22828 1702 1457 1311
25089 38870 4050 774 9999 8606 1 0 22828 9047 -1702 1457 13781
38870 41107 9999 8606 9999 8606 0 0 9047 9047 0 2237 0
41107 50000 9999 8606 1250 8750 0 0 9047 154 1000000000 0 8893
--------------------------------------
--------------------------------------
EV14
--------------------------------------
Num TPs served = 11
TPs served = 1494 2710 3142 3238 3590 4022 4854 5238 5974 6342 7398
Total energy used = 35544
--------------------------------------
Schedule:
0 9219 1250 8750 1250 8750 0 0 35632 35632 0 9219 0
9219 19668 1250 8750 3271 322 0 1 35632 25183 1494 65 10449
19668 22261 3271 322 1000 0 1 0 25183 22590 -1494 65 2593
22261 22324 1000 0 1000 0 0 0 22590 22590 0 63 0
22324 23938 1000 0 2174 440 0 1 22590 20976 2710 493 1614
23938 24926 2174 440 2579 1023 1 0 20976 19988 -2710 493 988
24926 25243 2579 1023 2579 1023 0 0 19988 19988 0 317 0
25243 25454 2579 1023 2553 838 0 1 19988 19777 3142 131 211
25454 25718 2553 838 2291 840 1 0 19777 19513 -3142 131 264
25718 26276 2291 840 2442 1247 0 1 19513 18955 3238 378 558
26276 27293 2442 1247 3432 1220 1 2 18955 17938 3590 223 1017
27293 28199 3432 1220 3407 339 2 1 17938 17032 -3238 328 906
28199 28653 3407 339 2975 361 1 0 17032 16578 -3590 179 454
28653 28940 2975 361 2786 263 0 1 16578 16291 4022 282 287
28940 30639 2786 263 2582 1758 1 0 16291 14592 -4022 282 1699
30639 31214 2582 1758 3082 1833 0 1 14592 14017 4854 201 575
31214 31982 3082 1833 2936 1211 1 2 14017 13249 5238 484 768
31982 32618 2936 1211 2450 1061 2 1 13249 12613 -4854 201 636
32618 33630 2450 1061 2174 1797 1 0 12613 11601 -5238 184 1012
33630 33795 2174 1797 2251 1885 0 1 11601 11436 5974 673 165
33795 34206 2251 1885 2251 1885 1 1 11436 11436 0 411 0
34206 34760 2251 1885 2333 1413 1 2 11436 10882 6342 62 554
34760 34885 2333 1413 2328 1533 2 1 10882 10757 -6342 62 125
34885 35840 2328 1533 3097 1347 1 0 10757 9802 -5974 12 955
35840 37146 3097 1347 3097 1347 0 0 9802 9802 0 1306 0
37146 37756 3097 1347 2558 1418 0 1 9802 9192 7398 208 610
37756 38174 2558 1418 2790 1604 1 0 9192 8774 -7398 208 418
38174 41314 2790 1604 2790 1604 0 0 8774 8774 0 3140 0
41314 50000 2790 1604 1250 8750 0 0 8774 88 1000000000 0 8686
--------------------------------------
--------------------------------------
EV15
--------------------------------------
Num TPs served = 13
TPs served = 1510 1670 1974 2326 2822 3974 4246 4262 4486 5318 6422 6646 7606
Total energy used = 35626
--------------------------------------
Schedule:
0 9272 1250 8750 1250 8750 0 0 35632 35632 0 9272 0
9272 18678 1250 8750 2787 881 0 1 35632 26226 1510 108 9406
18678 19163 2787 881 2618 1197 1 0 26226 25741 -1510 108 485
19163 19243 2618 1197 2618 1197 0 0 25741 25741 0 80 0
19243 19514 2618 1197 2828 1258 0 1 25741 25470 1670 521 271
19514 20558 2828 1258 3145 531 1 0 25470 24426 -1670 521 1044
20558 20616 3145 531 3145 531 0 0 24426 24426 0 58 0
20616 21012 3145 531 2762 544 0 1 24426 24030 1974 409 396
21012 21831 2762 544 2966 1159 1 0 24030 23211 -1974 409 819
21831 23052 2966 1159 3971 1375 0 1 23211 21990 2326 512 1221
23052 25211 3971 1375 1880 1307 1 2 21990 19831 2822 410 2159
25211 25341 1880 1307 1863 1194 2 1 19831 19701 -2326 512 130
25341 27744 1863 1194 3267 195 1 0 19701 17298 -2822 376 2403
27744 27789 3267 195 3267 195 0 0 17298 17298 0 45 0
27789 28189 3267 195 3344 518 0 1 17298 16898 3974 186 400
28189 28563 3344 518 3599 637 1 0 16898 16524 -3974 186 374
28563 28752 3599 637 3599 637 0 0 16524 16524 0 189 0
28752 29006 3599 637 3484 498 0 1 16524 16270 4262 487 254
29006 29182 3484 498 3324 482 1 2 16270 16094 4246 812 176
29182 29668 3324 482 3062 706 2 3 16094 15608 4486 530 486
29668 30317 3062 706 3214 1203 3 2 15608 14959 -4262 151 649
30317 31033 3214 1203 2836 1541 2 1 14959 14243 -4486 226 716
31033 31880 2836 1541 2144 1386 1 0 14243 13396 -4246 198 847
31880 32619 2144 1386 2706 1563 0 1 13396 12657 5318 45 739
32619 33924 2706 1563 3508 2066 1 0 12657 11352 -5318 45 1305
33924 34881 3508 2066 3508 2066 0 0 11352 11352 0 957 0
34881 34949 3508 2066 3542 2100 0 1 11352 11284 6422 767 68
34949 35716 3542 2100 3489 1386 1 2 11284 10517 6646 381 767
35716 36484 3489 1386 2972 1135 2 1 10517 9749 -6422 767 768
36484 36743 2972 1135 2786 1062 1 0 9749 9490 -6646 381 259
36743 37817 2786 1062 2786 1062 0 0 9490 9490 0 1074 0
37817 38399 2786 1062 2916 1514 0 1 9490 8908 7606 336 582
38399 39073 2916 1514 2770 2042 1 0 8908 8234 -7606 336 674
39073 41772 2770 2042 2770 2042 0 0 8234 8234 0 2699 0
41772 50000 2770 2042 1250 8750 0 0 8234 6 1000000000 0 8228
--------------------------------------

-------------------------------------------------------------------------

TPs

-------------------------------------------------------------------------

----------------------
TP6 not allocated
----------------------

----------------------
TP22 not allocated
----------------------

----------------------
TP38 not allocated
----------------------

----------------------
TP54 not allocated
----------------------

----------------------
TP70 not allocated
----------------------

----------------------
TP86 not allocated
----------------------

----------------------
TP102 not allocated
----------------------

----------------------
TP118 not allocated
----------------------

----------------------
TP134 not allocated
----------------------

----------------------
TP150 not allocated
----------------------

----------------------
TP166 not allocated
----------------------

----------------------
TP182 allocated to 1
----------------------

----------------------
TP198 not allocated
----------------------

----------------------
TP214 not allocated
----------------------

----------------------
TP230 not allocated
----------------------

----------------------
TP246 not allocated
----------------------

----------------------
TP262 not allocated
----------------------

----------------------
TP278 not allocated
----------------------

----------------------
TP294 not allocated
----------------------

----------------------
TP310 not allocated
----------------------

----------------------
TP326 not allocated
----------------------

----------------------
TP342 not allocated
----------------------

----------------------
TP358 not allocated
----------------------

----------------------
TP374 not allocated
----------------------

----------------------
TP390 not allocated
----------------------

----------------------
TP406 not allocated
----------------------

----------------------
TP422 not allocated
----------------------

----------------------
TP438 not allocated
----------------------

----------------------
TP454 not allocated
----------------------

----------------------
TP470 not allocated
----------------------

----------------------
TP486 not allocated
----------------------

----------------------
TP502 not allocated
----------------------

----------------------
TP518 not allocated
----------------------

----------------------
TP534 not allocated
----------------------

----------------------
TP550 not allocated
----------------------

----------------------
TP566 not allocated
----------------------

----------------------
TP582 not allocated
----------------------

----------------------
TP598 not allocated
----------------------

----------------------
TP614 not allocated
----------------------

----------------------
TP630 not allocated
----------------------

----------------------
TP646 not allocated
----------------------

----------------------
TP662 not allocated
----------------------

----------------------
TP678 allocated to 2
----------------------

----------------------
TP694 not allocated
----------------------

----------------------
TP710 not allocated
----------------------

----------------------
TP726 not allocated
----------------------

----------------------
TP742 not allocated
----------------------

----------------------
TP758 not allocated
----------------------

----------------------
TP774 not allocated
----------------------

----------------------
TP790 not allocated
----------------------

----------------------
TP806 not allocated
----------------------

----------------------
TP822 allocated to 3
----------------------

----------------------
TP838 not allocated
----------------------

----------------------
TP854 allocated to 3
----------------------

----------------------
TP870 not allocated
----------------------

----------------------
TP886 not allocated
----------------------

----------------------
TP902 not allocated
----------------------

----------------------
TP918 not allocated
----------------------

----------------------
TP934 not allocated
----------------------

----------------------
TP950 not allocated
----------------------

----------------------
TP966 not allocated
----------------------

----------------------
TP982 not allocated
----------------------

----------------------
TP998 not allocated
----------------------

----------------------
TP1014 allocated to 4
----------------------

----------------------
TP1030 not allocated
----------------------

----------------------
TP1046 not allocated
----------------------

----------------------
TP1062 allocated to 5
----------------------

----------------------
TP1078 not allocated
----------------------

----------------------
TP1094 not allocated
----------------------

----------------------
TP1110 not allocated
----------------------

----------------------
TP1126 allocated to 6
----------------------

----------------------
TP1142 not allocated
----------------------

----------------------
TP1158 allocated to 2
----------------------

----------------------
TP1174 allocated to 4
----------------------

----------------------
TP1190 not allocated
----------------------

----------------------
TP1206 allocated to 6
----------------------

----------------------
TP1222 not allocated
----------------------

----------------------
TP1238 allocated to 7
----------------------

----------------------
TP1254 allocated to 8
----------------------

----------------------
TP1270 not allocated
----------------------

----------------------
TP1286 allocated to 9
----------------------

----------------------
TP1302 allocated to 7
----------------------

----------------------
TP1318 not allocated
----------------------

----------------------
TP1334 allocated to 10
----------------------

----------------------
TP1350 allocated to 11
----------------------

----------------------
TP1366 not allocated
----------------------

----------------------
TP1382 allocated to 12
----------------------

----------------------
TP1398 not allocated
----------------------

----------------------
TP1414 allocated to 13
----------------------

----------------------
TP1430 allocated to 4
----------------------

----------------------
TP1446 allocated to 2
----------------------

----------------------
TP1462 allocated to 8
----------------------

----------------------
TP1478 allocated to 7
----------------------

----------------------
TP1494 allocated to 14
----------------------

----------------------
TP1510 allocated to 15
----------------------

----------------------
TP1526 allocated to 10
----------------------

----------------------
TP1542 allocated to 7
----------------------

----------------------
TP1558 allocated to 5
----------------------

----------------------
TP1574 allocated to 13
----------------------

----------------------
TP1590 allocated to 9
----------------------

----------------------
TP1606 allocated to 11
----------------------

----------------------
TP1622 allocated to 12
----------------------

----------------------
TP1638 not allocated
----------------------

----------------------
TP1654 not allocated
----------------------

----------------------
TP1670 allocated to 15
----------------------

----------------------
TP1686 allocated to 3
----------------------

----------------------
TP1702 allocated to 13
----------------------

----------------------
TP1718 not allocated
----------------------

----------------------
TP1734 allocated to 12
----------------------

----------------------
TP1750 not allocated
----------------------

----------------------
TP1766 not allocated
----------------------

----------------------
TP1782 not allocated
----------------------

----------------------
TP1798 not allocated
----------------------

----------------------
TP1814 allocated to 9
----------------------

----------------------
TP1830 allocated to 5
----------------------

----------------------
TP1846 not allocated
----------------------

----------------------
TP1862 not allocated
----------------------

----------------------
TP1878 not allocated
----------------------

----------------------
TP1894 allocated to 7
----------------------

----------------------
TP1910 allocated to 10
----------------------

----------------------
TP1926 allocated to 8
----------------------

----------------------
TP1942 allocated to 6
----------------------

----------------------
TP1958 not allocated
----------------------

----------------------
TP1974 allocated to 15
----------------------

----------------------
TP1990 allocated to 4
----------------------

----------------------
TP2006 not allocated
----------------------

----------------------
TP2022 not allocated
----------------------

----------------------
TP2038 allocated to 9
----------------------

----------------------
TP2054 not allocated
----------------------

----------------------
TP2070 allocated to 11
----------------------

----------------------
TP2086 allocated to 12
----------------------

----------------------
TP2102 not allocated
----------------------

----------------------
TP2118 not allocated
----------------------

----------------------
TP2134 not allocated
----------------------

----------------------
TP2150 allocated to 6
----------------------

----------------------
TP2166 not allocated
----------------------

----------------------
TP2182 not allocated
----------------------

----------------------
TP2198 allocated to 8
----------------------

----------------------
TP2214 not allocated
----------------------

----------------------
TP2230 not allocated
----------------------

----------------------
TP2246 not allocated
----------------------

----------------------
TP2262 not allocated
----------------------

----------------------
TP2278 allocated to 5
----------------------

----------------------
TP2294 allocated to 7
----------------------

----------------------
TP2310 allocated to 7
----------------------

----------------------
TP2326 allocated to 15
----------------------

----------------------
TP2342 not allocated
----------------------

----------------------
TP2358 allocated to 8
----------------------

----------------------
TP2374 allocated to 5
----------------------

----------------------
TP2390 allocated to 9
----------------------

----------------------
TP2406 allocated to 10
----------------------

----------------------
TP2422 not allocated
----------------------

----------------------
TP2438 allocated to 5
----------------------

----------------------
TP2454 allocated to 11
----------------------

----------------------
TP2470 not allocated
----------------------

----------------------
TP2486 allocated to 4
----------------------

----------------------
TP2502 allocated to 8
----------------------

----------------------
TP2518 not allocated
----------------------

----------------------
TP2534 not allocated
----------------------

----------------------
TP2550 allocated to 6
----------------------

----------------------
TP2566 not allocated
----------------------

----------------------
TP2582 not allocated
----------------------

----------------------
TP2598 not allocated
----------------------

----------------------
TP2614 allocated to 4
----------------------

----------------------
TP2630 allocated to 13
----------------------

----------------------
TP2646 not allocated
----------------------

----------------------
TP2662 not allocated
----------------------

----------------------
TP2678 not allocated
----------------------

----------------------
TP2694 allocated to 5
----------------------

----------------------
TP2710 allocated to 14
----------------------

----------------------
TP2726 allocated to 11
----------------------

----------------------
TP2742 allocated to 9
----------------------

----------------------
TP2758 not allocated
----------------------

----------------------
TP2774 not allocated
----------------------

----------------------
TP2790 not allocated
----------------------

----------------------
TP2806 allocated to 4
----------------------

----------------------
TP2822 allocated to 15
----------------------

----------------------
TP2838 not allocated
----------------------

----------------------
TP2854 allocated to 5
----------------------

----------------------
TP2870 not allocated
----------------------

----------------------
TP2886 not allocated
----------------------

----------------------
TP2902 not allocated
----------------------

----------------------
TP2918 not allocated
----------------------

----------------------
TP2934 allocated to 10
----------------------

----------------------
TP2950 allocated to 11
----------------------

----------------------
TP2966 not allocated
----------------------

----------------------
TP2982 allocated to 12
----------------------

----------------------
TP2998 allocated to 6
----------------------

----------------------
TP3014 not allocated
----------------------

----------------------
TP3030 not allocated
----------------------

----------------------
TP3046 allocated to 7
----------------------

----------------------
TP3062 allocated to 10
----------------------

----------------------
TP3078 not allocated
----------------------

----------------------
TP3094 not allocated
----------------------

----------------------
TP3110 allocated to 9
----------------------

----------------------
TP3126 allocated to 6
----------------------

----------------------
TP3142 allocated to 14
----------------------

----------------------
TP3158 not allocated
----------------------

----------------------
TP3174 not allocated
----------------------

----------------------
TP3190 allocated to 8
----------------------

----------------------
TP3206 not allocated
----------------------

----------------------
TP3222 not allocated
----------------------

----------------------
TP3238 allocated to 14
----------------------

----------------------
TP3254 not allocated
----------------------

----------------------
TP3270 not allocated
----------------------

----------------------
TP3286 allocated to 11
----------------------

----------------------
TP3302 not allocated
----------------------

----------------------
TP3318 not allocated
----------------------

----------------------
TP3334 allocated to 5
----------------------

----------------------
TP3350 allocated to 12
----------------------

----------------------
TP3366 not allocated
----------------------

----------------------
TP3382 not allocated
----------------------

----------------------
TP3398 not allocated
----------------------

----------------------
TP3414 allocated to 4
----------------------

----------------------
TP3430 not allocated
----------------------

----------------------
TP3446 allocated to 9
----------------------

----------------------
TP3462 not allocated
----------------------

----------------------
TP3478 not allocated
----------------------

----------------------
TP3494 not allocated
----------------------

----------------------
TP3510 not allocated
----------------------

----------------------
TP3526 allocated to 8
----------------------

----------------------
TP3542 allocated to 10
----------------------

----------------------
TP3558 allocated to 7
----------------------

----------------------
TP3574 not allocated
----------------------

----------------------
TP3590 allocated to 14
----------------------

----------------------
TP3606 not allocated
----------------------

----------------------
TP3622 allocated to 9
----------------------

----------------------
TP3638 not allocated
----------------------

----------------------
TP3654 not allocated
----------------------

----------------------
TP3670 not allocated
----------------------

----------------------
TP3686 not allocated
----------------------

----------------------
TP3702 not allocated
----------------------

----------------------
TP3718 allocated to 5
----------------------

----------------------
TP3734 allocated to 12
----------------------

----------------------
TP3750 not allocated
----------------------

----------------------
TP3766 not allocated
----------------------

----------------------
TP3782 allocated to 5
----------------------

----------------------
TP3798 allocated to 10
----------------------

----------------------
TP3814 not allocated
----------------------

----------------------
TP3830 allocated to 6
----------------------

----------------------
TP3846 not allocated
----------------------

----------------------
TP3862 not allocated
----------------------

----------------------
TP3878 allocated to 11
----------------------

----------------------
TP3894 allocated to 8
----------------------

----------------------
TP3910 allocated to 5
----------------------

----------------------
TP3926 allocated to 12
----------------------

----------------------
TP3942 not allocated
----------------------

----------------------
TP3958 not allocated
----------------------

----------------------
TP3974 allocated to 15
----------------------

----------------------
TP3990 not allocated
----------------------

----------------------
TP4006 not allocated
----------------------

----------------------
TP4022 allocated to 14
----------------------

----------------------
TP4038 not allocated
----------------------

----------------------
TP4054 allocated to 4
----------------------

----------------------
TP4070 not allocated
----------------------

----------------------
TP4086 not allocated
----------------------

----------------------
TP4102 not allocated
----------------------

----------------------
TP4118 allocated to 9
----------------------

----------------------
TP4134 not allocated
----------------------

----------------------
TP4150 not allocated
----------------------

----------------------
TP4166 not allocated
----------------------

----------------------
TP4182 not allocated
----------------------

----------------------
TP4198 not allocated
----------------------

----------------------
TP4214 not allocated
----------------------

----------------------
TP4230 not allocated
----------------------

----------------------
TP4246 allocated to 15
----------------------

----------------------
TP4262 allocated to 15
----------------------

----------------------
TP4278 not allocated
----------------------

----------------------
TP4294 not allocated
----------------------

----------------------
TP4310 not allocated
----------------------

----------------------
TP4326 not allocated
----------------------

----------------------
TP4342 not allocated
----------------------

----------------------
TP4358 not allocated
----------------------

----------------------
TP4374 not allocated
----------------------

----------------------
TP4390 allocated to 6
----------------------

----------------------
TP4406 allocated to 8
----------------------

----------------------
TP4422 not allocated
----------------------

----------------------
TP4438 allocated to 10
----------------------

----------------------
TP4454 not allocated
----------------------

----------------------
TP4470 not allocated
----------------------

----------------------
TP4486 allocated to 15
----------------------

----------------------
TP4502 allocated to 11
----------------------

----------------------
TP4518 not allocated
----------------------

----------------------
TP4534 allocated to 12
----------------------

----------------------
TP4550 not allocated
----------------------

----------------------
TP4566 not allocated
----------------------

----------------------
TP4582 not allocated
----------------------

----------------------
TP4598 not allocated
----------------------

----------------------
TP4614 allocated to 9
----------------------

----------------------
TP4630 not allocated
----------------------

----------------------
TP4646 not allocated
----------------------

----------------------
TP4662 not allocated
----------------------

----------------------
TP4678 not allocated
----------------------

----------------------
TP4694 not allocated
----------------------

----------------------
TP4710 allocated to 7
----------------------

----------------------
TP4726 not allocated
----------------------

----------------------
TP4742 not allocated
----------------------

----------------------
TP4758 not allocated
----------------------

----------------------
TP4774 not allocated
----------------------

----------------------
TP4790 not allocated
----------------------

----------------------
TP4806 not allocated
----------------------

----------------------
TP4822 allocated to 10
----------------------

----------------------
TP4838 not allocated
----------------------

----------------------
TP4854 allocated to 14
----------------------

----------------------
TP4870 not allocated
----------------------

----------------------
TP4886 not allocated
----------------------

----------------------
TP4902 not allocated
----------------------

----------------------
TP4918 not allocated
----------------------

----------------------
TP4934 not allocated
----------------------

----------------------
TP4950 not allocated
----------------------

----------------------
TP4966 not allocated
----------------------

----------------------
TP4982 not allocated
----------------------

----------------------
TP4998 not allocated
----------------------

----------------------
TP5014 not allocated
----------------------

----------------------
TP5030 not allocated
----------------------

----------------------
TP5046 not allocated
----------------------

----------------------
TP5062 not allocated
----------------------

----------------------
TP5078 allocated to 8
----------------------

----------------------
TP5094 not allocated
----------------------

----------------------
TP5110 not allocated
----------------------

----------------------
TP5126 not allocated
----------------------

----------------------
TP5142 allocated to 9
----------------------

----------------------
TP5158 not allocated
----------------------

----------------------
TP5174 not allocated
----------------------

----------------------
TP5190 allocated to 7
----------------------

----------------------
TP5206 not allocated
----------------------

----------------------
TP5222 not allocated
----------------------

----------------------
TP5238 allocated to 14
----------------------

----------------------
TP5254 not allocated
----------------------

----------------------
TP5270 not allocated
----------------------

----------------------
TP5286 not allocated
----------------------

----------------------
TP5302 not allocated
----------------------

----------------------
TP5318 allocated to 15
----------------------

----------------------
TP5334 not allocated
----------------------

----------------------
TP5350 not allocated
----------------------

----------------------
TP5366 not allocated
----------------------

----------------------
TP5382 not allocated
----------------------

----------------------
TP5398 not allocated
----------------------

----------------------
TP5414 allocated to 11
----------------------

----------------------
TP5430 not allocated
----------------------

----------------------
TP5446 not allocated
----------------------

----------------------
TP5462 allocated to 10
----------------------

----------------------
TP5478 not allocated
----------------------

----------------------
TP5494 not allocated
----------------------

----------------------
TP5510 not allocated
----------------------

----------------------
TP5526 not allocated
----------------------

----------------------
TP5542 not allocated
----------------------

----------------------
TP5558 allocated to 9
----------------------

----------------------
TP5574 not allocated
----------------------

----------------------
TP5590 not allocated
----------------------

----------------------
TP5606 not allocated
----------------------

----------------------
TP5622 not allocated
----------------------

----------------------
TP5638 not allocated
----------------------

----------------------
TP5654 not allocated
----------------------

----------------------
TP5670 allocated to 10
----------------------

----------------------
TP5686 not allocated
----------------------

----------------------
TP5702 not allocated
----------------------

----------------------
TP5718 allocated to 8
----------------------

----------------------
TP5734 allocated to 11
----------------------

----------------------
TP5750 not allocated
----------------------

----------------------
TP5766 not allocated
----------------------

----------------------
TP5782 not allocated
----------------------

----------------------
TP5798 not allocated
----------------------

----------------------
TP5814 not allocated
----------------------

----------------------
TP5830 not allocated
----------------------

----------------------
TP5846 not allocated
----------------------

----------------------
TP5862 not allocated
----------------------

----------------------
TP5878 allocated to 12
----------------------

----------------------
TP5894 not allocated
----------------------

----------------------
TP5910 allocated to 11
----------------------

----------------------
TP5926 not allocated
----------------------

----------------------
TP5942 not allocated
----------------------

----------------------
TP5958 not allocated
----------------------

----------------------
TP5974 allocated to 14
----------------------

----------------------
TP5990 not allocated
----------------------

----------------------
TP6006 not allocated
----------------------

----------------------
TP6022 not allocated
----------------------

----------------------
TP6038 allocated to 10
----------------------

----------------------
TP6054 not allocated
----------------------

----------------------
TP6070 not allocated
----------------------

----------------------
TP6086 not allocated
----------------------

----------------------
TP6102 not allocated
----------------------

----------------------
TP6118 not allocated
----------------------

----------------------
TP6134 not allocated
----------------------

----------------------
TP6150 not allocated
----------------------

----------------------
TP6166 not allocated
----------------------

----------------------
TP6182 not allocated
----------------------

----------------------
TP6198 not allocated
----------------------

----------------------
TP6214 not allocated
----------------------

----------------------
TP6230 not allocated
----------------------

----------------------
TP6246 not allocated
----------------------

----------------------
TP6262 not allocated
----------------------

----------------------
TP6278 allocated to 7
----------------------

----------------------
TP6294 not allocated
----------------------

----------------------
TP6310 not allocated
----------------------

----------------------
TP6326 not allocated
----------------------

----------------------
TP6342 allocated to 14
----------------------

----------------------
TP6358 not allocated
----------------------

----------------------
TP6374 allocated to 11
----------------------

----------------------
TP6390 not allocated
----------------------

----------------------
TP6406 not allocated
----------------------

----------------------
TP6422 allocated to 15
----------------------

----------------------
TP6438 not allocated
----------------------

----------------------
TP6454 not allocated
----------------------

----------------------
TP6470 not allocated
----------------------

----------------------
TP6486 not allocated
----------------------

----------------------
TP6502 not allocated
----------------------

----------------------
TP6518 not allocated
----------------------

----------------------
TP6534 not allocated
----------------------

----------------------
TP6550 not allocated
----------------------

----------------------
TP6566 not allocated
----------------------

----------------------
TP6582 not allocated
----------------------

----------------------
TP6598 not allocated
----------------------

----------------------
TP6614 not allocated
----------------------

----------------------
TP6630 not allocated
----------------------

----------------------
TP6646 allocated to 15
----------------------

----------------------
TP6662 not allocated
----------------------

----------------------
TP6678 not allocated
----------------------

----------------------
TP6694 not allocated
----------------------

----------------------
TP6710 not allocated
----------------------

----------------------
TP6726 not allocated
----------------------

----------------------
TP6742 not allocated
----------------------

----------------------
TP6758 not allocated
----------------------

----------------------
TP6774 not allocated
----------------------

----------------------
TP6790 not allocated
----------------------

----------------------
TP6806 not allocated
----------------------

----------------------
TP6822 not allocated
----------------------

----------------------
TP6838 not allocated
----------------------

----------------------
TP6854 not allocated
----------------------

----------------------
TP6870 not allocated
----------------------

----------------------
TP6886 not allocated
----------------------

----------------------
TP6902 not allocated
----------------------

----------------------
TP6918 allocated to 10
----------------------

----------------------
TP6934 not allocated
----------------------

----------------------
TP6950 allocated to 8
----------------------

----------------------
TP6966 not allocated
----------------------

----------------------
TP6982 not allocated
----------------------

----------------------
TP6998 not allocated
----------------------

----------------------
TP7014 not allocated
----------------------

----------------------
TP7030 not allocated
----------------------

----------------------
TP7046 not allocated
----------------------

----------------------
TP7062 not allocated
----------------------

----------------------
TP7078 not allocated
----------------------

----------------------
TP7094 not allocated
----------------------

----------------------
TP7110 not allocated
----------------------

----------------------
TP7126 not allocated
----------------------

----------------------
TP7142 not allocated
----------------------

----------------------
TP7158 not allocated
----------------------

----------------------
TP7174 not allocated
----------------------

----------------------
TP7190 not allocated
----------------------

----------------------
TP7206 not allocated
----------------------

----------------------
TP7222 not allocated
----------------------

----------------------
TP7238 not allocated
----------------------

----------------------
TP7254 not allocated
----------------------

----------------------
TP7270 not allocated
----------------------

----------------------
TP7286 not allocated
----------------------

----------------------
TP7302 not allocated
----------------------

----------------------
TP7318 not allocated
----------------------

----------------------
TP7334 not allocated
----------------------

----------------------
TP7350 not allocated
----------------------

----------------------
TP7366 not allocated
----------------------

----------------------
TP7382 not allocated
----------------------

----------------------
TP7398 allocated to 14
----------------------

----------------------
TP7414 not allocated
----------------------

----------------------
TP7430 not allocated
----------------------

----------------------
TP7446 not allocated
----------------------

----------------------
TP7462 not allocated
----------------------

----------------------
TP7478 not allocated
----------------------

----------------------
TP7494 not allocated
----------------------

----------------------
TP7510 not allocated
----------------------

----------------------
TP7526 not allocated
----------------------

----------------------
TP7542 not allocated
----------------------

----------------------
TP7558 not allocated
----------------------

----------------------
TP7574 not allocated
----------------------

----------------------
TP7590 not allocated
----------------------

----------------------
TP7606 allocated to 15
----------------------

----------------------
TP7622 not allocated
----------------------

----------------------
TP7638 not allocated
----------------------

----------------------
TP7654 not allocated
----------------------

----------------------
TP7670 not allocated
----------------------

----------------------
TP7686 not allocated
----------------------

----------------------
TP7702 not allocated
----------------------

----------------------
TP7718 not allocated
----------------------

----------------------
TP7734 not allocated
----------------------

----------------------
TP7750 not allocated
----------------------

----------------------
TP7766 not allocated
----------------------

----------------------
TP7782 not allocated
----------------------

----------------------
TP7798 not allocated
----------------------

----------------------
TP7814 not allocated
----------------------

----------------------
TP7830 not allocated
----------------------

----------------------
TP7846 not allocated
----------------------

----------------------
TP7862 not allocated
----------------------

----------------------
TP7878 not allocated
----------------------

----------------------
TP7894 not allocated
----------------------

----------------------
TP7910 not allocated
----------------------

----------------------
TP7926 not allocated
----------------------

----------------------
TP7942 not allocated
----------------------

----------------------
TP7958 not allocated
----------------------

----------------------
TP7974 not allocated
----------------------

----------------------
TP7990 not allocated
----------------------

----------------------
TP8006 not allocated
----------------------

----------------------
TP8022 not allocated
----------------------

----------------------
TP8038 not allocated
----------------------

----------------------
TP8054 not allocated
----------------------

----------------------
TP8070 not allocated
----------------------

----------------------
TP8086 not allocated
----------------------

----------------------
TP8102 not allocated
----------------------

----------------------
TP8118 not allocated
----------------------

----------------------
TP8134 not allocated
----------------------

----------------------
TP8150 not allocated
----------------------

----------------------
TP8166 not allocated
----------------------

----------------------
TP8182 not allocated
----------------------

----------------------
TP8198 not allocated
----------------------

----------------------
TP8214 not allocated
----------------------

----------------------
TP8230 not allocated
----------------------

----------------------
TP8246 not allocated
----------------------

----------------------
TP8262 not allocated
----------------------

----------------------
TP8278 not allocated
----------------------

----------------------
TP8294 allocated to 7
----------------------

----------------------
TP8310 not allocated
----------------------

----------------------
TP8326 not allocated
----------------------

----------------------
TP8342 not allocated
----------------------

----------------------
TP8358 not allocated
----------------------

----------------------
TP8374 not allocated
----------------------

----------------------
TP8390 not allocated
----------------------

----------------------
TP8406 not allocated
----------------------

----------------------
TP8422 not allocated
----------------------

----------------------
TP8438 not allocated
----------------------

----------------------
TP8454 not allocated
----------------------

----------------------
TP8470 not allocated
----------------------

----------------------
TP8486 not allocated
----------------------

----------------------
TP8502 not allocated
----------------------

----------------------
TP8518 not allocated
----------------------

----------------------
TP8534 not allocated
----------------------

----------------------
TP8550 not allocated
----------------------

----------------------
TP8566 not allocated
----------------------

----------------------
TP8582 not allocated
----------------------

----------------------
TP8598 not allocated
----------------------

----------------------
TP8614 not allocated
----------------------

----------------------
TP8630 not allocated
----------------------

----------------------
TP8646 not allocated
----------------------

----------------------
TP8662 not allocated
----------------------

----------------------
TP8678 not allocated
----------------------

----------------------
TP8694 not allocated
----------------------

----------------------
TP8710 not allocated
----------------------

----------------------
TP8726 not allocated
----------------------

----------------------
TP8742 not allocated
----------------------

----------------------
TP8758 not allocated
----------------------

----------------------
TP8774 not allocated
----------------------

----------------------
TP8790 not allocated
----------------------

----------------------
TP8806 not allocated
----------------------

----------------------
TP8822 not allocated
----------------------

----------------------
TP8838 not allocated
----------------------

----------------------
TP8854 not allocated
----------------------

----------------------
TP8870 not allocated
----------------------

----------------------
TP8886 not allocated
----------------------

----------------------
TP8902 not allocated
----------------------

----------------------
TP8918 not allocated
----------------------

----------------------
TP8934 not allocated
----------------------

----------------------
TP8950 not allocated
----------------------

----------------------
TP8966 not allocated
----------------------

----------------------
TP8982 not allocated
----------------------

----------------------
TP8998 not allocated
----------------------

----------------------
TP9014 not allocated
----------------------

----------------------
TP9030 not allocated
----------------------

----------------------
TP9046 not allocated
----------------------

----------------------
TP9062 not allocated
----------------------

----------------------
TP9078 not allocated
----------------------

----------------------
TP9094 not allocated
----------------------

----------------------
TP9110 not allocated
----------------------

----------------------
TP9126 not allocated
----------------------

----------------------
TP9142 not allocated
----------------------

----------------------
TP9158 not allocated
----------------------

----------------------
TP9174 not allocated
----------------------

----------------------
TP9190 not allocated
----------------------

----------------------
TP9206 not allocated
----------------------

----------------------
TP9222 not allocated
----------------------

----------------------
TP9238 not allocated
----------------------

----------------------
TP9254 not allocated
----------------------

----------------------
TP9270 not allocated
----------------------

----------------------
TP9286 not allocated
----------------------

----------------------
TP9302 not allocated
----------------------

----------------------
TP9318 not allocated
----------------------

----------------------
TP9334 not allocated
----------------------

----------------------
TP9350 not allocated
----------------------

----------------------
TP9366 not allocated
----------------------

----------------------
TP9382 not allocated
----------------------

----------------------
TP9398 not allocated
----------------------

----------------------
TP9414 not allocated
----------------------

----------------------
TP9430 not allocated
----------------------

----------------------
TP9446 not allocated
----------------------

----------------------
TP9462 not allocated
----------------------

----------------------
TP9478 not allocated
----------------------

----------------------
TP9494 not allocated
----------------------

----------------------
TP9510 not allocated
----------------------

----------------------
TP9526 not allocated
----------------------

----------------------
TP9542 not allocated
----------------------

----------------------
TP9558 not allocated
----------------------

----------------------
TP9574 not allocated
----------------------

----------------------
TP9590 not allocated
----------------------

----------------------
TP9606 not allocated
----------------------

----------------------
TP9622 not allocated
----------------------

----------------------
TP9638 not allocated
----------------------

----------------------
TP9654 not allocated
----------------------

----------------------
TP9670 not allocated
----------------------

----------------------
TP9686 not allocated
----------------------

----------------------
TP9702 not allocated
----------------------

----------------------
TP9718 not allocated
----------------------

----------------------
TP9734 not allocated
----------------------

----------------------
TP9750 not allocated
----------------------

----------------------
TP9766 not allocated
----------------------

----------------------
TP9782 not allocated
----------------------

----------------------
TP9798 not allocated
----------------------

----------------------
TP9814 not allocated
----------------------

----------------------
TP9830 not allocated
----------------------

----------------------
TP9846 not allocated
----------------------

----------------------
TP9862 not allocated
----------------------

----------------------
TP9878 not allocated
----------------------

----------------------
TP9894 not allocated
----------------------

----------------------
TP9910 not allocated
----------------------

----------------------
TP9926 not allocated
----------------------

----------------------
TP9942 not allocated
----------------------

----------------------
TP9958 not allocated
----------------------

----------------------
TP9974 not allocated
----------------------

----------------------
TP9990 not allocated
----------------------

-------------------------------------------------------------------------

Ride-sharing vs Individual Mode - Num Vehicles and Distance Comparisson 

-------------------------------------------------------------------------
Individual Mode = 625 vehicles.
Ride-sharing Mode = 499 vehicles. The 15 ride-sharing vehicles + 484 vehicles of the individuals not served by the ride-sharing service.
-------------------------------------------------------------------------
Individual Mode = 890270 distance.
Ride-sharing Mode = 1144023 distance. 520910 from the EV fleet + 623113 from the distance of the trips not covered individuals had to do with their own vehicle.
-------------------------------------------------------------------------
