10000 10000 50000
1
13 6250 6250
196
1 13 0 35632 5
0
2 13 0 35632 5
0
3 13 0 35632 5
0
4 13 0 35632 5
0
5 13 0 35632 5
0
6 13 0 35632 5
0
7 13 0 35632 5
0
8 13 0 35632 5
0
9 13 0 35632 5
0
10 13 0 35632 5
0
11 13 0 35632 5
0
12 13 0 35632 5
0
13 13 0 35632 5
0
14 13 0 35632 5
0
15 13 0 35632 5
0
16 13 0 35632 5
0
17 13 0 35632 5
0
18 13 0 35632 5
0
19 13 0 35632 5
0
20 13 0 35632 5
0
21 13 0 35632 5
0
22 13 0 35632 5
0
23 13 0 35632 5
0
24 13 0 35632 5
0
25 13 0 35632 5
0
26 13 0 35632 5
0
27 13 0 35632 5
0
28 13 0 35632 5
0
29 13 0 35632 5
0
30 13 0 35632 5
0
31 13 0 35632 5
0
32 13 0 35632 5
0
33 13 0 35632 5
0
34 13 0 35632 5
0
35 13 0 35632 5
0
36 13 0 35632 5
0
37 13 0 35632 5
0
38 13 0 35632 5
0
39 13 0 35632 5
0
40 13 0 35632 5
0
41 13 0 35632 5
0
42 13 0 35632 5
0
43 13 0 35632 5
0
44 13 0 35632 5
0
45 13 0 35632 5
0
46 13 0 35632 5
0
47 13 0 35632 5
0
48 13 0 35632 5
0
49 13 0 35632 5
0
50 13 0 35632 5
0
51 13 0 35632 5
0
52 13 0 35632 5
0
53 13 0 35632 5
0
54 13 0 35632 5
0
55 13 0 35632 5
0
56 13 0 35632 5
0
57 13 0 35632 5
0
58 13 0 35632 5
0
59 13 0 35632 5
0
60 13 0 35632 5
0
61 13 0 35632 5
0
62 13 0 35632 5
0
63 13 0 35632 5
0
64 13 0 35632 5
0
65 13 0 35632 5
0
66 13 0 35632 5
0
67 13 0 35632 5
0
68 13 0 35632 5
0
69 13 0 35632 5
0
70 13 0 35632 5
0
71 13 0 35632 5
0
72 13 0 35632 5
0
73 13 0 35632 5
0
74 13 0 35632 5
0
75 13 0 35632 5
0
76 13 0 35632 5
0
77 13 0 35632 5
0
78 13 0 35632 5
0
79 13 0 35632 5
0
80 13 0 35632 5
0
81 13 0 35632 5
0
82 13 0 35632 5
0
83 13 0 35632 5
0
84 13 0 35632 5
0
85 13 0 35632 5
0
86 13 0 35632 5
0
87 13 0 35632 5
0
88 13 0 35632 5
0
89 13 0 35632 5
0
90 13 0 35632 5
0
91 13 0 35632 5
0
92 13 0 35632 5
0
93 13 0 35632 5
0
94 13 0 35632 5
0
95 13 0 35632 5
0
96 13 0 35632 5
0
97 13 0 35632 5
0
98 13 0 35632 5
0
99 13 0 35632 5
0
100 13 0 35632 5
0
101 13 0 35632 5
0
102 13 0 35632 5
0
103 13 0 35632 5
0
104 13 0 35632 5
0
105 13 0 35632 5
0
106 13 0 35632 5
0
107 13 0 35632 5
0
108 13 0 35632 5
0
109 13 0 35632 5
0
110 13 0 35632 5
0
111 13 0 35632 5
0
112 13 0 35632 5
0
113 13 0 35632 5
0
114 13 0 35632 5
0
115 13 0 35632 5
0
116 13 0 35632 5
0
117 13 0 35632 5
0
118 13 0 35632 5
0
119 13 0 35632 5
0
120 13 0 35632 5
0
121 13 0 35632 5
0
122 13 0 35632 5
0
123 13 0 35632 5
0
124 13 0 35632 5
0
125 13 0 35632 5
0
126 13 0 35632 5
0
127 13 0 35632 5
0
128 13 0 35632 5
0
129 13 0 35632 5
0
130 13 0 35632 5
0
131 13 0 35632 5
0
132 13 0 35632 5
0
133 13 0 35632 5
0
134 13 0 35632 5
0
135 13 0 35632 5
0
136 13 0 35632 5
0
137 13 0 35632 5
0
138 13 0 35632 5
0
139 13 0 35632 5
0
140 13 0 35632 5
0
141 13 0 35632 5
0
142 13 0 35632 5
0
143 13 0 35632 5
0
144 13 0 35632 5
0
145 13 0 35632 5
0
146 13 0 35632 5
0
147 13 0 35632 5
0
148 13 0 35632 5
0
149 13 0 35632 5
0
150 13 0 35632 5
0
151 13 0 35632 5
0
152 13 0 35632 5
0
153 13 0 35632 5
0
154 13 0 35632 5
0
155 13 0 35632 5
0
156 13 0 35632 5
0
157 13 0 35632 5
0
158 13 0 35632 5
0
159 13 0 35632 5
0
160 13 0 35632 5
0
161 13 0 35632 5
0
162 13 0 35632 5
0
163 13 0 35632 5
0
164 13 0 35632 5
0
165 13 0 35632 5
0
166 13 0 35632 5
0
167 13 0 35632 5
0
168 13 0 35632 5
0
169 13 0 35632 5
0
170 13 0 35632 5
0
171 13 0 35632 5
0
172 13 0 35632 5
0
173 13 0 35632 5
0
174 13 0 35632 5
0
175 13 0 35632 5
0
176 13 0 35632 5
0
177 13 0 35632 5
0
178 13 0 35632 5
0
179 13 0 35632 5
0
180 13 0 35632 5
0
181 13 0 35632 5
0
182 13 0 35632 5
0
183 13 0 35632 5
0
184 13 0 35632 5
0
185 13 0 35632 5
0
186 13 0 35632 5
0
187 13 0 35632 5
0
188 13 0 35632 5
0
189 13 0 35632 5
0
190 13 0 35632 5
0
191 13 0 35632 5
0
192 13 0 35632 5
0
193 13 0 35632 5
0
194 13 0 35632 5
0
195 13 0 35632 5
0
196 13 0 35632 5
0
625
13 13 -1
1, 2350, 930, 3283, 1311, 1, 657, 1315, 1971
29 13 -1
1, 2682, 1683, 428, 8240, 1, 4406, 8812, 13217
45 13 -1
1, 2935, 735, 2912, 1065, 1, 177, 354, 530
61 13 -1
1, 3175, 405, 9999, 6310, 1, 6365, 12730, 19094
77 13 -1
1, 3601, 72, 3071, 990, 1, 724, 1449, 2172
93 13 -1
236, 2114, 1731, 3499, 2158, 471, 1376, 2283, 3188
109 13 -1
681, 2941, 876, 2428, 1297, 1362, 1828, 2296, 2762
125 13 -1
1088, 3216, 952, 9999, 639, 2175, 5722, 9271, 12818
141 13 -1
1342, 2260, 1161, 2935, 227, 2683, 3487, 4292, 5096
157 13 -1
1634, 2114, 1528, 2560, 786, 3267, 3860, 4455, 5048
173 13 -1
2018, 3108, 1487, 3583, 1078, 4036, 4477, 4920, 5361
189 13 -1
2158, 3017, 1929, 2616, 984, 4316, 4988, 5662, 6334
205 13 -1
2402, 2675, 1053, 2076, 137, 4803, 5560, 6318, 7075
221 13 -1
2557, 2775, 1475, 2773, 726, 5113, 5488, 5864, 6239
237 13 -1
2760, 3320, 1690, 3157, 2025, 5520, 5768, 6018, 6266
253 13 -1
2951, 3087, 1647, 1794, 729, 5902, 7007, 8113, 9218
269 13 -1
3160, 3453, 713, 2751, 1359, 6320, 6993, 7668, 8341
285 13 -1
3355, 2568, 1602, 1826, 1560, 6710, 7101, 7494, 7885
301 13 -1
3490, 3192, 294, 3577, 1736, 6980, 7893, 8807, 9720
317 13 -1
3614, 2290, 817, 2652, 1182, 7227, 7590, 7954, 8317
333 13 -1
3797, 2387, 781, 2531, 1325, 7593, 7936, 8281, 8624
349 13 -1
3959, 3712, 1686, 2521, 1183, 7918, 8764, 9612, 10458
365 13 -1
4097, 2261, 650, 9999, 6897, 8193, 15185, 22178, 29170
381 13 -1
4262, 2177, 652, 2295, 1768, 8524, 9140, 9758, 10374
397 13 -1
4420, 2574, 923, 2965, 1268, 8840, 9207, 9576, 9943
413 13 -1
4619, 3453, 233, 2888, 155, 9238, 9559, 9881, 10202
429 13 -1
4705, 2254, 1698, 2797, 1184, 9409, 9937, 10466, 10994
445 13 -1
4840, 1823, 1946, 2163, 2268, 9680, 10010, 10342, 10672
461 13 -1
4937, 3001, 1637, 2247, 897, 9873, 10619, 11367, 12113
477 13 -1
5095, 2746, 1002, 3059, 509, 10190, 10592, 10996, 11398
493 13 -1
5214, 3271, 1359, 2736, 958, 10427, 10894, 11363, 11830
509 13 -1
5316, 2774, 1254, 2751, 1111, 10632, 10714, 10798, 10880
525 13 -1
5433, 2516, 755, 3284, 1286, 10865, 11514, 12164, 12813
541 13 -1
5519, 3141, 366, 9999, 9741, 11037, 19153, 27270, 35386
557 13 -1
5659, 2042, 200, 3342, 344, 11317, 12038, 12761, 13482
573 13 -1
5787, 2818, 877, 2617, 548, 11574, 11838, 12104, 12368
589 13 -1
5903, 3036, 1753, 3010, 579, 11806, 12405, 13006, 13605
605 13 -1
6014, 2756, 1370, 2541, 949, 12027, 12344, 12663, 12980
621 13 -1
6094, 3090, 1312, 2667, 1392, 12187, 12438, 12690, 12941
637 13 -1
6181, 2812, 1088, 2444, 761, 12361, 12708, 13056, 13403
653 13 -1
6276, 2420, 1201, 2920, 1324, 12552, 12863, 13175, 13486
669 13 -1
6363, 2969, 586, 3476, 1180, 12725, 13275, 13826, 14376
685 13 -1
6436, 3006, 1582, 3580, 448, 12872, 13725, 14580, 15433
701 13 -1
6540, 2182, 822, 3585, 741, 13080, 13821, 14564, 15305
717 13 -1
6628, 3123, 1285, 2687, 990, 13255, 13620, 13986, 14351
733 13 -1
6707, 3345, 1258, 3205, 1131, 13413, 13546, 13680, 13813
749 13 -1
6799, 3045, 1216, 3170, 816, 13597, 13859, 14122, 14384
765 13 -1
6842, 2521, 953, 2883, 2337, 13683, 14555, 15429, 16301
781 13 -1
6899, 2424, 1319, 9999, 87, 13798, 18201, 22605, 27008
797 13 -1
6984, 2851, 1305, 2967, 1201, 13968, 14077, 14188, 14297
813 13 -1
7055, 2933, 1022, 2898, 425, 14109, 14424, 14741, 15056
829 13 -1
7124, 2927, 682, 2209, 1821, 14247, 15175, 16104, 17032
845 13 -1
7211, 2173, 1506, 2860, 485, 14422, 15275, 16130, 16983
861 13 -1
7324, 3115, 255, 2956, 1001, 14647, 15099, 15552, 16004
877 13 -1
7399, 3063, 1735, 9999, 131, 14797, 19066, 23337, 27606
893 13 -1
7442, 3093, 2000, 1803, 510, 14883, 16272, 17663, 19052
909 13 -1
7490, 3136, 683, 3528, 252, 14979, 15390, 15802, 16213
925 13 -1
7549, 2240, 578, 2685, 1107, 15097, 15583, 16071, 16557
941 13 -1
7627, 2517, 876, 2741, 898, 15253, 15375, 15499, 15621
957 13 -1
7679, 2520, 198, 3039, 673, 15357, 15853, 16351, 16847
973 13 -1
7751, 2624, 542, 2296, 503, 15502, 15685, 15869, 16052
989 13 -1
7814, 2908, 1627, 3103, 1060, 15627, 16007, 16389, 16769
1005 13 -1
7860, 3365, 364, 2197, 387, 15719, 16314, 16910, 17505
1021 13 -1
7898, 1179, 1138, 3530, 1083, 15796, 16998, 18202, 19404
1037 13 -1
7951, 3030, 1003, 3138, 233, 15902, 16340, 16780, 17218
1053 13 -1
7985, 2567, 1221, 2527, 595, 15969, 16301, 16635, 16967
1069 13 -1
8031, 2761, 1160, 3168, 567, 16061, 16560, 17061, 17560
1085 13 -1
8083, 3407, 1035, 1686, 1215, 16165, 17115, 18066, 19016
1101 13 -1
8144, 3748, 1301, 2881, 359, 16287, 17191, 18096, 19000
1117 13 -1
8191, 2482, 685, 2758, 1723, 16382, 17038, 17696, 18352
1133 13 -1
8265, 2809, 637, 3601, 1325, 16529, 17268, 18009, 18748
1149 13 -1
8302, 2795, 1013, 2739, 1528, 16604, 16889, 17175, 17460
1165 13 -1
8343, 2740, 1934, 2820, 804, 16685, 17289, 17895, 18499
1181 13 -1
8365, 2859, 1133, 2257, 269, 16730, 17462, 18196, 18928
1197 13 -1
8397, 2998, 1358, 3379, 849, 16794, 17238, 17684, 18128
1213 13 -1
8450, 2981, 703, 2774, 174, 16899, 17266, 17635, 18002
1229 13 -1
8497, 3365, 210, 3324, 966, 16994, 17392, 17791, 18189
1245 13 -1
8534, 3550, 373, 2650, 410, 17068, 17536, 18005, 18473
1261 13 -1
8577, 2652, 195, 2530, 696, 17154, 17465, 17777, 18088
1277 13 -1
8644, 2473, 2038, 2473, 1019, 17287, 17796, 18306, 18815
1293 13 -1
8706, 2652, 1117, 3751, 442, 17411, 18297, 19185, 20071
1309 13 -1
8740, 2722, 610, 2210, 1097, 17480, 17979, 18479, 18978
1325 13 -1
8791, 2886, 935, 2881, 1051, 17581, 17641, 17702, 17762
1341 13 -1
8853, 3553, 1347, 3690, 2365, 17706, 18283, 18861, 19438
1357 13 -1
8889, 2427, 2071, 3225, 1487, 17778, 18468, 19160, 19850
1373 13 -1
8925, 2930, 1746, 3535, 1118, 17849, 18465, 19082, 19698
1389 13 -1
8963, 2557, 1368, 2990, 829, 17925, 18410, 18897, 19382
1405 13 -1
8999, 2198, 699, 3050, 972, 17997, 18559, 19122, 19684
1421 13 -1
9059, 3151, 1492, 3004, 111, 18117, 18880, 19645, 20408
1437 13 -1
9085, 3019, 1724, 3986, 1527, 18169, 18750, 19333, 19914
1453 13 -1
9113, 2327, 1469, 3211, 1415, 18225, 18693, 19163, 19631
1469 13 -1
9163, 2731, 1338, 3324, 1486, 18326, 18696, 19067, 19437
1485 13 -1
9198, 2503, 1086, 3990, 639, 18395, 19361, 20329, 21295
1501 13 -1
9254, 2302, 1311, 2575, 1235, 18508, 18682, 18857, 19031
1517 13 -1
9281, 3491, 1244, 2336, 1172, 18562, 19175, 19789, 20402
1533 13 -1
9347, 2439, 1661, 3730, 1168, 18693, 19584, 20477, 21368
1549 13 -1
9381, 3245, 1035, 2462, 493, 18761, 19423, 20086, 20748
1565 13 -1
9426, 2505, 1560, 3836, 850, 18852, 19872, 20893, 21913
1581 13 -1
9473, 3099, 1051, 2293, 906, 18945, 19420, 19896, 20371
1597 13 -1
9509, 2305, 484, 2129, 866, 19017, 19295, 19575, 19853
1613 13 -1
9558, 2699, 867, 3188, 1164, 19116, 19508, 19902, 20294
1629 13 -1
9608, 3062, 1289, 2830, 1124, 19216, 19414, 19613, 19811
1645 13 -1
9668, 3138, 1289, 3164, 1280, 19335, 19352, 19370, 19387
1661 13 -1
9732, 2876, 621, 2751, 1011, 19463, 19720, 19978, 20235
1677 13 -1
9771, 3370, 528, 2486, 1546, 19542, 20492, 21444, 22394
1693 13 -1
9797, 2826, 2082, 2889, 1211, 19594, 20060, 20528, 20994
1709 13 -1
9850, 3209, 2248, 1809, 1628, 19700, 20709, 21720, 22729
1725 13 -1
9884, 2653, 723, 3186, 491, 19767, 20149, 20532, 20914
1741 13 -1
9924, 3282, 1509, 2734, 512, 19848, 20620, 21393, 22165
1757 13 -1
9971, 2439, 988, 3118, 568, 19942, 20491, 21041, 21590
1773 13 -1
10017, 3099, 939, 2488, 1391, 20034, 20565, 21097, 21628
1789 13 -1
10055, 2460, 714, 3307, 1907, 20110, 21129, 22150, 23169
1805 13 -1
10109, 2541, 1591, 3200, 1271, 20218, 20707, 21197, 21686
1821 13 -1
10133, 2869, 1399, 2543, 684, 20266, 20786, 21307, 21827
1837 13 -1
10169, 1804, 696, 2808, 685, 20338, 20845, 21353, 21860
1853 13 -1
10221, 2981, 1973, 3705, 1733, 20441, 20922, 21405, 21886
1869 13 -1
10248, 3220, 2275, 2849, 1579, 20495, 21028, 21562, 22095
1885 13 -1
10297, 2795, 1508, 1838, 966, 20594, 21343, 22093, 22842
1901 13 -1
10329, 3182, 933, 2029, 1215, 20658, 21375, 22093, 22810
1917 13 -1
10368, 2933, 1103, 2947, 975, 20736, 20806, 20878, 20948
1933 13 -1
10421, 3400, 602, 3108, 1614, 20842, 21493, 22146, 22797
1949 13 -1
10443, 2492, 1547, 3349, 1274, 20885, 21449, 22015, 22579
1965 13 -1
10480, 2213, 507, 1880, 386, 20960, 21186, 21414, 21640
1981 13 -1
10526, 2361, 1593, 3016, 1070, 21052, 21640, 22230, 22818
1997 13 -1
10553, 3049, 847, 2245, 783, 21105, 21538, 21973, 22406
2013 13 -1
10574, 3277, 908, 2574, 700, 21147, 21602, 22058, 22513
2029 13 -1
10606, 2871, 271, 3756, 736, 21212, 21886, 22562, 23236
2045 13 -1
10635, 2119, 478, 2866, 1147, 21270, 21977, 22686, 23393
2061 13 -1
10657, 3569, 610, 3016, 242, 21314, 21774, 22235, 22695
2077 13 -1
10681, 2899, 130, 2343, 947, 21361, 22047, 22734, 23420
2093 13 -1
10709, 2988, 918, 3301, 941, 21418, 21585, 21754, 21921
2109 13 -1
10749, 3031, 1316, 2961, 1210, 21498, 21585, 21674, 21761
2125 13 -1
10778, 2595, 1092, 2725, 1274, 21556, 21711, 21868, 22023
2141 13 -1
10805, 3461, 1444, 2862, 1438, 21610, 21912, 22215, 22517
2157 13 -1
10852, 2323, 563, 2709, 1948, 21703, 22588, 23474, 24359
2173 13 -1
10889, 3491, 1356, 3315, 1496, 21777, 21934, 22093, 22250
2189 13 -1
10923, 2671, 1273, 2158, 1527, 21846, 22229, 22613, 22996
2205 13 -1
10968, 3354, 754, 3903, 1372, 21936, 22519, 23103, 23686
2221 13 -1
10999, 2725, 689, 2218, 515, 21997, 22337, 22678, 23018
2237 13 -1
11026, 2815, 962, 3927, 1824, 22052, 23038, 24026, 25012
2253 13 -1
11059, 2973, 1281, 2651, 760, 22117, 22538, 22960, 23381
2269 13 -1
11101, 3303, 905, 3302, 740, 22201, 22283, 22367, 22449
2285 13 -1
11131, 2652, 1282, 3651, 1021, 22262, 22891, 23522, 24151
2301 13 -1
11157, 2752, 371, 3367, 986, 22313, 22927, 23543, 24157
2317 13 -1
11193, 2540, 1048, 2595, 1272, 22386, 22525, 22665, 22804
2333 13 -1
11231, 3743, 1589, 2999, 631, 22462, 23312, 24164, 25014
2349 13 -1
11256, 3142, 1360, 3104, 1252, 22511, 22583, 22657, 22729
2365 13 -1
11287, 2302, 655, 2908, 1259, 22573, 23177, 23783, 24387
2381 13 -1
11322, 3069, 600, 2450, 914, 22644, 23110, 23577, 24043
2397 13 -1
11359, 2551, 695, 2583, 1507, 22718, 23139, 23562, 23983
2413 13 -1
11386, 2304, 1033, 141, 7150, 22771, 26910, 31051, 35190
2429 13 -1
11424, 2818, 1148, 2580, 1465, 22847, 23124, 23402, 23679
2445 13 -1
11452, 3135, 961, 1584, 1607, 22904, 24002, 25101, 26199
2461 13 -1
11482, 2932, 266, 2566, 573, 22964, 23300, 23637, 23973
2477 13 -1
11512, 2427, 646, 2651, 1059, 23023, 23341, 23660, 23978
2493 13 -1
11551, 2933, 1261, 2624, 982, 23102, 23395, 23690, 23983
2509 13 -1
11573, 2737, 1342, 3714, 823, 23146, 23893, 24642, 25389
2525 13 -1
11614, 2946, 1112, 2605, 51, 23228, 23928, 24630, 25330
2541 13 -1
11634, 2644, 959, 3040, 1542, 23268, 23757, 24247, 24736
2557 13 -1
11665, 2953, 1504, 2916, 1703, 23330, 23447, 23566, 23683
2573 13 -1
11697, 3163, 246, 2540, 1032, 23393, 24097, 24802, 25506
2589 13 -1
11726, 3057, 1662, 3262, 754, 23451, 24007, 24564, 25120
2605 13 -1
11762, 2582, 1080, 2439, 1000, 23523, 23634, 23746, 23857
2621 13 -1
11798, 2783, 1303, 1210, 987, 23596, 24540, 25485, 26429
2637 13 -1
11824, 3456, 1517, 1957, 198, 23647, 25055, 26465, 27873
2653 13 -1
11857, 3027, 2120, 2369, 1725, 23713, 24239, 24766, 25292
2669 13 -1
11885, 3577, 582, 3194, 366, 23770, 24069, 24369, 24668
2685 13 -1
11919, 2790, 178, 3728, 69, 23838, 24361, 24885, 25408
2701 13 -1
11960, 2196, 1351, 2727, 1025, 23920, 24348, 24777, 25205
2717 13 -1
11980, 3528, 784, 595, 7879, 23960, 28973, 33988, 39001
2733 13 -1
12014, 3551, 1789, 9999, 181, 24027, 28054, 32083, 36110
2749 13 -1
12051, 2470, 706, 3615, 864, 24101, 24752, 25404, 26055
2765 13 -1
12080, 2966, 951, 2855, 1418, 24159, 24447, 24737, 25025
2781 13 -1
12116, 2715, 576, 2977, 838, 24231, 24492, 24755, 25016
2797 13 -1
12142, 2891, 1735, 2806, 303, 24284, 25042, 25801, 26559
2813 13 -1
12174, 2684, 862, 3130, 1411, 24347, 24844, 25342, 25839
2829 13 -1
12194, 2504, 410, 3296, 929, 24387, 25042, 25698, 26353
2845 13 -1
12220, 3388, 414, 3036, 1921, 24440, 25369, 26299, 27228
2861 13 -1
12258, 2724, 1602, 2234, 1957, 24516, 24938, 25361, 25783
2877 13 -1
12280, 2230, 1100, 2778, 1376, 24559, 24970, 25383, 25794
2893 13 -1
12313, 2577, 425, 3040, 1131, 24625, 25209, 25794, 26378
2909 13 -1
12339, 2756, 775, 2025, 1306, 24678, 25308, 25940, 26570
2925 13 -1
12362, 2778, 1389, 2255, 169, 24723, 25594, 26466, 27337
2941 13 -1
12384, 3262, 131, 9999, 492, 24768, 28316, 31866, 35414
2957 13 -1
12404, 2997, 972, 3415, 715, 24807, 25144, 25482, 25819
2973 13 -1
12428, 4083, 1429, 3057, 386, 24856, 25890, 26925, 27959
2989 13 -1
12470, 2433, 1768, 3071, 1543, 24940, 25371, 25803, 26234
3005 13 -1
12493, 2542, 1049, 2884, 1459, 24986, 25361, 25738, 26113
3021 13 -1
12515, 1944, 889, 2927, 1589, 25029, 25870, 26712, 27553
3037 13 -1
12544, 2982, 1316, 2900, 1343, 25088, 25142, 25197, 25251
3053 13 -1
12563, 2611, 945, 2482, 277, 25126, 25524, 25923, 26321
3069 13 -1
12589, 2399, 311, 2736, 683, 25177, 25531, 25886, 26240
3085 13 -1
12614, 2632, 851, 2190, 1321, 25228, 25683, 26140, 26595
3101 13 -1
12648, 2588, 565, 2082, 1563, 25296, 26047, 26800, 27551
3117 13 -1
12677, 2946, 260, 9999, 3551, 25354, 30525, 35698, 40869
3133 13 -1
12707, 2529, 31, 3589, 1259, 25414, 26557, 27702, 28845
3149 13 -1
12737, 2851, 909, 3279, 1651, 25473, 26057, 26643, 27227
3165 13 -1
12758, 2459, 994, 2305, 1387, 25516, 25789, 26063, 26336
3181 13 -1
12780, 2271, 916, 2593, 680, 25560, 25838, 26118, 26396
3197 13 -1
12809, 2968, 833, 3664, 1040, 25618, 26069, 26521, 26972
3213 13 -1
12824, 2855, 1422, 3465, 1005, 25647, 26160, 26674, 27187
3229 13 -1
12845, 1949, 1543, 9999, 677, 25689, 30146, 34605, 39062
3245 13 -1
12866, 2484, 1520, 2343, 9270, 25732, 29677, 33623, 37568
3261 13 -1
12892, 3203, 1127, 2566, 719, 25783, 26305, 26828, 27350
3277 13 -1
12909, 3013, 1675, 2600, 792, 25817, 26464, 27113, 27760
3293 13 -1
12934, 2971, 1592, 3050, 1730, 25867, 25975, 26084, 26192
3309 13 -1
12958, 2885, 1556, 3331, 814, 25916, 26509, 27104, 27697
3325 13 -1
12992, 2340, 954, 3314, 1404, 25984, 26695, 27408, 28119
3341 13 -1
13014, 3118, 1165, 1186, 1065, 26027, 27042, 28059, 29074
3357 13 -1
13037, 2700, 1540, 2575, 1419, 26074, 26196, 26320, 26442
3373 13 -1
13066, 2279, 1152, 3461, 1594, 26131, 26942, 27755, 28566
3389 13 -1
13088, 2786, 902, 3118, 1167, 26176, 26474, 26773, 27071
3405 13 -1
13110, 3203, 2406, 2086, 1563, 26220, 27199, 28180, 29159
3421 13 -1
13144, 3575, 217, 2781, 526, 26288, 26839, 27391, 27942
3437 13 -1
13155, 3065, 612, 3189, 663, 26310, 26397, 26485, 26572
3453 13 -1
13181, 2638, 900, 2920, 1550, 26362, 26827, 27294, 27759
3469 13 -1
13208, 1613, 1040, 3191, 1242, 26415, 27304, 28195, 29084
3485 13 -1
13236, 3410, 708, 2574, 1580, 26471, 27324, 28179, 29032
3501 13 -1
13280, 2582, 1090, 2990, 1831, 26560, 27134, 27709, 28283
3517 13 -1
13314, 2844, 1046, 2803, 1712, 26627, 26980, 27334, 27687
3533 13 -1
13352, 2694, 1067, 2145, 562, 26703, 27229, 27757, 28283
3549 13 -1
13372, 2890, 1705, 2840, 1028, 26744, 27107, 27471, 27834
3565 13 -1
13396, 2915, 926, 3842, 782, 26792, 27327, 27863, 28398
3581 13 -1
13418, 1945, 855, 2565, 1383, 26835, 27408, 27983, 28556
3597 13 -1
13437, 2714, 971, 2998, 1521, 26873, 27289, 27707, 28123
3613 13 -1
13473, 3013, 432, 2647, 1025, 26946, 27425, 27905, 28384
3629 13 -1
13493, 2787, 337, 3248, 1226, 26986, 27660, 28336, 29010
3645 13 -1
13515, 3800, 1182, 3379, 464, 27030, 27599, 28169, 28738
3661 13 -1
13533, 3045, 1891, 2418, 849, 27066, 27900, 28735, 29569
3677 13 -1
13568, 2637, 901, 2013, 1160, 27136, 27577, 28019, 28460
3693 13 -1
13592, 3227, 1036, 2448, 1345, 27183, 27726, 28271, 28814
3709 13 -1
13622, 2968, 1561, 2929, 1046, 27243, 27519, 27797, 28073
3725 13 -1
13643, 4350, 905, 2131, 508, 27286, 28593, 29902, 31209
3741 13 -1
13675, 3017, 1085, 3198, 903, 27350, 27531, 27713, 27894
3757 13 -1
13695, 3062, 305, 2454, 1274, 27389, 28177, 28966, 29754
3773 13 -1
13724, 3055, 2180, 2625, 1133, 27448, 28186, 28925, 29663
3789 13 -1
13750, 2804, 2079, 240, 9042, 27499, 32262, 37026, 41789
3805 13 -1
13790, 1835, 1111, 2681, 176, 27580, 28470, 29361, 30251
3821 13 -1
13817, 2691, 408, 1429, 202, 27634, 28367, 29102, 29835
3837 13 -1
13849, 3332, 1345, 2869, 1384, 27697, 27947, 28199, 28449
3853 13 -1
13874, 2513, 452, 2736, 923, 27748, 28094, 28442, 28788
3869 13 -1
13901, 2391, 1059, 2825, 1880, 27801, 28428, 29056, 29683
3885 13 -1
13927, 2704, 567, 2793, 568, 27854, 27898, 27944, 27988
3901 13 -1
13953, 2775, 1056, 3463, 787, 27905, 28383, 28862, 29340
3917 13 -1
13975, 3046, 1566, 3721, 783, 27950, 28678, 29408, 30136
3933 13 -1
14013, 3552, 827, 2865, 574, 28025, 28494, 28965, 29434
3949 13 -1
14045, 3184, 527, 3414, 675, 28090, 28278, 28468, 28656
3965 13 -1
14080, 2759, 149, 3092, 973, 28159, 28737, 29316, 29894
3981 13 -1
14106, 3912, 1915, 3095, 1412, 28212, 28871, 29532, 30191
3997 13 -1
14147, 2647, 1419, 3260, 1358, 28293, 28629, 28967, 29303
4013 13 -1
14169, 2004, 1610, 2617, 1315, 28337, 28790, 29245, 29698
4029 13 -1
14199, 2250, 1657, 2757, 994, 28398, 28982, 29568, 30152
4045 13 -1
14222, 2073, 1273, 2705, 1286, 28443, 28765, 29088, 29410
4061 13 -1
14244, 2857, 908, 2577, 1093, 28487, 28719, 28952, 29184
4077 13 -1
14266, 3602, 1817, 2397, 1507, 28532, 29289, 30047, 30804
4093 13 -1
14288, 2613, 1755, 3060, 1084, 28576, 29134, 29694, 30252
4109 13 -1
14309, 2853, 948, 3335, 1729, 28618, 29249, 29881, 30512
4125 13 -1
14326, 3676, 1359, 2841, 1287, 28651, 29104, 29558, 30011
4141 13 -1
14351, 3667, 1000, 2044, 226, 28701, 29899, 31098, 32296
4157 13 -1
14363, 2006, 853, 2779, 1311, 28725, 29340, 29956, 30571
4173 13 -1
14383, 2895, 1333, 9999, 179, 28766, 32894, 37024, 41152
4189 13 -1
14407, 3496, 899, 2862, 836, 28814, 29162, 29511, 29859
4205 13 -1
14425, 2762, 1033, 2790, 1987, 28849, 29339, 29831, 30321
4221 13 -1
14447, 3173, 1329, 2153, 1302, 28893, 29416, 29940, 30463
4237 13 -1
14465, 2809, 420, 3278, 471, 28930, 29189, 29450, 29709
4253 13 -1
14496, 2378, 152, 3074, 1453, 28991, 29989, 30988, 31986
4269 13 -1
14514, 2916, 1200, 2343, 591, 29028, 29618, 30210, 30800
4285 13 -1
14530, 2700, 1371, 1967, 336, 29060, 29943, 30828, 31711
4301 13 -1
14549, 3059, 849, 2446, 1237, 29097, 29597, 30098, 30598
4317 13 -1
14576, 3305, 1249, 2317, 441, 29152, 30049, 30948, 31845
4333 13 -1
14609, 2804, 841, 2774, 1381, 29218, 29502, 29788, 30072
4349 13 -1
14633, 2332, 778, 3127, 258, 29265, 29922, 30580, 31237
4365 13 -1
14653, 1860, 1501, 2486, 639, 29306, 30049, 30794, 31537
4381 13 -1
14674, 2114, 1865, 1883, 775, 29347, 30007, 30668, 31328
4397 13 -1
14693, 2451, 1395, 3058, 1525, 29386, 29754, 30123, 30491
4413 13 -1
14718, 2321, 1100, 857, 107, 29435, 30663, 31892, 33120
4429 13 -1
14747, 2644, 1459, 3219, 1458, 29493, 29780, 30069, 30356
4445 13 -1
14762, 3795, 826, 3284, 887, 29523, 29808, 30095, 30380
4461 13 -1
14797, 3090, 1736, 2532, 1216, 29594, 30132, 30672, 31210
4477 13 -1
14813, 2496, 343, 2437, 2008, 29625, 30486, 31349, 32210
4493 13 -1
14841, 2879, 460, 4059, 757, 29681, 30419, 31158, 31896
4509 13 -1
14874, 2343, 180, 2507, 1580, 29747, 30528, 31311, 32092
4525 13 -1
14904, 3384, 1668, 9999, 8099, 29808, 36330, 42854, 49376
4541 13 -1
14927, 2913, 1710, 3291, 1202, 29853, 30295, 30739, 31181
4557 13 -1
14954, 3406, 617, 2443, 508, 29907, 30442, 30979, 31514
4573 13 -1
14978, 3173, 1232, 2684, 319, 29956, 30656, 31358, 32058
4589 13 -1
14996, 2284, 863, 2882, 950, 29992, 30334, 30677, 31019
4605 13 -1
15019, 2680, 2, 2272, 328, 30037, 30403, 30771, 31137
4621 13 -1
15042, 3473, 1257, 3297, 978, 30083, 30310, 30538, 30765
4637 13 -1
15060, 1868, 696, 2187, 640, 30120, 30307, 30495, 30682
4653 13 -1
15084, 3643, 538, 2434, 890, 30167, 30947, 31728, 32508
4669 13 -1
15105, 3408, 1404, 1727, 1038, 30209, 31232, 32256, 33279
4685 13 -1
15127, 2885, 1036, 3069, 546, 30254, 30590, 30928, 31264
4701 13 -1
15144, 2553, 1479, 2890, 947, 30287, 30721, 31156, 31590
4717 13 -1
15174, 3323, 635, 2497, 1204, 30348, 31045, 31743, 32440
4733 13 -1
15197, 2864, 416, 2492, 818, 30394, 30780, 31168, 31554
4749 13 -1
15215, 2687, 1235, 9999, 396, 30429, 34504, 38580, 42655
4765 13 -1
15242, 2715, 1415, 3748, 299, 30483, 31557, 32632, 33706
4781 13 -1
15262, 2855, 432, 3132, 1534, 30523, 31212, 31902, 32591
4797 13 -1
15280, 2647, 766, 2990, 1782, 30560, 31239, 31919, 32598
4813 13 -1
15296, 2544, 790, 2279, 622, 30592, 30808, 31025, 31241
4829 13 -1
15318, 2554, 365, 3090, 513, 30635, 30976, 31319, 31660
4845 13 -1
15339, 3165, 1590, 2302, 342, 30677, 31732, 32788, 33843
4861 13 -1
15364, 2884, 1052, 2907, 1459, 30727, 30941, 31157, 31371
4877 13 -1
15387, 3561, 370, 9999, 2684, 30773, 35148, 39525, 43900
4893 13 -1
15404, 2550, 1521, 2864, 1576, 30808, 30992, 31177, 31361
4909 13 -1
15425, 1787, 916, 3206, 1339, 30850, 31770, 32692, 33612
4925 13 -1
15436, 2524, 736, 2860, 250, 30872, 31282, 31694, 32104
4941 13 -1
15467, 3201, 744, 3407, 1148, 30934, 31238, 31544, 31848
4957 13 -1
15498, 1741, 798, 1856, 479, 30995, 31211, 31429, 31645
4973 13 -1
15520, 2225, 1326, 2563, 1591, 31039, 31340, 31642, 31943
4989 13 -1
15550, 3376, 1178, 2624, 796, 31100, 31666, 32234, 32800
5005 13 -1
15571, 1881, 978, 2726, 1498, 31142, 31824, 32507, 33189
5021 13 -1
15588, 2202, 1214, 2978, 530, 31176, 31905, 32636, 33365
5037 13 -1
15607, 3411, 2076, 2400, 1263, 31214, 32125, 33038, 33949
5053 13 -1
15632, 3027, 1473, 3224, 1088, 31263, 31553, 31845, 32135
5069 13 -1
15666, 2116, 434, 3021, 569, 31331, 31850, 32371, 32890
5085 13 -1
15688, 2554, 1212, 2446, 1618, 31375, 31631, 31889, 32145
5101 13 -1
15705, 3159, 1169, 3904, 1103, 31410, 31815, 32221, 32626
5117 13 -1
15725, 3324, 891, 3356, 702, 31450, 31560, 31671, 31781
5133 13 -1
15745, 3274, 1259, 2470, 1891, 31490, 32207, 32926, 33643
5149 13 -1
15772, 3606, 1256, 3491, 1177, 31544, 31640, 31738, 31834
5165 13 -1
15787, 2855, 1420, 9999, 440, 31574, 35635, 39698, 43759
5181 13 -1
15809, 2385, 220, 3033, 571, 31617, 32116, 32616, 33115
5197 13 -1
15825, 2708, 274, 2901, 728, 31650, 31973, 32297, 32620
5213 13 -1
15857, 2609, 115, 3213, 1472, 31713, 32693, 33674, 34654
5229 13 -1
15887, 1947, 1907, 2849, 1259, 31773, 32547, 33323, 34097
5245 13 -1
15910, 4211, 1477, 2724, 1299, 31820, 32652, 33485, 34317
5261 13 -1
15933, 1485, 1251, 3363, 280, 31866, 33290, 34715, 36139
5277 13 -1
15950, 3159, 65, 2932, 139, 31900, 32050, 32201, 32351
5293 13 -1
15972, 2041, 692, 2750, 694, 31943, 32298, 32654, 33009
5309 13 -1
15993, 2734, 1030, 3289, 942, 31986, 32307, 32629, 32950
5325 13 -1
16017, 2614, 76, 1583, 292, 32034, 32657, 33281, 33904
5341 13 -1
16044, 3652, 838, 3143, 1117, 32088, 32481, 32876, 33269
5357 13 -1
16063, 2128, 1185, 1950, 680, 32126, 32467, 32809, 33150
5373 13 -1
16085, 3025, 1394, 2950, 1536, 32169, 32277, 32386, 32494
5389 13 -1
16113, 3279, 1246, 3795, 316, 32225, 32947, 33671, 34393
5405 13 -1
16127, 3489, 1538, 2855, 67, 32253, 33305, 34358, 35410
5421 13 -1
16154, 2166, 1383, 2649, 991, 32307, 32744, 33182, 33619
5437 13 -1
16170, 3220, 1674, 2344, 1000, 32340, 33114, 33890, 34664
5453 13 -1
16206, 3507, 1556, 2198, 463, 32411, 33611, 34813, 36013
5469 13 -1
16232, 3183, 1675, 2595, 1111, 32463, 33038, 33615, 34190
5485 13 -1
16256, 1770, 1025, 2837, 1906, 32512, 33485, 34460, 35433
5501 13 -1
16275, 3068, 928, 2702, 490, 32549, 32950, 33353, 33754
5517 13 -1
16295, 3138, 1205, 2390, 1667, 32589, 33193, 33799, 34403
5533 13 -1
16316, 3280, 1532, 2216, 434, 32632, 33712, 34794, 35874
5549 13 -1
16339, 3104, 1251, 2656, 1605, 32677, 33077, 33479, 33879
5565 13 -1
16365, 2134, 1221, 2303, 1479, 32729, 32942, 33156, 33369
5581 13 -1
16381, 2283, 1749, 2274, 471, 32761, 33404, 34048, 34691
5597 13 -1
16397, 3273, 1031, 2402, 940, 32794, 33274, 33756, 34236
5613 13 -1
16411, 3884, 268, 2574, 1701, 32822, 34193, 35565, 36936
5629 13 -1
16423, 2953, 760, 2447, 1337, 32846, 33387, 33929, 34470
5645 13 -1
16448, 2796, 138, 2837, 1673, 32896, 33683, 34472, 35259
5661 13 -1
16483, 2742, 369, 2900, 535, 32966, 33127, 33290, 33451
5677 13 -1
16503, 3209, 1074, 3438, 2090, 33005, 33627, 34250, 34872
5693 13 -1
16533, 2654, 1043, 2424, 1737, 33066, 33527, 33990, 34451
5709 13 -1
16552, 2912, 1097, 3188, 1201, 33103, 33292, 33483, 33672
5725 13 -1
16566, 3555, 1851, 2744, 1341, 33131, 33791, 34452, 35112
5741 13 -1
16592, 2800, 994, 3072, 778, 33183, 33426, 33671, 33914
5757 13 -1
16604, 3074, 686, 3241, 1851, 33207, 33872, 34539, 35204
5773 13 -1
16627, 2245, 2079, 1982, 911, 33253, 33968, 34684, 35399
5789 13 -1
16645, 2525, 1063, 3290, 523, 33290, 33942, 34595, 35247
5805 13 -1
16662, 2864, 1662, 2581, 673, 33323, 33958, 34595, 35230
5821 13 -1
16680, 2291, 342, 3145, 1460, 33359, 34344, 35331, 36316
5837 13 -1
16704, 2654, 874, 3453, 1557, 33408, 34148, 34890, 35630
5853 13 -1
16728, 3399, 1229, 2478, 1478, 33456, 34040, 34626, 35210
5869 13 -1
16750, 2151, 578, 2322, 1474, 33500, 34033, 34567, 35100
5885 13 -1
16767, 3114, 757, 2449, 1045, 33533, 34009, 34486, 34962
5901 13 -1
16786, 3602, 1313, 2981, 966, 33571, 34054, 34539, 35022
5917 13 -1
16806, 3316, 440, 2435, 1616, 33612, 34640, 35669, 36697
5933 13 -1
16825, 2566, 1481, 2425, 1230, 33650, 33845, 34042, 34237
5949 13 -1
16843, 3092, 1510, 2605, 1267, 33685, 34049, 34415, 34779
5965 13 -1
16871, 2386, 1564, 2978, 1162, 33742, 34238, 34736, 35232
5981 13 -1
16898, 2789, 632, 3438, 1348, 33796, 34478, 35161, 35843
5997 13 -1
16914, 2244, 732, 9999, 59, 33827, 38040, 42255, 46468
6013 13 -1
16941, 3332, 1632, 3087, 1146, 33881, 34246, 34612, 34977
6029 13 -1
16968, 2142, 1249, 2462, 907, 33936, 34266, 34598, 34928
6045 13 -1
16985, 2316, 1007, 3073, 1283, 33969, 34485, 35002, 35518
6061 13 -1
17000, 2036, 1404, 2376, 778, 33999, 34481, 34965, 35447
6077 13 -1
17015, 2845, 1339, 3084, 1216, 34029, 34209, 34391, 34571
6093 13 -1
17036, 2412, 621, 2592, 1532, 34072, 34617, 35163, 35708
6109 13 -1
17060, 2118, 972, 3372, 991, 34119, 34755, 35392, 36028
6125 13 -1
17085, 3294, 697, 3563, 1145, 34169, 34527, 34886, 35244
6141 13 -1
17108, 2592, 720, 183, 8178, 34215, 39148, 44082, 49015
6157 13 -1
17130, 3037, 1239, 3006, 1045, 34259, 34371, 34484, 34596
6173 13 -1
17146, 3222, 2277, 2698, 1341, 34292, 35021, 35752, 36481
6189 13 -1
17167, 3038, 898, 2438, 535, 34334, 34815, 35297, 35778
6205 13 -1
17195, 2455, 2010, 2587, 1480, 34389, 34719, 35051, 35381
6221 13 -1
17212, 2114, 1249, 2636, 1247, 34424, 34685, 34948, 35209
6237 13 -1
17235, 2989, 437, 2833, 1536, 34469, 35096, 35724, 36351
6253 13 -1
17268, 1981, 1204, 2762, 335, 34536, 35360, 36186, 37010
6269 13 -1
17284, 2459, 2331, 2285, 1341, 34567, 35148, 35731, 36312
6285 13 -1
17307, 2686, 677, 3130, 1527, 34613, 35259, 35907, 36553
6301 13 -1
17322, 3458, 1652, 2283, 1080, 34644, 35517, 36391, 37264
6317 13 -1
17350, 2561, 620, 3196, 2093, 34700, 35753, 36808, 37861
6333 13 -1
17371, 2611, 1597, 3397, 1602, 34741, 35136, 35532, 35927
6349 13 -1
17387, 2547, 622, 2599, 1153, 34773, 35064, 35356, 35647
6365 13 -1
17400, 3514, 247, 2653, 884, 34799, 35547, 36297, 37045
6381 13 -1
17426, 2330, 1502, 3216, 1201, 34852, 35445, 36039, 36632
6397 13 -1
17445, 2476, 965, 3012, 1039, 34890, 35194, 35500, 35804
6413 13 -1
17469, 2532, 1129, 2863, 1261, 34937, 35168, 35400, 35631
6429 13 -1
17489, 2811, 439, 3046, 822, 34977, 35285, 35595, 35903
6445 13 -1
17514, 2971, 1276, 3174, 854, 35028, 35340, 35653, 35965
6461 13 -1
17537, 2750, 644, 3040, 760, 35073, 35275, 35479, 35681
6477 13 -1
17561, 3154, 1459, 3120, 933, 35122, 35401, 35682, 35961
6493 13 -1
17583, 3217, 1035, 2589, 1055, 35165, 35488, 35813, 36136
6509 13 -1
17599, 3438, 1096, 2746, 1169, 35197, 35579, 35962, 36344
6525 13 -1
17624, 2814, 1143, 2888, 1269, 35247, 35346, 35447, 35546
6541 13 -1
17643, 2201, 540, 3558, 1459, 35286, 36423, 37562, 38699
6557 13 -1
17670, 3440, 1362, 1556, 739, 35339, 36592, 37846, 39099
6573 13 -1
17693, 3870, 694, 3027, 870, 35385, 35894, 36404, 36913
6589 13 -1
17718, 2544, 731, 2157, 903, 35436, 35715, 35995, 36274
6605 13 -1
17737, 2306, 724, 2682, 651, 35473, 35697, 35922, 36146
6621 13 -1
17761, 3190, 1557, 2767, 1258, 35522, 35882, 36244, 36604
6637 13 -1
17779, 2642, 1018, 3206, 1141, 35558, 35901, 36245, 36588
6653 13 -1
17799, 2613, 847, 3076, 871, 35598, 35841, 36085, 36328
6669 13 -1
17810, 2086, 1419, 2789, 84, 35619, 36637, 37657, 38675
6685 13 -1
17831, 3327, 1076, 1447, 5330, 35661, 38727, 41795, 44861
6701 13 -1
17854, 2832, 1041, 3202, 960, 35708, 35933, 36159, 36384
6717 13 -1
17872, 2226, 1395, 2652, 1138, 35744, 36085, 36427, 36768
6733 13 -1
17894, 3426, 698, 2406, 760, 35788, 36328, 36870, 37410
6749 13 -1
17914, 3036, 1045, 3105, 306, 35828, 36231, 36636, 37039
6765 13 -1
17935, 1943, 1176, 2679, 664, 35869, 36492, 37117, 37740
6781 13 -1
17963, 2269, 728, 2959, 1227, 35925, 36519, 37114, 37708
6797 13 -1
17987, 2961, 1807, 2554, 1114, 35973, 36522, 37073, 37622
6813 13 -1
18017, 2153, 1379, 2138, 1232, 36034, 36114, 36196, 36276
6829 13 -1
18040, 2977, 1336, 2491, 1067, 36079, 36456, 36834, 37211
6845 13 -1
18062, 3555, 912, 1967, 868, 36124, 36939, 37756, 38571
6861 13 -1
18085, 3258, 957, 2318, 1098, 36169, 36709, 37250, 37790
6877 13 -1
18108, 2454, 904, 2978, 1179, 36216, 36615, 37015, 37414
6893 13 -1
18128, 2109, 1157, 2430, 1500, 36256, 36587, 36920, 37251
6909 13 -1
18149, 3219, 1669, 2364, 1669, 36298, 36725, 37153, 37580
6925 13 -1
18170, 3026, 1748, 2653, 1418, 36340, 36691, 37043, 37394
6941 13 -1
18196, 2592, 736, 2401, 1640, 36391, 36938, 37486, 38033
6957 13 -1
18215, 2835, 486, 1881, 985, 36430, 37156, 37883, 38609
6973 13 -1
18238, 3522, 1355, 1898, 775, 36476, 37577, 38680, 39781
6989 13 -1
18269, 3466, 1034, 2500, 551, 36537, 37261, 37986, 38710
7005 13 -1
18288, 2897, 1069, 1739, 1979, 36576, 37609, 38644, 39677
7021 13 -1
18315, 3396, 795, 3186, 490, 36630, 36887, 37145, 37402
7037 13 -1
18344, 2971, 524, 1898, 709, 36687, 37315, 37945, 38573
7053 13 -1
18363, 2702, 896, 3532, 1609, 36725, 37496, 38268, 39039
7069 13 -1
18380, 2398, 478, 2253, 670, 36759, 36927, 37096, 37264
7085 13 -1
18406, 3021, 917, 2777, 1084, 36812, 37017, 37223, 37428
7101 13 -1
18429, 3471, 878, 4066, 485, 36858, 37351, 37846, 38339
7117 13 -1
18452, 2450, 1907, 2717, 1075, 36903, 37452, 38002, 38551
7133 13 -1
18475, 2648, 1101, 2648, 1641, 36949, 37218, 37489, 37758
7149 13 -1
18496, 3104, 928, 2166, 1158, 36992, 37575, 38160, 38743
7165 13 -1
18526, 3034, 1260, 3013, 1993, 37052, 37428, 37806, 38182
7181 13 -1
18548, 3057, 1698, 2348, 673, 37095, 37961, 38829, 39695
7197 13 -1
18573, 2731, 1199, 2611, 502, 37146, 37554, 37963, 38371
7213 13 -1
18604, 2582, 931, 3188, 1398, 37208, 37744, 38281, 38817
7229 13 -1
18632, 3333, 1549, 2980, 1157, 37264, 37636, 38009, 38381
7245 13 -1
18657, 2691, 822, 2920, 931, 37313, 37481, 37651, 37819
7261 13 -1
18677, 2675, 1107, 3464, 623, 37353, 37989, 38626, 39262
7277 13 -1
18697, 3620, 800, 2534, 886, 37394, 37979, 38566, 39151
7293 13 -1
18721, 3349, 666, 2884, 1227, 37441, 37953, 38467, 38979
7309 13 -1
18750, 3014, 886, 2300, 871, 37500, 37864, 38229, 38593
7325 13 -1
18779, 2713, 1034, 2586, 1042, 37557, 37624, 37692, 37759
7341 13 -1
18796, 3160, 1566, 2276, 1115, 37592, 38259, 38927, 39594
7357 13 -1
18813, 2273, 1568, 2994, 784, 37625, 38377, 39130, 39882
7373 13 -1
18836, 3072, 1450, 2504, 1450, 37672, 37955, 38240, 38523
7389 13 -1
18858, 2039, 280, 2479, 59, 37715, 38045, 38376, 38706
7405 13 -1
18889, 2598, 1460, 2864, 386, 37777, 38446, 39117, 39786
7421 13 -1
18900, 2392, 1128, 2846, 577, 37799, 38301, 38804, 39306
7437 13 -1
18922, 2808, 1203, 888, 6052, 37844, 41228, 44613, 47997
7453 13 -1
18946, 3558, 964, 2568, 663, 37891, 38536, 39182, 39827
7469 13 -1
18978, 2565, 1603, 3628, 696, 37956, 38940, 39926, 40910
7485 13 -1
19006, 3558, 998, 2670, 1039, 38011, 38475, 38940, 39404
7501 13 -1
19026, 3309, 1731, 3185, 946, 38051, 38505, 38960, 39414
7517 13 -1
19048, 2917, 889, 2733, 976, 38095, 38230, 38366, 38501
7533 13 -1
19075, 2287, 520, 9999, 345, 38149, 42092, 46036, 49979
7549 13 -1
19106, 2036, 1009, 1830, 1064, 38212, 38342, 38473, 38603
7565 13 -1
19136, 2441, 952, 3162, 1645, 38272, 38978, 39686, 40392
7581 13 -1
19169, 3159, 518, 2136, 1949, 38338, 39564, 40792, 42018
7597 13 -1
19190, 3219, 1369, 2412, 699, 38380, 39118, 39857, 40595
7613 13 -1
19216, 2850, 1770, 4060, 1351, 38432, 39246, 40061, 40875
7629 13 -1
19237, 2944, 96, 3106, 1650, 38473, 39330, 40189, 41046
7645 13 -1
19256, 3141, 1503, 2555, 904, 38511, 39103, 39696, 40288
7661 13 -1
19276, 3230, 1920, 2540, 722, 38552, 39495, 40440, 41383
7677 13 -1
19298, 3306, 1486, 921, 638, 38596, 40212, 41829, 43445
7693 13 -1
19324, 2971, 1139, 2900, 946, 38647, 38778, 38911, 39042
7709 13 -1
19361, 3965, 1114, 2938, 1590, 38721, 39472, 40224, 40975
7725 13 -1
19385, 3068, 516, 2795, 708, 38769, 39001, 39234, 39466
7741 13 -1
19409, 3576, 1367, 4108, 514, 38817, 39509, 40202, 40894
7757 13 -1
19423, 2947, 1105, 1368, 468, 38846, 39953, 41062, 42169
7773 13 -1
19451, 2858, 989, 2404, 666, 38902, 39290, 39679, 40067
7789 13 -1
19482, 2653, 540, 2817, 1270, 38963, 39409, 39857, 40303
7805 13 -1
19503, 2477, 1176, 2598, 678, 39006, 39315, 39625, 39934
7821 13 -1
19528, 2914, 1137, 3111, 820, 39055, 39311, 39569, 39825
7837 13 -1
19553, 3051, 1233, 1949, 1044, 39106, 39751, 40397, 41042
7853 13 -1
19577, 3303, 1442, 2536, 438, 39153, 40038, 40924, 41809
7869 13 -1
19598, 1975, 1353, 1896, 2323, 39196, 39720, 40245, 40769
7885 13 -1
19626, 2804, 567, 2405, 862, 39251, 39597, 39945, 40291
7901 13 -1
19642, 3443, 1569, 2452, 1175, 39283, 39975, 40668, 41360
7917 13 -1
19671, 1653, 1257, 2242, 1366, 39341, 39689, 40039, 40387
7933 13 -1
19690, 3367, 672, 2321, 878, 39380, 40005, 40632, 41257
7949 13 -1
19716, 3241, 1104, 2466, 738, 39431, 40001, 40572, 41142
7965 13 -1
19741, 2822, 1556, 2417, 1150, 39482, 39887, 40293, 40698
7981 13 -1
19777, 2824, 1626, 3066, 225, 39554, 40375, 41197, 42018
7997 13 -1
19801, 2631, 528, 2926, 1269, 39602, 40119, 40638, 41155
8013 13 -1
19837, 3242, 1060, 2826, 965, 39673, 39928, 40184, 40439
8029 13 -1
19864, 2867, 375, 2360, 1688, 39727, 40636, 41547, 42456
8045 13 -1
19890, 2675, 539, 3388, 1645, 39779, 40688, 41598, 42507
8061 13 -1
19916, 3747, 247, 2162, 824, 39832, 40912, 41994, 43074
8077 13 -1
19939, 2172, 1047, 2603, 902, 39878, 40165, 40454, 40741
8093 13 -1
19964, 3526, 1432, 670, 4713, 39928, 42996, 46065, 49133
8109 13 -1
19988, 3563, 1001, 2471, 638, 39976, 40703, 41431, 42158
8125 13 -1
20008, 2042, 1195, 3226, 569, 40016, 40920, 41826, 42730
8141 13 -1
20052, 2906, 1118, 3134, 1282, 40103, 40298, 40495, 40690
8157 13 -1
20075, 2239, 1168, 3083, 1386, 40150, 40680, 41212, 41742
8173 13 -1
20102, 2725, 942, 2519, 1000, 40203, 40334, 40467, 40598
8189 13 -1
20145, 2781, 664, 3251, 703, 40289, 40543, 40798, 41052
8205 13 -1
20172, 2479, 1075, 3090, 1005, 40344, 40684, 41025, 41365
8221 13 -1
20187, 2862, 1557, 2099, 1209, 40374, 40929, 41485, 42040
8237 13 -1
20222, 2952, 796, 2776, 823, 40444, 40545, 40647, 40748
8253 13 -1
20249, 3229, 506, 3046, 1218, 40497, 40944, 41392, 41839
8269 13 -1
20289, 3455, 1133, 2913, 805, 40578, 41012, 41448, 41882
8285 13 -1
20312, 1885, 836, 3005, 1571, 40624, 41551, 42479, 43406
8301 13 -1
20350, 2013, 1305, 2926, 1173, 40699, 41221, 41744, 42266
8317 13 -1
20380, 3356, 1003, 3167, 936, 40759, 40886, 41015, 41142
8333 13 -1
20398, 1833, 1147, 9999, 335, 40796, 45284, 49774, 54262
8349 13 -1
20427, 2598, 1407, 1589, 327, 40854, 41898, 42943, 43987
8365 13 -1
20458, 2163, 906, 2727, 972, 40915, 41229, 41545, 41859
8381 13 -1
20485, 3898, 1299, 3565, 378, 40969, 41595, 42223, 42849
8397 13 -1
20518, 2654, 1697, 3386, 817, 41035, 41840, 42647, 43452
8413 13 -1
20530, 2601, 543, 3261, 1138, 41060, 41687, 42315, 42942
8429 13 -1
20558, 3126, 1289, 2975, 854, 41116, 41408, 41702, 41994
8445 13 -1
20598, 3253, 872, 2277, 1293, 41196, 41894, 42593, 43291
8461 13 -1
20623, 2542, 932, 2276, 629, 41245, 41529, 41814, 42098
8477 13 -1
20647, 2766, 1089, 3022, 675, 41293, 41627, 41963, 42297
8493 13 -1
20699, 2793, 1052, 3190, 1548, 41397, 41843, 42290, 42736
8509 13 -1
20724, 1713, 1047, 2574, 1779, 41447, 42243, 43040, 43836
8525 13 -1
20759, 3127, 926, 2305, 453, 41517, 42164, 42812, 43459
8541 13 -1
20781, 3254, 483, 3266, 887, 41561, 41768, 41977, 42184
8557 13 -1
20802, 1553, 845, 4009, 1894, 41604, 43356, 45109, 46861
8573 13 -1
20832, 3345, 1183, 3560, 644, 41664, 42040, 42418, 42794
8589 13 -1
20859, 2542, 476, 2509, 307, 41717, 41817, 41919, 42019
8605 13 -1
20891, 2097, 502, 2546, 1239, 41782, 42374, 42968, 43560
8621 13 -1
20920, 2391, 50, 3115, 327, 41840, 42340, 42841, 43341
8637 13 -1
20949, 2035, 650, 2846, 914, 41897, 42434, 42972, 43509
8653 13 -1
20983, 3197, 1101, 3121, 448, 41966, 42330, 42695, 43059
8669 13 -1
21018, 3333, 954, 2502, 1566, 42035, 42756, 43478, 44199
8685 13 -1
21048, 2343, 1463, 3483, 1576, 42095, 42721, 43348, 43974
8701 13 -1
21085, 2761, 696, 9999, 347, 42169, 45962, 49756, 53549
8717 13 -1
21113, 1969, 1018, 3322, 920, 42225, 42950, 43676, 44401
8733 13 -1
21132, 3248, 431, 2536, 859, 42264, 42833, 43404, 43973
8749 13 -1
21161, 2680, 1000, 2034, 1138, 42322, 42713, 43106, 43497
8765 13 -1
21194, 2200, 555, 2586, 710, 42387, 42657, 42928, 43198
8781 13 -1
21221, 2857, 1441, 3100, 1627, 42442, 42656, 42871, 43085
8797 13 -1
21244, 3232, 922, 2371, 1276, 42487, 43094, 43702, 44309
8813 13 -1
21274, 2922, 1593, 2685, 1280, 42547, 42821, 43097, 43371
8829 13 -1
21303, 2402, 953, 1258, 6940, 42605, 46170, 49736, 53301
8845 13 -1
21332, 3285, 2183, 3135, 1795, 42664, 42932, 43202, 43470
8861 13 -1
21370, 3167, 968, 2058, 51, 42739, 43751, 44765, 45777
8877 13 -1
21417, 2266, 1072, 2733, 912, 42833, 43146, 43460, 43773
8893 13 -1
21441, 2724, 932, 3147, 1030, 42881, 43141, 43402, 43662
8909 13 -1
21472, 3058, 1909, 2550, 1479, 42944, 43412, 43882, 44350
8925 13 -1
21504, 2764, 81, 3843, 1205, 43007, 44108, 45210, 46311
8941 13 -1
21542, 3296, 1569, 2589, 1043, 43084, 43700, 44317, 44933
8957 13 -1
21582, 2923, 928, 2886, 796, 43164, 43248, 43333, 43417
8973 13 -1
21617, 3076, 1492, 2543, 429, 43234, 44031, 44830, 45627
8989 13 -1
21652, 3437, 1061, 2187, 878, 43304, 44020, 44737, 45453
9005 13 -1
21699, 2848, 354, 2167, 355, 43398, 43738, 44080, 44420
9021 13 -1
21730, 2613, 949, 2781, 1259, 43460, 43698, 43938, 44176
9037 13 -1
21765, 2596, 1065, 3536, 1469, 43530, 44201, 44874, 45545
9053 13 -1
21782, 2683, 1037, 512, 79, 43564, 45128, 46693, 48257
9069 13 -1
21809, 2523, 1073, 2259, 435, 43617, 44067, 44519, 44969
9085 13 -1
21841, 2839, 854, 2249, 885, 43681, 43991, 44302, 44612
9101 13 -1
21877, 3014, 1397, 3300, 2023, 43754, 44209, 44666, 45121
9117 13 -1
21905, 1842, 199, 2927, 1829, 43809, 45166, 46524, 47881
9133 13 -1
21934, 3736, 602, 3286, 1194, 43867, 44387, 44909, 45429
9149 13 -1
21973, 3320, 432, 3171, 910, 43946, 44259, 44573, 44886
9165 13 -1
21999, 2806, 913, 3196, 1817, 43997, 44643, 45291, 45937
9181 13 -1
22019, 3190, 775, 3256, 644, 44037, 44135, 44234, 44332
9197 13 -1
22046, 2306, 649, 2830, 207, 44091, 44573, 45057, 45539
9213 13 -1
22092, 3546, 1762, 3102, 1576, 44183, 44497, 44813, 45127
9229 13 -1
22139, 2013, 1055, 2815, 2033, 44278, 45167, 46058, 46947
9245 13 -1
22165, 3446, 1316, 2406, 1222, 44329, 44895, 45463, 46029
9261 13 -1
22216, 3507, 901, 2301, 1320, 44431, 45243, 46056, 46868
9277 13 -1
22242, 2220, 631, 3305, 651, 44483, 45035, 45588, 46140
9293 13 -1
22292, 2859, 1051, 3451, 1427, 44583, 45066, 45551, 46034
9309 13 -1
22313, 3023, 799, 3407, 439, 44625, 44996, 45369, 45740
9325 13 -1
22390, 3058, 1344, 3416, 660, 44779, 45299, 45821, 46341
9341 13 -1
22415, 2333, 1046, 2482, 1575, 44830, 45168, 45508, 45846
9357 13 -1
22460, 3274, 1435, 2780, 1274, 44919, 45246, 45574, 45901
9373 13 -1
22497, 1725, 1563, 3075, 2119, 44993, 45945, 46899, 47851
9389 13 -1
22542, 3111, 1402, 4160, 744, 45084, 45937, 46791, 47644
9405 13 -1
22571, 3048, 398, 2870, 925, 45141, 45493, 45846, 46198
9421 13 -1
22622, 3092, 1811, 2620, 594, 45244, 46088, 46933, 47777
9437 13 -1
22678, 2832, 834, 3057, 1448, 45355, 45774, 46194, 46613
9453 13 -1
22718, 3110, 531, 2573, 1454, 45435, 46164, 46895, 47624
9469 13 -1
22756, 2715, 2268, 2757, 1364, 45511, 45983, 46457, 46929
9485 13 -1
22808, 3041, 819, 1886, 626, 45615, 46288, 46963, 47636
9501 13 -1
22845, 1605, 717, 3340, 1362, 45690, 46879, 48070, 49259
9517 13 -1
22893, 3001, 1271, 2598, 1034, 45785, 46104, 46425, 46744
9533 13 -1
22947, 3228, 1278, 3354, 1345, 45893, 45989, 46086, 46182
9549 13 -1
22986, 2468, 127, 3437, 1340, 45972, 47062, 48154, 49244
9565 13 -1
23025, 2845, 1577, 3321, 1502, 46050, 46325, 46601, 46876
9581 13 -1
23073, 3639, 616, 3485, 1087, 46146, 46458, 46771, 47083
9597 13 -1
23102, 3374, 1454, 3363, 923, 46203, 46473, 46745, 47015
9613 13 -1
23182, 3654, 1057, 1516, 1250, 46363, 47528, 48694, 49859
9629 13 -1
23221, 2342, 518, 2806, 1462, 46441, 47144, 47849, 48552
9645 13 -1
23258, 1273, 1228, 2091, 643, 46515, 47216, 47918, 48619
9661 13 -1
23308, 2462, 1740, 1891, 531, 46615, 47504, 48395, 49284
9677 13 -1
23361, 2565, 1018, 2283, 1065, 46722, 46886, 47051, 47215
9693 13 -1
23401, 3698, 727, 3178, 1466, 46802, 47431, 48061, 48690
9709 13 -1
23467, 2657, 847, 1863, 1371, 46933, 47591, 48251, 48909
9725 13 -1
23526, 2202, 1480, 4267, 750, 47052, 48449, 49847, 51244
9741 13 -1
23565, 2874, 1211, 2813, 1418, 47130, 47263, 47398, 47531
9757 13 -1
23608, 3482, 1500, 3057, 833, 47216, 47761, 48308, 48853
9773 13 -1
23657, 2817, 1857, 2758, 1352, 47313, 47594, 47877, 48158
9789 13 -1
23722, 2875, 875, 2274, 753, 47443, 47804, 48166, 48527
9805 13 -1
23762, 2536, 1141, 2930, 681, 47524, 47950, 48378, 48804
9821 13 -1
23819, 3209, 81, 2927, 473, 47638, 47974, 48312, 48648
9837 13 -1
23865, 2562, 994, 1985, 1961, 47729, 48500, 49273, 50044
9853 13 -1
23920, 2848, 238, 3283, 936, 47839, 48405, 48972, 49538
9869 13 -1
23969, 2602, 978, 3105, 45, 47938, 48655, 49374, 50091
9885 13 -1
24040, 2980, 276, 3405, 615, 48079, 48460, 48843, 49224
9901 13 -1
24108, 2900, 1710, 2532, 1306, 48216, 48601, 48988, 49373
9917 13 -1
24163, 2893, 767, 2410, 299, 48325, 48800, 49276, 49751
9933 13 -1
24238, 2574, 1596, 3297, 1456, 48475, 48906, 49338, 49769
9949 13 -1
24330, 2816, 617, 2636, 1673, 48659, 49276, 49895, 50512
9965 13 -1
24405, 2703, 1693, 2775, 1380, 48810, 49002, 49195, 49387
9981 13 -1
24527, 2899, 1037, 2736, 1486, 49053, 49358, 49665, 49970
9997 13 -1
24740, 3200, 765, 2908, 939, 49480, 49712, 49946, 50178
