-------------------------------------------------------------------------
TPs satisfied = 194; Total TPs = 625; Percentage Satisfied + 31.0%
-------------------------------------------------------------------------

-------------------------------------------------------------------------

EVs

-------------------------------------------------------------------------
--------------------------------------
EV1
--------------------------------------
Num TPs served = 3
TPs served = 365 541 861
Total energy used = 34818
--------------------------------------
Schedule:
0 4097 6250 6250 6250 6250 0 0 35632 35632 0 4097 0
4097 13686 6250 6250 2261 650 0 1 35632 26043 365 1499 9589
13686 14935 2261 650 3115 255 1 2 26043 24794 861 164 1249
14935 15072 3115 255 3141 366 2 3 24794 24657 541 4081 137
15072 15892 3141 366 2956 1001 3 2 24657 23837 -861 112 820
15892 28831 2956 1001 9999 6897 2 1 23837 10898 -365 339 12939
28831 31675 9999 6897 9999 9741 1 0 10898 8054 -541 3711 2844
31675 42760 9999 9741 9999 9741 0 0 8054 8054 0 11085 0
42760 50000 9999 9741 6250 6250 0 0 8054 814 1000000000 0 7240
--------------------------------------
--------------------------------------
EV2
--------------------------------------
Num TPs served = 5
TPs served = 781 877 1053 1117 1373
Total energy used = 29948
--------------------------------------
Schedule:
0 6899 6250 6250 6250 6250 0 0 35632 35632 0 6899 0
6899 15656 6250 6250 2424 1319 0 1 35632 26875 781 2545 8757
15656 15728 2424 1319 2424 1319 1 1 26875 26875 0 72 0
15728 15969 2424 1319 2567 1221 1 2 26875 26634 1053 332 241
15969 16590 2567 1221 2482 685 2 3 26634 26013 1117 448 621
16590 16725 2482 685 2527 595 3 2 26013 25878 -1053 242 135
16725 18084 2527 595 2758 1723 2 1 25878 24519 -1117 268 1359
18084 18279 2758 1723 2930 1746 1 2 24519 24324 1373 186 195
18279 18423 2930 1746 3063 1735 2 3 24324 24180 877 643 144
18423 19512 3063 1735 3535 1118 3 2 24180 23091 -1373 186 1089
19512 26963 3535 1118 9999 131 2 1 23091 15640 -877 643 7451
26963 27007 9999 131 9999 87 1 0 15640 15596 -781 1 44
27007 40088 9999 87 9999 87 0 0 15596 15596 0 13081 0
40088 50000 9999 87 6250 6250 0 0 15596 5684 1000000000 0 9912
--------------------------------------
--------------------------------------
EV3
--------------------------------------
Num TPs served = 8
TPs served = 893 989 1069 1597 1757 1789 2413 2445
Total energy used = 32456
--------------------------------------
Schedule:
0 7476 6250 6250 6250 6250 0 0 35632 35632 0 7476 0
7476 14883 6250 6250 3093 2000 0 1 35632 28225 893 1389 7407
14883 15069 3093 2000 3093 2000 1 1 28225 28225 0 186 0
15069 15627 3093 2000 2908 1627 1 2 28225 27667 989 380 558
15627 16241 2908 1627 2761 1160 2 3 27667 27053 1069 319 614
16241 16683 2761 1160 3103 1060 3 2 27053 26611 -989 86 442
16683 17241 3103 1060 3168 567 2 1 26611 26053 -1069 319 558
17241 18663 3168 567 1803 510 1 0 26053 24631 -893 389 1422
18663 19191 1803 510 2305 484 0 1 24631 24103 1597 104 528
19191 19749 2305 484 2129 866 1 0 24103 23545 -1597 104 558
19749 20181 2129 866 2439 988 0 1 23545 23113 1757 310 432
20181 20476 2439 988 2460 714 1 2 23113 22818 1789 653 295
20476 21280 2460 714 3118 568 2 1 22818 22014 -1757 310 804
21280 22808 3118 568 3307 1907 1 0 22014 20486 -1789 361 1528
22808 23926 3307 1907 3135 961 0 1 20486 19368 2445 76 1118
23926 24829 3135 961 2304 1033 1 2 19368 18465 2413 2081 903
24829 26123 2304 1033 1584 1607 2 1 18465 17171 -2445 76 1294
26123 33109 1584 1607 141 7150 1 0 17171 10185 -2413 2081 6986
33109 42991 141 7150 141 7150 0 0 10185 10185 0 9882 0
42991 50000 141 7150 6250 6250 0 0 10185 3176 1000000000 0 7009
--------------------------------------
--------------------------------------
EV4
--------------------------------------
Num TPs served = 9
TPs served = 1085 1149 1773 2157 2397 2717 3213 3309 4061
Total energy used = 35500
--------------------------------------
Schedule:
0 8107 6250 6250 6250 6250 0 0 35632 35632 0 8107 0
8107 16165 6250 6250 3407 1035 0 1 35632 27574 1085 950 8058
16165 16799 3407 1035 2795 1013 1 2 27574 26940 1149 90 634
16799 17370 2795 1013 2739 1528 2 1 26940 26369 -1149 90 571
17370 18736 2739 1528 1686 1215 1 0 26369 25003 -1085 280 1366
18736 20425 1686 1215 3099 939 0 1 25003 23314 1773 140 1689
20425 21488 3099 939 2488 1391 1 0 23314 22251 -1773 140 1063
21488 22481 2488 1391 2323 563 0 1 22251 21258 2157 107 993
22481 22841 2323 563 2551 695 1 2 21258 20898 2397 298 360
22841 23685 2551 695 2583 1507 2 1 20898 20054 -2397 298 844
23685 24252 2583 1507 2709 1948 1 0 20054 19487 -2157 107 567
24252 25348 2709 1948 2709 1948 0 0 19487 19487 0 1096 0
25348 25916 2709 1948 2885 1556 0 1 19487 18919 3309 593 568
25916 26080 2885 1556 2855 1422 1 2 18919 18755 3213 80 164
26080 27107 2855 1422 3465 1005 2 1 18755 17728 -3213 80 1027
27107 27391 3465 1005 3528 784 1 2 17728 17444 2717 1582 284
27391 27618 3528 784 3331 814 2 1 17444 17217 -3309 79 227
27618 27919 3331 814 3331 814 1 1 17217 17217 0 301 0
27919 28487 3331 814 2857 908 1 2 17217 16649 4061 232 568
28487 28952 2857 908 2577 1093 2 1 16649 16184 -4061 232 465
28952 37720 2577 1093 595 7879 1 0 16184 7416 -2717 1281 8768
37720 42716 595 7879 595 7879 0 0 7416 7416 0 4996 0
42716 50000 595 7879 6250 6250 0 0 7416 132 1000000000 0 7284
--------------------------------------
--------------------------------------
EV5
--------------------------------------
Num TPs served = 8
TPs served = 1101 1181 1677 2125 2189 2509 2637 3245
Total energy used = 35560
--------------------------------------
Schedule:
0 8836 6250 6250 6250 6250 0 0 35632 35632 0 8836 0
8836 16287 6250 6250 3748 1301 0 1 35632 28181 1101 904 7451
16287 17344 3748 1301 2859 1133 1 2 28181 27124 1181 118 1057
17344 18140 2859 1133 2881 359 2 1 27124 26328 -1101 860 796
18140 18854 2881 359 2257 269 1 0 26328 25614 -1181 74 714
18854 20226 2257 269 3370 528 0 1 25614 24242 1677 266 1372
20226 21565 3370 528 2595 1092 1 2 24242 22903 2125 146 1339
21565 21877 2595 1092 2725 1274 2 1 22903 22591 -2125 146 312
21877 21932 2725 1274 2671 1273 1 2 22591 22536 2189 297 55
21932 22390 2671 1273 2486 1546 2 1 22536 22078 -1677 4 458
22390 22737 2486 1546 2158 1527 1 0 22078 21731 -2189 259 347
22737 23501 2158 1527 2737 1342 0 1 21731 20967 2509 392 764
23501 24395 2737 1342 3456 1517 1 2 20967 20073 2637 660 894
24395 25347 3456 1517 3714 823 2 1 20073 19121 -2509 42 952
25347 27729 3714 823 1957 198 1 0 19121 16739 -2637 144 2382
27729 29578 1957 198 2484 1520 0 1 16739 14890 3245 99 1849
29578 37469 2484 1520 2343 9270 1 0 14890 6999 -3245 99 7891
37469 43073 2343 9270 2343 9270 0 0 6999 6999 0 5604 0
43073 50000 2343 9270 6250 6250 0 0 6999 72 1000000000 0 6927
--------------------------------------
--------------------------------------
EV6
--------------------------------------
Num TPs served = 9
TPs served = 1165 1293 1901 2109 2525 2941 3069 3117 3949
Total energy used = 35014
--------------------------------------
Schedule:
0 8859 6250 6250 6250 6250 0 0 35632 35632 0 8859 0
8859 16685 6250 6250 2740 1934 0 1 35632 27806 1165 604 7826
16685 17590 2740 1934 2652 1117 1 2 27806 26901 1293 707 905
17590 18071 2652 1117 2820 804 2 1 26901 26420 -1165 428 481
18071 19364 2820 804 3751 442 1 0 26420 25127 -1293 707 1293
19364 19598 3751 442 3751 442 0 0 25127 25127 0 234 0
19598 20658 3751 442 3182 933 0 1 25127 24067 1901 717 1060
20658 20964 3182 933 3182 933 1 1 24067 24067 0 306 0
20964 21498 3182 933 3031 1316 1 2 24067 23533 2109 87 534
21498 21674 3031 1316 2961 1210 2 1 23533 23357 -2109 87 176
21674 22611 2961 1210 2029 1215 1 0 23357 22420 -1901 199 937
22611 23631 2029 1215 2946 1112 0 1 22420 21400 2525 297 1020
23631 25033 2946 1112 2605 51 1 0 21400 19998 -2525 297 1402
25033 25499 2605 51 2399 311 0 1 19998 19532 3069 32 466
25499 26208 2399 311 2736 683 1 0 19532 18823 -3069 32 709
26208 26841 2736 683 2946 260 0 1 18823 18190 3117 3684 633
26841 27286 2946 260 3262 131 1 2 18190 17745 2941 1030 445
27286 27616 3262 131 3262 131 2 2 17745 17745 0 330 0
27616 28090 3262 131 3184 527 2 3 17745 17271 3949 188 474
28090 28468 3184 527 3414 675 3 2 17271 16893 -3949 188 378
28468 35236 3414 675 9999 492 2 1 16893 10125 -2941 178 6768
35236 38295 9999 492 9999 3551 1 0 10125 7066 -3117 2574 3059
38295 43552 9999 3551 9999 3551 0 0 7066 7066 0 5257 0
43552 50000 9999 3551 6250 6250 0 0 7066 618 1000000000 0 6448
--------------------------------------
--------------------------------------
EV7
--------------------------------------
Num TPs served = 13
TPs served = 1197 1421 1933 2173 2333 2909 3085 3373 3917 4141 4317 5485 7165
Total energy used = 35300
--------------------------------------
Schedule:
0 8650 6250 6250 6250 6250 0 0 35632 35632 0 8650 0
8650 16794 6250 6250 2998 1358 0 1 35632 27488 1197 444 8144
16794 17684 2998 1358 3379 849 1 0 27488 26598 -1197 444 890
17684 18555 3379 849 3151 1492 0 1 26598 25727 1421 325 871
18555 20083 3151 1492 3004 111 1 0 25727 24199 -1421 325 1528
20083 20970 3004 111 3400 602 0 1 24199 23312 1933 523 887
20970 21815 3400 602 3491 1356 1 2 23312 22467 2173 119 845
21815 22131 3491 1356 3315 1496 2 1 22467 22151 -2173 119 316
22131 22456 3315 1496 3108 1614 1 0 22151 21826 -1933 341 325
22456 23116 3108 1614 3743 1589 0 1 21826 21166 2333 196 660
23116 24818 3743 1589 2999 631 1 0 21166 19464 -2333 196 1702
24818 25205 2999 631 2756 775 0 1 19464 19077 2909 103 387
25205 25405 2756 775 2632 851 1 2 19077 18877 3085 278 200
25405 25477 2632 851 2632 851 2 2 18877 18877 0 72 0
25477 26131 2632 851 2279 1152 2 3 18877 18223 3373 811 654
26131 26389 2279 1152 2190 1321 3 2 18223 17965 -3085 206 258
26389 26569 2190 1321 2025 1306 2 1 17965 17785 -2909 1 180
26569 26669 2025 1306 2025 1306 1 1 17785 17785 0 100 0
26669 27950 2025 1306 3046 1566 1 2 17785 16504 3917 728 1281
27950 28393 3046 1566 3461 1594 2 1 16504 16061 -3373 173 443
28393 28651 3461 1594 3461 1594 1 1 16061 16061 0 258 0
28651 29152 3461 1594 3305 1249 1 2 16061 15560 4317 897 501
29152 29763 3305 1249 3667 1000 2 3 15560 14949 4141 136 611
29763 30034 3667 1000 3721 783 3 2 14949 14678 -3917 102 271
30034 31780 3721 783 2317 441 2 1 14678 12932 -4317 65 1746
31780 32268 2317 441 2044 226 1 0 12932 12444 -4141 28 488
32268 33341 2044 226 1770 1025 0 1 12444 11371 5485 144 1073
33341 35289 1770 1025 2837 1906 1 0 11371 9423 -5485 144 1948
35289 36209 2837 1906 2837 1906 0 0 9423 9423 0 920 0
36209 37052 2837 1906 3034 1260 0 1 9423 8580 7165 376 843
37052 37806 3034 1260 3013 1993 1 0 8580 7826 -7165 376 754
37806 42506 3013 1993 3013 1993 0 0 7826 7826 0 4700 0
42506 50000 3013 1993 6250 6250 0 0 7826 332 1000000000 0 7494
--------------------------------------
--------------------------------------
EV8
--------------------------------------
Num TPs served = 7
TPs served = 1213 1485 2061 2301 2733 3037 3293
Total energy used = 35458
--------------------------------------
Schedule:
0 8450 6250 6250 6250 6250 0 0 35632 35632 0 8450 0
8450 17266 6250 6250 2981 703 0 1 35632 26816 1213 0 8816
17266 18002 2981 703 2774 174 1 0 26816 26080 -1213 0 736
18002 19185 2774 174 2503 1086 0 1 26080 24897 1485 176 1183
19185 21119 2503 1086 3990 639 1 0 24897 22963 -1485 176 1934
21119 21569 3990 639 3569 610 0 1 22963 22513 2061 205 450
21569 22490 3569 610 3016 242 1 0 22513 21592 -2061 205 921
22490 22883 3016 242 2752 371 0 1 21592 21199 2301 44 393
22883 24113 2752 371 3367 986 1 0 21199 19969 -2301 44 1230
24113 24373 3367 986 3367 986 0 0 19969 19969 0 260 0
24373 25088 3367 986 2982 1316 0 1 19969 19254 3037 54 715
25088 25197 2982 1316 2900 1343 1 0 19254 19145 -3037 54 109
25197 25547 2900 1343 2900 1343 0 0 19145 19145 0 350 0
25547 25867 2900 1343 2971 1592 0 1 19145 18825 3293 108 320
25867 26084 2971 1592 3050 1730 1 0 18825 18608 -3293 108 217
26084 26644 3050 1730 3551 1789 0 1 18608 18048 2733 1410 560
26644 34700 3551 1789 9999 181 1 0 18048 9992 -2733 1410 8056
34700 40182 9999 181 9999 181 0 0 9992 9992 0 5482 0
40182 50000 9999 181 6250 6250 0 0 9992 174 1000000000 0 9818
--------------------------------------
--------------------------------------
EV9
--------------------------------------
Num TPs served = 12
TPs served = 1245 1533 1565 2205 2797 2925 3757 4269 4413 5821 6093 6317
Total energy used = 35572
--------------------------------------
Schedule:
0 8534 6250 6250 6250 6250 0 0 35632 35632 0 8534 0
8534 17111 6250 6250 3550 373 0 1 35632 27055 1245 425 8577
17111 18048 3550 373 2650 410 1 0 27055 26118 -1245 425 937
18048 19343 2650 410 2505 1560 0 1 26118 24823 1565 529 1295
19343 19510 2505 1560 2439 1661 1 2 24823 24656 1533 74 167
19510 21294 2439 1661 3730 1168 2 1 24656 22872 -1533 74 1784
21294 21718 3730 1168 3836 850 1 0 22872 22448 -1565 195 424
21718 22296 3836 850 3354 754 0 1 22448 21870 2205 223 578
22296 23463 3354 754 3903 1372 1 0 21870 20703 -2205 223 1167
23463 24838 3903 1372 2891 1735 0 1 20703 19328 2797 204 1375
24838 25297 2891 1735 2778 1389 1 2 19328 18869 2925 297 459
25297 26411 2778 1389 2806 303 2 1 18869 17755 -2797 148 1114
26411 27096 2806 303 2255 169 1 0 17755 17070 -2925 241 685
27096 28039 2255 169 3062 305 0 1 17070 16127 3757 138 943
28039 29080 3062 305 2916 1200 1 2 16127 15086 4269 538 1041
29080 29616 2916 1200 2454 1274 2 1 15086 14550 -3757 138 536
29616 29923 2454 1274 2321 1100 1 2 14550 14243 4413 740 307
29923 30454 2321 1100 2343 591 2 1 14243 13712 -4269 346 531
30454 32424 2343 591 857 107 1 0 13712 11742 -4413 696 1970
32424 34093 857 107 2291 342 0 1 11742 10073 5821 251 1669
34093 34493 2291 342 2412 621 1 2 10073 9673 6093 124 400
34493 34550 2412 621 2412 621 2 2 9673 9673 0 57 0
34550 34700 2412 621 2561 620 2 3 9673 9523 6317 1053 150
34700 35643 2561 620 2592 1532 3 2 9523 8580 -6093 65 943
35643 36268 2592 1532 3145 1460 2 1 8580 7955 -5821 48 625
36268 36952 3145 1460 3196 2093 1 0 7955 7271 -6317 909 684
36952 42789 3196 2093 3196 2093 0 0 7271 7271 0 5837 0
42789 50000 3196 2093 6250 6250 0 0 7271 60 1000000000 0 7211
--------------------------------------
--------------------------------------
EV10
--------------------------------------
Num TPs served = 12
TPs served = 1277 1389 1661 1821 1885 2541 2973 3821 4829 5213 5645 6621
Total energy used = 35400
--------------------------------------
Schedule:
0 9298 6250 6250 6250 6250 0 0 35632 35632 0 9298 0
9298 17287 6250 6250 2473 2038 0 1 35632 27643 1277 509 7989
17287 18041 2473 2038 2557 1368 1 2 27643 26889 1389 369 754
18041 18474 2557 1368 2473 1019 2 1 26889 26456 -1277 341 433
18474 19181 2473 1019 2990 829 1 0 26456 25749 -1389 201 707
19181 19503 2990 829 2876 621 0 1 25749 25427 1661 217 322
19503 20018 2876 621 2751 1011 1 0 25427 24912 -1661 217 515
20018 20053 2751 1011 2751 1011 0 0 24912 24912 0 35 0
20053 20594 2751 1011 2795 1508 0 1 24912 24371 1885 749 541
20594 20777 2795 1508 2869 1399 1 2 24371 24188 1821 9 183
20777 21818 2869 1399 2543 684 2 1 24188 23147 -1821 9 1041
21818 22805 2543 684 1838 966 1 0 23147 22160 -1885 37 987
22805 23618 1838 966 2644 959 0 1 22160 21347 2541 139 813
23618 24597 2644 959 3040 1542 1 0 21347 20368 -2541 139 979
24597 25753 3040 1542 4083 1429 0 1 20368 19212 2973 137 1156
25753 27822 4083 1429 3057 386 1 0 19212 17143 -2973 137 2069
27822 28210 3057 386 2691 408 0 1 17143 16755 3821 157 388
28210 29678 2691 408 1429 202 1 0 16755 15287 -3821 157 1468
29678 30966 1429 202 2554 365 0 1 15287 13999 4829 10 1288
30966 31650 2554 365 3090 513 1 0 13999 13315 -4829 10 684
31650 32529 3090 513 2609 115 0 1 13315 12436 5213 164 879
32529 32686 2609 115 2609 115 1 1 12436 12436 0 157 0
32686 32896 2609 115 2796 138 1 2 12436 12226 5645 787 210
32896 34647 2796 138 3213 1472 2 1 12226 10475 -5213 7 1751
34647 35224 3213 1472 2837 1673 1 0 10475 9898 -5645 35 577
35224 35693 2837 1673 3190 1557 0 1 9898 9429 6621 189 469
35693 36415 3190 1557 2767 1258 1 0 9429 8707 -6621 189 722
36415 41525 2767 1258 2767 1258 0 0 8707 8707 0 5110 0
41525 50000 2767 1258 6250 6250 0 0 8707 232 1000000000 0 8475
--------------------------------------
--------------------------------------
EV11
--------------------------------------
Num TPs served = 14
TPs served = 1309 1725 1997 2237 2557 3261 3341 4637 4797 5437 5469 5805 6285 6461
Total energy used = 35310
--------------------------------------
Schedule:
0 8740 6250 6250 6250 6250 0 0 35632 35632 0 8740 0
8740 17908 6250 6250 2722 610 0 1 35632 26464 1309 71 9168
17908 18907 2722 610 2210 1097 1 0 26464 25465 -1309 71 999
18907 18950 2210 1097 2210 1097 0 0 25465 25465 0 43 0
18950 19767 2210 1097 2653 723 0 1 25465 24648 1725 382 817
19767 20532 2653 723 3186 491 1 0 24648 23883 -1725 382 765
20532 20612 3186 491 3186 491 0 0 23883 23883 0 80 0
20612 21105 3186 491 3049 847 0 1 23883 23390 1997 433 493
21105 21973 3049 847 2245 783 1 0 23390 22522 -1997 433 868
21973 22722 2245 783 2815 962 0 1 22522 21773 2237 316 749
22722 23402 2815 962 2953 1504 1 2 21773 21093 2557 45 680
23402 23638 2953 1504 2916 1703 2 1 21093 20857 -2557 45 236
23638 24770 2916 1703 3927 1824 1 0 20857 19725 -2237 242 1132
24770 26191 3927 1824 3203 1127 0 1 19725 18304 3261 114 1421
26191 26314 3203 1127 3118 1165 1 2 18304 18181 3341 728 123
26314 27312 3118 1165 2566 719 2 1 18181 17183 -3261 38 998
27312 29038 2566 719 1186 1065 1 0 17183 15457 -3341 36 1726
29038 29069 1186 1065 1186 1065 0 0 15457 15457 0 31 0
29069 30120 1186 1065 1868 696 0 1 15457 14406 4637 187 1051
30120 30495 1868 696 2187 640 1 0 14406 14031 -4637 187 375
30495 31081 2187 640 2647 766 0 1 14031 13445 4797 158 586
31081 32440 2647 766 2990 1782 1 0 13445 12086 -4797 158 1359
32440 32740 2990 1782 3183 1675 0 1 12086 11786 5469 298 300
32740 32778 3183 1675 3220 1674 1 2 11786 11748 5437 336 38
32778 32955 3220 1674 3220 1674 2 2 11748 11748 0 177 0
32955 33323 3220 1674 2864 1662 2 3 11748 11380 5805 635 368
33323 34143 2864 1662 2595 1111 3 2 11380 10560 -5469 47 820
34143 34505 2595 1111 2344 1000 2 1 10560 10198 -5437 159 362
34505 35069 2344 1000 2581 673 1 0 10198 9634 -5805 161 564
35069 35178 2581 673 2686 677 0 1 9634 9525 6285 81 109
35178 35275 2686 677 2750 644 1 2 9525 9428 6461 0 97
35275 35681 2750 644 3040 760 2 1 9428 9022 -6461 0 406
35681 36538 3040 760 3130 1527 1 0 9022 8165 -6285 15 857
36538 42157 3130 1527 3130 1527 0 0 8165 8165 0 5619 0
42157 50000 3130 1527 6250 6250 0 0 8165 322 1000000000 0 7843
--------------------------------------
--------------------------------------
EV12
--------------------------------------
Num TPs served = 15
TPs served = 1325 1437 1741 2013 2221 2477 2621 3469 3901 4445 4573 5325 6349 6637 6701
Total energy used = 35554
--------------------------------------
Schedule:
0 8902 6250 6250 6250 6250 0 0 35632 35632 0 8902 0
8902 17581 6250 6250 2886 935 0 1 35632 26953 1325 60 8679
17581 17702 2886 935 2881 1051 1 0 26953 26832 -1325 60 121
17702 18513 2881 1051 3019 1724 0 1 26832 26021 1437 237 811
18513 19677 3019 1724 3986 1527 1 0 26021 24857 -1437 237 1164
19677 20399 3986 1527 3282 1509 0 1 24857 24135 1741 221 722
20399 20541 3282 1509 3282 1509 1 1 24135 24135 0 142 0
20541 21147 3282 1509 3277 908 1 2 24135 23529 2013 455 606
21147 22086 3277 908 2734 512 2 1 23529 22590 -1741 79 939
22086 22272 2734 512 2725 689 1 2 22590 22404 2221 65 186
22272 22434 2725 689 2574 700 2 1 22404 22242 -2013 79 162
22434 22975 2574 700 2218 515 1 0 22242 21701 -2221 43 541
22975 23315 2218 515 2427 646 0 1 21701 21361 2477 26 340
23315 23952 2427 646 2651 1059 1 0 21361 20724 -2477 26 637
23952 24328 2651 1059 2783 1303 0 1 20724 20348 2621 212 376
24328 26217 2783 1303 1210 987 1 0 20348 18459 -2621 212 1889
26217 26673 1210 987 1613 1040 0 1 18459 18003 3469 631 456
26673 26727 1613 1040 1613 1040 1 1 18003 18003 0 54 0
26727 27905 1613 1040 2775 1056 1 2 18003 16825 3901 478 1178
27905 28507 2775 1056 3191 1242 2 1 16825 16223 -3469 577 602
28507 29234 3191 1242 3463 787 1 0 16223 15496 -3901 106 727
29234 29605 3463 787 3795 826 0 1 15496 15125 4445 203 371
29605 30177 3795 826 3284 887 1 0 15125 14553 -4445 203 572
30177 30633 3284 887 3173 1232 0 1 14553 14097 4573 23 456
30633 32035 3173 1232 2684 319 1 0 14097 12695 -4573 23 1402
32035 32348 2684 319 2614 76 0 1 12695 12382 5325 309 313
32348 33595 2614 76 1583 292 1 0 12382 11135 -5325 309 1247
33595 34889 1583 292 2547 622 0 1 11135 9841 6349 175 1294
34889 35472 2547 622 2599 1153 1 0 9841 9258 -6349 175 583
35472 35650 2599 1153 2642 1018 0 1 9258 9080 6637 251 178
35650 35863 2642 1018 2832 1041 1 2 9080 8867 6701 70 213
35863 36314 2832 1041 3202 960 2 1 8867 8416 -6701 70 451
36314 36499 3202 960 3206 1141 1 0 8416 8231 -6637 89 185
36499 41847 3206 1141 3206 1141 0 0 8231 8231 0 5348 0
41847 50000 3206 1141 6250 6250 0 0 8231 78 1000000000 0 8153
--------------------------------------
--------------------------------------
EV13
--------------------------------------
Num TPs served = 11
TPs served = 1341 1693 2077 2701 2877 3005 3229 3357 4013 4029 4685
Total energy used = 35506
--------------------------------------
Schedule:
0 10106 6250 6250 6250 6250 0 0 35632 35632 0 10106 0
10106 17706 6250 6250 3553 1347 0 1 35632 28032 1341 577 7600
17706 18861 3553 1347 3690 2365 1 0 28032 26877 -1341 577 1155
18861 20008 3690 2365 2826 2082 0 1 26877 25730 1693 52 1147
20008 20942 2826 2082 2889 1211 1 0 25730 24796 -1693 52 934
20942 22033 2889 1211 2899 130 0 1 24796 23705 2077 14 1091
22033 23406 2899 130 2343 947 1 0 23705 22332 -2077 14 1373
23406 23957 2343 947 2196 1351 0 1 22332 21781 2701 391 551
23957 24274 2196 1351 2196 1351 1 1 21781 21781 0 317 0
24274 24559 2196 1351 2230 1100 1 2 21781 21496 2877 411 285
24559 24623 2230 1100 2230 1100 2 2 21496 21496 0 64 0
24623 24986 2230 1100 2542 1049 2 3 21496 21133 3005 375 363
24986 25195 2542 1049 2727 1025 3 2 21133 20924 -2701 10 209
25195 25597 2727 1025 2778 1376 2 1 20924 20522 -2877 197 402
25597 25786 2778 1376 2884 1459 1 0 20522 20333 -3005 327 189
25786 25809 2884 1459 2884 1459 0 0 20333 20333 0 23 0
25809 26074 2884 1459 2700 1540 0 1 20333 20068 3357 122 265
26074 26320 2700 1540 2575 1419 1 0 20068 19822 -3357 122 246
26320 27575 2575 1419 2575 1419 0 0 19822 19822 0 1255 0
27575 28337 2575 1419 2004 1610 0 1 19822 19060 4013 453 762
28337 28459 2004 1610 1949 1543 1 2 19060 18938 3229 1687 122
28459 28874 1949 1543 2250 1657 2 3 18938 18523 4029 108 415
28874 29583 2250 1657 2617 1315 3 2 18523 17814 -4013 115 709
29583 30044 2617 1315 2757 994 2 1 17814 17353 -4029 108 461
30044 30084 2757 994 2757 994 1 1 17353 17353 0 40 0
30084 30254 2757 994 2885 1036 1 2 17353 17183 4685 336 170
30254 30928 2885 1036 3069 546 2 1 17183 16509 -4685 336 674
30928 37989 3069 546 9999 677 1 0 16509 9448 -3229 1073 7061
37989 40678 9999 677 9999 677 0 0 9448 9448 0 2689 0
40678 50000 9999 677 6250 6250 0 0 9448 126 1000000000 0 9322
--------------------------------------
--------------------------------------
EV14
--------------------------------------
Num TPs served = 13
TPs served = 1357 1453 1709 1869 2589 3101 3805 4253 4765 5389 5613 5917 6237
Total energy used = 34884
--------------------------------------
Schedule:
0 9776 6250 6250 6250 6250 0 0 35632 35632 0 9776 0
9776 17778 6250 6250 2427 2071 0 1 35632 27630 1357 690 8002
17778 18480 2427 2071 2327 1469 1 2 27630 26928 1453 213 702
18480 19418 2327 1469 3211 1415 2 1 26928 25990 -1453 213 938
19418 19504 3211 1415 3225 1487 1 0 25990 25904 -1357 346 86
19504 19702 3225 1487 3225 1487 0 0 25904 25904 0 198 0
19702 20495 3225 1487 3220 2275 0 1 25904 25111 1869 533 793
20495 20533 3220 2275 3209 2248 1 2 25111 25073 1709 176 38
20533 21562 3209 2248 2849 1579 2 1 25073 24044 -1869 533 1029
21562 22651 2849 1579 1809 1628 1 0 24044 22955 -1709 78 1089
22651 23933 1809 1628 3057 1662 0 1 22955 21673 2589 74 1282
23933 25046 3057 1662 3262 754 1 0 21673 20560 -2589 74 1113
25046 25909 3262 754 2588 565 0 1 20560 19697 3101 138 863
25909 27413 2588 565 2082 1563 1 0 19697 18193 -3101 138 1504
27413 28112 2082 1563 1835 1111 0 1 18193 17494 3805 358 699
28112 29614 1835 1111 2378 152 1 2 17494 15992 4253 375 1502
29614 29941 2378 152 2681 176 2 1 15992 15665 -3805 310 327
29941 31214 2681 176 2715 1415 1 2 15665 14392 4765 343 1273
31214 31611 2715 1415 3074 1453 2 1 14392 13995 -4253 375 397
31611 31813 3074 1453 3074 1453 1 1 13995 13995 0 202 0
31813 32225 3074 1453 3279 1246 1 2 13995 13583 5389 722 412
32225 33641 3279 1246 3748 299 2 1 13583 12167 -4765 65 1416
33641 33808 3748 299 3884 268 1 2 12167 12000 5613 385 167
33808 33945 3884 268 3795 316 2 1 12000 11863 -5389 448 137
33945 34548 3795 316 3316 440 1 2 11863 11260 5917 92 603
34548 34878 3316 440 2989 437 2 3 11260 10930 6237 218 330
34878 36133 2989 437 2833 1536 3 2 10930 9675 -6237 218 1255
36133 36611 2833 1536 2435 1616 2 1 9675 9197 -5917 86 478
36611 36835 2435 1616 2574 1701 1 0 9197 8973 -5613 101 224
36835 41775 2574 1701 2574 1701 0 0 8973 8973 0 4940 0
41775 50000 2574 1701 6250 6250 0 0 8973 748 1000000000 0 8225
--------------------------------------
--------------------------------------
EV15
--------------------------------------
Num TPs served = 12
TPs served = 1469 1805 2141 2253 2685 3133 3629 4077 4845 4893 6045 6749
Total energy used = 35414
--------------------------------------
Schedule:
0 9895 6250 6250 6250 6250 0 0 35632 35632 0 9895 0
9895 18326 6250 6250 2731 1338 0 1 35632 27201 1469 370 8431
18326 19067 2731 1338 3324 1486 1 0 27201 26460 -1469 370 741
19067 19330 3324 1486 3324 1486 0 0 26460 26460 0 263 0
19330 20218 3324 1486 2541 1591 0 1 26460 25572 1805 489 888
20218 21197 2541 1591 3200 1271 1 0 25572 24593 -1805 489 979
21197 21631 3200 1271 3461 1444 0 1 24593 24159 2141 281 434
21631 22236 3461 1444 2862 1438 1 0 24159 23554 -2141 281 605
22236 22504 2862 1438 2973 1281 0 1 23554 23286 2253 34 268
22504 23347 2973 1281 2651 760 1 0 23286 22443 -2253 34 843
23347 24068 2651 760 2790 178 0 1 22443 21722 2685 293 721
24068 25115 2790 178 3728 69 1 0 21722 20675 -2685 293 1047
25115 26352 3728 69 2529 31 0 1 20675 19438 3133 205 1237
26352 26422 2529 31 2529 31 1 1 19438 19438 0 70 0
26422 26986 2529 31 2787 337 1 2 19438 18874 3629 674 564
26986 28336 2787 337 3248 1226 2 1 18874 17524 -3629 674 1350
28336 28710 3248 1226 3589 1259 1 0 17524 17150 -3133 135 374
28710 29281 3589 1259 3602 1817 0 1 17150 16579 4077 8 571
29281 30796 3602 1817 2397 1507 1 0 16579 15064 -4077 8 1515
30796 30963 2397 1507 2550 1521 0 1 15064 14897 4893 29 167
30963 31332 2550 1521 2864 1576 1 0 14897 14528 -4893 29 369
31332 31647 2864 1576 3165 1590 0 1 14528 14213 4845 85 315
31647 33758 3165 1590 2302 342 1 0 14213 12102 -4845 85 2111
33758 34437 2302 342 2316 1007 0 1 12102 11423 6045 48 679
34437 35470 2316 1007 3073 1283 1 0 11423 10390 -6045 48 1033
35470 35553 3073 1283 3073 1283 0 0 10390 10390 0 83 0
35553 35828 3073 1283 3036 1045 0 1 10390 10115 6749 403 275
35828 36636 3036 1045 3105 306 1 0 10115 9307 -6749 403 808
36636 40911 3105 306 3105 306 0 0 9307 9307 0 4275 0
40911 50000 3105 306 6250 6250 0 0 9307 218 1000000000 0 9089
--------------------------------------
--------------------------------------
EV16
--------------------------------------
Num TPs served = 15
TPs served = 1501 1613 1917 2029 2573 2893 3149 3661 4349 4781 5133 5773 6781 6877 7053
Total energy used = 35410
--------------------------------------
Schedule:
0 9621 6250 6250 6250 6250 0 0 35632 35632 0 9621 0
9621 18508 6250 6250 2302 1311 0 1 35632 26745 1501 174 8887
18508 18857 2302 1311 2575 1235 1 0 26745 26396 -1501 174 349
18857 19349 2575 1235 2699 867 0 1 26396 25904 1613 159 492
19349 20135 2699 867 3188 1164 1 0 25904 25118 -1613 159 786
20135 20420 3188 1164 3188 1164 0 0 25118 25118 0 285 0
20420 20736 3188 1164 2933 1103 0 1 25118 24802 1917 70 316
20736 20878 2933 1103 2947 975 1 0 24802 24660 -1917 70 142
20878 21658 2947 975 2871 271 0 1 24660 23880 2029 228 780
21658 23008 2871 271 3756 736 1 0 23880 22530 -2029 228 1350
23008 24091 3756 736 3163 246 0 1 22530 21447 2573 6 1083
24091 24856 3163 246 2577 425 1 2 21447 20682 2893 353 765
24856 25500 2577 425 2540 1032 2 1 20682 20038 -2573 6 644
25500 25934 2540 1032 2851 909 1 2 20038 19604 3149 123 434
25934 26345 2851 909 3040 1131 2 1 19604 19193 -2893 33 411
26345 27104 3040 1131 3279 1651 1 0 19193 18434 -3149 123 759
27104 27578 3279 1651 3045 1891 0 1 18434 17960 3661 322 474
27578 29404 3045 1891 2332 778 1 2 17960 16134 4349 518 1826
29404 29561 2332 778 2418 849 2 1 16134 15977 -3661 8 157
29561 29669 2418 849 2418 849 1 1 15977 15977 0 108 0
29669 30523 2418 849 2855 432 1 2 15977 15123 4781 689 854
30523 30969 2855 432 3127 258 2 1 15123 14677 -4349 268 446
30969 32117 3127 258 3274 1259 1 2 14677 13529 5133 90 1148
32117 32534 3274 1259 3132 1534 2 1 13529 13112 -4781 57 417
32534 33553 3132 1534 2470 1891 1 0 13112 12093 -5133 90 1019
33553 33966 2470 1891 2245 2079 0 1 12093 11680 5773 2 413
33966 35397 2245 2079 1982 911 1 0 11680 10249 -5773 2 1431
35397 35455 1982 911 1982 911 0 0 10249 10249 0 58 0
35455 35925 1982 911 2269 728 0 1 10249 9779 6781 594 470
35925 36286 2269 728 2454 904 1 2 9779 9418 6877 329 361
36286 36469 2454 904 2454 904 2 2 9418 9418 0 183 0
36469 36725 2454 904 2702 896 2 3 9418 9162 7053 771 256
36725 37284 2702 896 2978 1179 3 2 9162 8603 -6877 130 559
37284 37351 2978 1179 2959 1227 2 1 8603 8536 -6781 357 67
37351 38306 2959 1227 3532 1609 1 0 8536 7581 -7053 733 955
38306 42641 3532 1609 3532 1609 0 0 7581 7581 0 4335 0
42641 50000 3532 1609 6250 6250 0 0 7581 222 1000000000 0 7359
--------------------------------------
--------------------------------------
EV17
--------------------------------------
Num TPs served = 15
TPs served = 1517 1581 1949 2429 2749 3421 3613 3869 4461 5021 5293 5757 6301 6829 8141
Total energy used = 35380
--------------------------------------
Schedule:
0 10797 6250 6250 6250 6250 0 0 35632 35632 0 10797 0
10797 18562 6250 6250 3491 1244 0 1 35632 27867 1517 613 7765
18562 19147 3491 1244 3099 1051 1 2 27867 27282 1581 273 585
19147 20031 3099 1051 2336 1172 2 1 27282 26398 -1517 371 884
20031 20340 2336 1172 2293 906 1 0 26398 26089 -1581 31 309
20340 21180 2293 906 2492 1547 0 1 26089 25249 1949 269 840
21180 22310 2492 1547 3349 1274 1 0 25249 24119 -1949 269 1130
22310 22967 3349 1274 2818 1148 0 1 24119 23462 2429 157 657
22967 23522 2818 1148 2580 1465 1 0 23462 22907 -2429 157 555
23522 24391 2580 1465 2470 706 0 1 22907 22038 2749 361 869
24391 25694 2470 706 3615 864 1 0 22038 20735 -2749 361 1303
25694 26381 3615 864 3575 217 0 1 20735 20048 3421 458 687
26381 27158 3575 217 3013 432 1 2 20048 19271 3613 267 777
27158 27484 3013 432 2781 526 2 1 19271 18945 -3421 458 326
27484 28117 2781 526 2647 1025 1 0 18945 18312 -3613 267 633
28117 28407 2647 1025 2391 1059 0 1 18312 18022 3869 21 290
28407 29662 2391 1059 2825 1880 1 0 18022 16767 -3869 21 1255
29662 30071 2825 1880 3090 1736 0 1 16767 16358 4461 61 409
30071 31149 3090 1736 2532 1216 1 0 16358 15280 -4461 61 1078
31149 31481 2532 1216 2202 1214 0 1 15280 14948 5021 424 332
31481 32164 2202 1214 2041 692 1 2 14948 14265 5293 134 683
32164 32875 2041 692 2750 694 2 1 14265 13554 -5293 134 711
32875 33267 2750 694 2978 530 1 0 13554 13162 -5021 98 392
33267 33519 2978 530 3074 686 0 1 13162 12910 5757 353 252
33519 34851 3074 686 3241 1851 1 0 12910 11578 -5757 353 1332
34851 35267 3241 1851 3458 1652 0 1 11578 11162 6301 250 416
35267 35282 3458 1652 3458 1652 1 1 11162 11162 0 15 0
35282 36079 3458 1652 2977 1336 1 2 11162 10365 6829 377 797
36079 36834 2977 1336 2491 1067 2 1 10365 9610 -6829 377 755
36834 37055 2491 1067 2283 1080 1 0 9610 9389 -6301 209 221
37055 39442 2283 1080 2283 1080 0 0 9389 9389 0 2387 0
39442 40103 2283 1080 2906 1118 0 1 9389 8728 8141 195 661
40103 40495 2906 1118 3134 1282 1 0 8728 8336 -8141 195 392
40495 41916 3134 1282 3134 1282 0 0 8336 8336 0 1421 0
41916 50000 3134 1282 6250 6250 0 0 8336 252 1000000000 0 8084
--------------------------------------
--------------------------------------
EV18
--------------------------------------
Num TPs served = 13
TPs served = 1549 1629 1965 2045 2765 3053 3581 4093 4669 5261 6029 7021 7293
Total energy used = 35538
--------------------------------------
Schedule:
0 10541 6250 6250 6250 6250 0 0 35632 35632 0 10541 0
10541 18761 6250 6250 3245 1035 0 1 35632 27412 1549 662 8220
18761 18779 3245 1035 3245 1035 1 1 27412 27412 0 18 0
18779 19216 3245 1035 3062 1289 1 2 27412 26975 1629 198 437
19216 19613 3062 1289 2830 1124 2 1 26975 26578 -1629 198 397
19613 20612 2830 1124 2462 493 1 0 26578 25579 -1549 136 999
20612 20697 2462 493 2462 493 0 0 25579 25579 0 85 0
20697 20960 2462 493 2213 507 0 1 25579 25316 1965 226 263
20960 21147 2213 507 2213 507 1 1 25316 25316 0 187 0
21147 21270 2213 507 2119 478 1 2 25316 25193 2045 707 123
21270 21601 2119 478 1880 386 2 1 25193 24862 -1965 39 331
21601 23348 1880 386 2866 1147 1 0 24862 23115 -2045 45 1747
23348 23863 2866 1147 2866 1147 0 0 23115 23115 0 515 0
23863 24159 2866 1147 2966 951 0 1 23115 22819 2765 288 296
24159 24737 2966 951 2855 1418 1 0 22819 22241 -2765 288 578
24737 25454 2855 1418 2611 945 0 1 22241 21524 3053 70 717
25454 26251 2611 945 2482 277 1 0 21524 20727 -3053 70 797
26251 27366 2482 277 1945 855 0 1 20727 19612 3581 42 1115
27366 28514 1945 855 2565 1383 1 0 19612 18464 -3581 42 1148
28514 28934 2565 1383 2613 1755 0 1 18464 18044 4093 200 420
28934 30052 2613 1755 3060 1084 1 0 18044 16926 -4093 200 1118
30052 30720 3060 1084 3408 1404 0 1 16926 16258 4669 512 668
30720 32796 3408 1404 1485 1251 1 2 16258 14182 5261 494 2076
32796 33251 1485 1251 1727 1038 2 1 14182 13727 -4669 28 455
33251 33310 1727 1038 1727 1038 1 1 13727 13727 0 59 0
33310 33936 1727 1038 2142 1249 1 2 13727 13101 6029 330 626
33936 34598 2142 1249 2462 907 2 1 13101 12439 -6029 330 662
34598 36126 2462 907 3363 280 1 0 12439 10911 -5261 13 1528
36126 36674 3363 280 3396 795 0 1 10911 10363 7021 213 548
36674 37189 3396 795 3186 490 1 0 10363 9848 -7021 213 515
37189 37528 3186 490 3349 666 0 1 9848 9509 7293 425 339
37528 38554 3349 666 2884 1227 1 0 9509 8483 -7293 425 1026
38554 41611 2884 1227 2884 1227 0 0 8483 8483 0 3057 0
41611 50000 2884 1227 6250 6250 0 0 8483 94 1000000000 0 8389
--------------------------------------

-------------------------------------------------------------------------

TPs

-------------------------------------------------------------------------

----------------------
TP13 not allocated
----------------------

----------------------
TP29 not allocated
----------------------

----------------------
TP45 not allocated
----------------------

----------------------
TP61 not allocated
----------------------

----------------------
TP77 not allocated
----------------------

----------------------
TP93 not allocated
----------------------

----------------------
TP109 not allocated
----------------------

----------------------
TP125 not allocated
----------------------

----------------------
TP141 not allocated
----------------------

----------------------
TP157 not allocated
----------------------

----------------------
TP173 not allocated
----------------------

----------------------
TP189 not allocated
----------------------

----------------------
TP205 not allocated
----------------------

----------------------
TP221 not allocated
----------------------

----------------------
TP237 not allocated
----------------------

----------------------
TP253 not allocated
----------------------

----------------------
TP269 not allocated
----------------------

----------------------
TP285 not allocated
----------------------

----------------------
TP301 not allocated
----------------------

----------------------
TP317 not allocated
----------------------

----------------------
TP333 not allocated
----------------------

----------------------
TP349 not allocated
----------------------

----------------------
TP365 allocated to 1
----------------------

----------------------
TP381 not allocated
----------------------

----------------------
TP397 not allocated
----------------------

----------------------
TP413 not allocated
----------------------

----------------------
TP429 not allocated
----------------------

----------------------
TP445 not allocated
----------------------

----------------------
TP461 not allocated
----------------------

----------------------
TP477 not allocated
----------------------

----------------------
TP493 not allocated
----------------------

----------------------
TP509 not allocated
----------------------

----------------------
TP525 not allocated
----------------------

----------------------
TP541 allocated to 1
----------------------

----------------------
TP557 not allocated
----------------------

----------------------
TP573 not allocated
----------------------

----------------------
TP589 not allocated
----------------------

----------------------
TP605 not allocated
----------------------

----------------------
TP621 not allocated
----------------------

----------------------
TP637 not allocated
----------------------

----------------------
TP653 not allocated
----------------------

----------------------
TP669 not allocated
----------------------

----------------------
TP685 not allocated
----------------------

----------------------
TP701 not allocated
----------------------

----------------------
TP717 not allocated
----------------------

----------------------
TP733 not allocated
----------------------

----------------------
TP749 not allocated
----------------------

----------------------
TP765 not allocated
----------------------

----------------------
TP781 allocated to 2
----------------------

----------------------
TP797 not allocated
----------------------

----------------------
TP813 not allocated
----------------------

----------------------
TP829 not allocated
----------------------

----------------------
TP845 not allocated
----------------------

----------------------
TP861 allocated to 1
----------------------

----------------------
TP877 allocated to 2
----------------------

----------------------
TP893 allocated to 3
----------------------

----------------------
TP909 not allocated
----------------------

----------------------
TP925 not allocated
----------------------

----------------------
TP941 not allocated
----------------------

----------------------
TP957 not allocated
----------------------

----------------------
TP973 not allocated
----------------------

----------------------
TP989 allocated to 3
----------------------

----------------------
TP1005 not allocated
----------------------

----------------------
TP1021 not allocated
----------------------

----------------------
TP1037 not allocated
----------------------

----------------------
TP1053 allocated to 2
----------------------

----------------------
TP1069 allocated to 3
----------------------

----------------------
TP1085 allocated to 4
----------------------

----------------------
TP1101 allocated to 5
----------------------

----------------------
TP1117 allocated to 2
----------------------

----------------------
TP1133 not allocated
----------------------

----------------------
TP1149 allocated to 4
----------------------

----------------------
TP1165 allocated to 6
----------------------

----------------------
TP1181 allocated to 5
----------------------

----------------------
TP1197 allocated to 7
----------------------

----------------------
TP1213 allocated to 8
----------------------

----------------------
TP1229 not allocated
----------------------

----------------------
TP1245 allocated to 9
----------------------

----------------------
TP1261 not allocated
----------------------

----------------------
TP1277 allocated to 10
----------------------

----------------------
TP1293 allocated to 6
----------------------

----------------------
TP1309 allocated to 11
----------------------

----------------------
TP1325 allocated to 12
----------------------

----------------------
TP1341 allocated to 13
----------------------

----------------------
TP1357 allocated to 14
----------------------

----------------------
TP1373 allocated to 2
----------------------

----------------------
TP1389 allocated to 10
----------------------

----------------------
TP1405 not allocated
----------------------

----------------------
TP1421 allocated to 7
----------------------

----------------------
TP1437 allocated to 12
----------------------

----------------------
TP1453 allocated to 14
----------------------

----------------------
TP1469 allocated to 15
----------------------

----------------------
TP1485 allocated to 8
----------------------

----------------------
TP1501 allocated to 16
----------------------

----------------------
TP1517 allocated to 17
----------------------

----------------------
TP1533 allocated to 9
----------------------

----------------------
TP1549 allocated to 18
----------------------

----------------------
TP1565 allocated to 9
----------------------

----------------------
TP1581 allocated to 17
----------------------

----------------------
TP1597 allocated to 3
----------------------

----------------------
TP1613 allocated to 16
----------------------

----------------------
TP1629 allocated to 18
----------------------

----------------------
TP1645 not allocated
----------------------

----------------------
TP1661 allocated to 10
----------------------

----------------------
TP1677 allocated to 5
----------------------

----------------------
TP1693 allocated to 13
----------------------

----------------------
TP1709 allocated to 14
----------------------

----------------------
TP1725 allocated to 11
----------------------

----------------------
TP1741 allocated to 12
----------------------

----------------------
TP1757 allocated to 3
----------------------

----------------------
TP1773 allocated to 4
----------------------

----------------------
TP1789 allocated to 3
----------------------

----------------------
TP1805 allocated to 15
----------------------

----------------------
TP1821 allocated to 10
----------------------

----------------------
TP1837 not allocated
----------------------

----------------------
TP1853 not allocated
----------------------

----------------------
TP1869 allocated to 14
----------------------

----------------------
TP1885 allocated to 10
----------------------

----------------------
TP1901 allocated to 6
----------------------

----------------------
TP1917 allocated to 16
----------------------

----------------------
TP1933 allocated to 7
----------------------

----------------------
TP1949 allocated to 17
----------------------

----------------------
TP1965 allocated to 18
----------------------

----------------------
TP1981 not allocated
----------------------

----------------------
TP1997 allocated to 11
----------------------

----------------------
TP2013 allocated to 12
----------------------

----------------------
TP2029 allocated to 16
----------------------

----------------------
TP2045 allocated to 18
----------------------

----------------------
TP2061 allocated to 8
----------------------

----------------------
TP2077 allocated to 13
----------------------

----------------------
TP2093 not allocated
----------------------

----------------------
TP2109 allocated to 6
----------------------

----------------------
TP2125 allocated to 5
----------------------

----------------------
TP2141 allocated to 15
----------------------

----------------------
TP2157 allocated to 4
----------------------

----------------------
TP2173 allocated to 7
----------------------

----------------------
TP2189 allocated to 5
----------------------

----------------------
TP2205 allocated to 9
----------------------

----------------------
TP2221 allocated to 12
----------------------

----------------------
TP2237 allocated to 11
----------------------

----------------------
TP2253 allocated to 15
----------------------

----------------------
TP2269 not allocated
----------------------

----------------------
TP2285 not allocated
----------------------

----------------------
TP2301 allocated to 8
----------------------

----------------------
TP2317 not allocated
----------------------

----------------------
TP2333 allocated to 7
----------------------

----------------------
TP2349 not allocated
----------------------

----------------------
TP2365 not allocated
----------------------

----------------------
TP2381 not allocated
----------------------

----------------------
TP2397 allocated to 4
----------------------

----------------------
TP2413 allocated to 3
----------------------

----------------------
TP2429 allocated to 17
----------------------

----------------------
TP2445 allocated to 3
----------------------

----------------------
TP2461 not allocated
----------------------

----------------------
TP2477 allocated to 12
----------------------

----------------------
TP2493 not allocated
----------------------

----------------------
TP2509 allocated to 5
----------------------

----------------------
TP2525 allocated to 6
----------------------

----------------------
TP2541 allocated to 10
----------------------

----------------------
TP2557 allocated to 11
----------------------

----------------------
TP2573 allocated to 16
----------------------

----------------------
TP2589 allocated to 14
----------------------

----------------------
TP2605 not allocated
----------------------

----------------------
TP2621 allocated to 12
----------------------

----------------------
TP2637 allocated to 5
----------------------

----------------------
TP2653 not allocated
----------------------

----------------------
TP2669 not allocated
----------------------

----------------------
TP2685 allocated to 15
----------------------

----------------------
TP2701 allocated to 13
----------------------

----------------------
TP2717 allocated to 4
----------------------

----------------------
TP2733 allocated to 8
----------------------

----------------------
TP2749 allocated to 17
----------------------

----------------------
TP2765 allocated to 18
----------------------

----------------------
TP2781 not allocated
----------------------

----------------------
TP2797 allocated to 9
----------------------

----------------------
TP2813 not allocated
----------------------

----------------------
TP2829 not allocated
----------------------

----------------------
TP2845 not allocated
----------------------

----------------------
TP2861 not allocated
----------------------

----------------------
TP2877 allocated to 13
----------------------

----------------------
TP2893 allocated to 16
----------------------

----------------------
TP2909 allocated to 7
----------------------

----------------------
TP2925 allocated to 9
----------------------

----------------------
TP2941 allocated to 6
----------------------

----------------------
TP2957 not allocated
----------------------

----------------------
TP2973 allocated to 10
----------------------

----------------------
TP2989 not allocated
----------------------

----------------------
TP3005 allocated to 13
----------------------

----------------------
TP3021 not allocated
----------------------

----------------------
TP3037 allocated to 8
----------------------

----------------------
TP3053 allocated to 18
----------------------

----------------------
TP3069 allocated to 6
----------------------

----------------------
TP3085 allocated to 7
----------------------

----------------------
TP3101 allocated to 14
----------------------

----------------------
TP3117 allocated to 6
----------------------

----------------------
TP3133 allocated to 15
----------------------

----------------------
TP3149 allocated to 16
----------------------

----------------------
TP3165 not allocated
----------------------

----------------------
TP3181 not allocated
----------------------

----------------------
TP3197 not allocated
----------------------

----------------------
TP3213 allocated to 4
----------------------

----------------------
TP3229 allocated to 13
----------------------

----------------------
TP3245 allocated to 5
----------------------

----------------------
TP3261 allocated to 11
----------------------

----------------------
TP3277 not allocated
----------------------

----------------------
TP3293 allocated to 8
----------------------

----------------------
TP3309 allocated to 4
----------------------

----------------------
TP3325 not allocated
----------------------

----------------------
TP3341 allocated to 11
----------------------

----------------------
TP3357 allocated to 13
----------------------

----------------------
TP3373 allocated to 7
----------------------

----------------------
TP3389 not allocated
----------------------

----------------------
TP3405 not allocated
----------------------

----------------------
TP3421 allocated to 17
----------------------

----------------------
TP3437 not allocated
----------------------

----------------------
TP3453 not allocated
----------------------

----------------------
TP3469 allocated to 12
----------------------

----------------------
TP3485 not allocated
----------------------

----------------------
TP3501 not allocated
----------------------

----------------------
TP3517 not allocated
----------------------

----------------------
TP3533 not allocated
----------------------

----------------------
TP3549 not allocated
----------------------

----------------------
TP3565 not allocated
----------------------

----------------------
TP3581 allocated to 18
----------------------

----------------------
TP3597 not allocated
----------------------

----------------------
TP3613 allocated to 17
----------------------

----------------------
TP3629 allocated to 15
----------------------

----------------------
TP3645 not allocated
----------------------

----------------------
TP3661 allocated to 16
----------------------

----------------------
TP3677 not allocated
----------------------

----------------------
TP3693 not allocated
----------------------

----------------------
TP3709 not allocated
----------------------

----------------------
TP3725 not allocated
----------------------

----------------------
TP3741 not allocated
----------------------

----------------------
TP3757 allocated to 9
----------------------

----------------------
TP3773 not allocated
----------------------

----------------------
TP3789 not allocated
----------------------

----------------------
TP3805 allocated to 14
----------------------

----------------------
TP3821 allocated to 10
----------------------

----------------------
TP3837 not allocated
----------------------

----------------------
TP3853 not allocated
----------------------

----------------------
TP3869 allocated to 17
----------------------

----------------------
TP3885 not allocated
----------------------

----------------------
TP3901 allocated to 12
----------------------

----------------------
TP3917 allocated to 7
----------------------

----------------------
TP3933 not allocated
----------------------

----------------------
TP3949 allocated to 6
----------------------

----------------------
TP3965 not allocated
----------------------

----------------------
TP3981 not allocated
----------------------

----------------------
TP3997 not allocated
----------------------

----------------------
TP4013 allocated to 13
----------------------

----------------------
TP4029 allocated to 13
----------------------

----------------------
TP4045 not allocated
----------------------

----------------------
TP4061 allocated to 4
----------------------

----------------------
TP4077 allocated to 15
----------------------

----------------------
TP4093 allocated to 18
----------------------

----------------------
TP4109 not allocated
----------------------

----------------------
TP4125 not allocated
----------------------

----------------------
TP4141 allocated to 7
----------------------

----------------------
TP4157 not allocated
----------------------

----------------------
TP4173 not allocated
----------------------

----------------------
TP4189 not allocated
----------------------

----------------------
TP4205 not allocated
----------------------

----------------------
TP4221 not allocated
----------------------

----------------------
TP4237 not allocated
----------------------

----------------------
TP4253 allocated to 14
----------------------

----------------------
TP4269 allocated to 9
----------------------

----------------------
TP4285 not allocated
----------------------

----------------------
TP4301 not allocated
----------------------

----------------------
TP4317 allocated to 7
----------------------

----------------------
TP4333 not allocated
----------------------

----------------------
TP4349 allocated to 16
----------------------

----------------------
TP4365 not allocated
----------------------

----------------------
TP4381 not allocated
----------------------

----------------------
TP4397 not allocated
----------------------

----------------------
TP4413 allocated to 9
----------------------

----------------------
TP4429 not allocated
----------------------

----------------------
TP4445 allocated to 12
----------------------

----------------------
TP4461 allocated to 17
----------------------

----------------------
TP4477 not allocated
----------------------

----------------------
TP4493 not allocated
----------------------

----------------------
TP4509 not allocated
----------------------

----------------------
TP4525 not allocated
----------------------

----------------------
TP4541 not allocated
----------------------

----------------------
TP4557 not allocated
----------------------

----------------------
TP4573 allocated to 12
----------------------

----------------------
TP4589 not allocated
----------------------

----------------------
TP4605 not allocated
----------------------

----------------------
TP4621 not allocated
----------------------

----------------------
TP4637 allocated to 11
----------------------

----------------------
TP4653 not allocated
----------------------

----------------------
TP4669 allocated to 18
----------------------

----------------------
TP4685 allocated to 13
----------------------

----------------------
TP4701 not allocated
----------------------

----------------------
TP4717 not allocated
----------------------

----------------------
TP4733 not allocated
----------------------

----------------------
TP4749 not allocated
----------------------

----------------------
TP4765 allocated to 14
----------------------

----------------------
TP4781 allocated to 16
----------------------

----------------------
TP4797 allocated to 11
----------------------

----------------------
TP4813 not allocated
----------------------

----------------------
TP4829 allocated to 10
----------------------

----------------------
TP4845 allocated to 15
----------------------

----------------------
TP4861 not allocated
----------------------

----------------------
TP4877 not allocated
----------------------

----------------------
TP4893 allocated to 15
----------------------

----------------------
TP4909 not allocated
----------------------

----------------------
TP4925 not allocated
----------------------

----------------------
TP4941 not allocated
----------------------

----------------------
TP4957 not allocated
----------------------

----------------------
TP4973 not allocated
----------------------

----------------------
TP4989 not allocated
----------------------

----------------------
TP5005 not allocated
----------------------

----------------------
TP5021 allocated to 17
----------------------

----------------------
TP5037 not allocated
----------------------

----------------------
TP5053 not allocated
----------------------

----------------------
TP5069 not allocated
----------------------

----------------------
TP5085 not allocated
----------------------

----------------------
TP5101 not allocated
----------------------

----------------------
TP5117 not allocated
----------------------

----------------------
TP5133 allocated to 16
----------------------

----------------------
TP5149 not allocated
----------------------

----------------------
TP5165 not allocated
----------------------

----------------------
TP5181 not allocated
----------------------

----------------------
TP5197 not allocated
----------------------

----------------------
TP5213 allocated to 10
----------------------

----------------------
TP5229 not allocated
----------------------

----------------------
TP5245 not allocated
----------------------

----------------------
TP5261 allocated to 18
----------------------

----------------------
TP5277 not allocated
----------------------

----------------------
TP5293 allocated to 17
----------------------

----------------------
TP5309 not allocated
----------------------

----------------------
TP5325 allocated to 12
----------------------

----------------------
TP5341 not allocated
----------------------

----------------------
TP5357 not allocated
----------------------

----------------------
TP5373 not allocated
----------------------

----------------------
TP5389 allocated to 14
----------------------

----------------------
TP5405 not allocated
----------------------

----------------------
TP5421 not allocated
----------------------

----------------------
TP5437 allocated to 11
----------------------

----------------------
TP5453 not allocated
----------------------

----------------------
TP5469 allocated to 11
----------------------

----------------------
TP5485 allocated to 7
----------------------

----------------------
TP5501 not allocated
----------------------

----------------------
TP5517 not allocated
----------------------

----------------------
TP5533 not allocated
----------------------

----------------------
TP5549 not allocated
----------------------

----------------------
TP5565 not allocated
----------------------

----------------------
TP5581 not allocated
----------------------

----------------------
TP5597 not allocated
----------------------

----------------------
TP5613 allocated to 14
----------------------

----------------------
TP5629 not allocated
----------------------

----------------------
TP5645 allocated to 10
----------------------

----------------------
TP5661 not allocated
----------------------

----------------------
TP5677 not allocated
----------------------

----------------------
TP5693 not allocated
----------------------

----------------------
TP5709 not allocated
----------------------

----------------------
TP5725 not allocated
----------------------

----------------------
TP5741 not allocated
----------------------

----------------------
TP5757 allocated to 17
----------------------

----------------------
TP5773 allocated to 16
----------------------

----------------------
TP5789 not allocated
----------------------

----------------------
TP5805 allocated to 11
----------------------

----------------------
TP5821 allocated to 9
----------------------

----------------------
TP5837 not allocated
----------------------

----------------------
TP5853 not allocated
----------------------

----------------------
TP5869 not allocated
----------------------

----------------------
TP5885 not allocated
----------------------

----------------------
TP5901 not allocated
----------------------

----------------------
TP5917 allocated to 14
----------------------

----------------------
TP5933 not allocated
----------------------

----------------------
TP5949 not allocated
----------------------

----------------------
TP5965 not allocated
----------------------

----------------------
TP5981 not allocated
----------------------

----------------------
TP5997 not allocated
----------------------

----------------------
TP6013 not allocated
----------------------

----------------------
TP6029 allocated to 18
----------------------

----------------------
TP6045 allocated to 15
----------------------

----------------------
TP6061 not allocated
----------------------

----------------------
TP6077 not allocated
----------------------

----------------------
TP6093 allocated to 9
----------------------

----------------------
TP6109 not allocated
----------------------

----------------------
TP6125 not allocated
----------------------

----------------------
TP6141 not allocated
----------------------

----------------------
TP6157 not allocated
----------------------

----------------------
TP6173 not allocated
----------------------

----------------------
TP6189 not allocated
----------------------

----------------------
TP6205 not allocated
----------------------

----------------------
TP6221 not allocated
----------------------

----------------------
TP6237 allocated to 14
----------------------

----------------------
TP6253 not allocated
----------------------

----------------------
TP6269 not allocated
----------------------

----------------------
TP6285 allocated to 11
----------------------

----------------------
TP6301 allocated to 17
----------------------

----------------------
TP6317 allocated to 9
----------------------

----------------------
TP6333 not allocated
----------------------

----------------------
TP6349 allocated to 12
----------------------

----------------------
TP6365 not allocated
----------------------

----------------------
TP6381 not allocated
----------------------

----------------------
TP6397 not allocated
----------------------

----------------------
TP6413 not allocated
----------------------

----------------------
TP6429 not allocated
----------------------

----------------------
TP6445 not allocated
----------------------

----------------------
TP6461 allocated to 11
----------------------

----------------------
TP6477 not allocated
----------------------

----------------------
TP6493 not allocated
----------------------

----------------------
TP6509 not allocated
----------------------

----------------------
TP6525 not allocated
----------------------

----------------------
TP6541 not allocated
----------------------

----------------------
TP6557 not allocated
----------------------

----------------------
TP6573 not allocated
----------------------

----------------------
TP6589 not allocated
----------------------

----------------------
TP6605 not allocated
----------------------

----------------------
TP6621 allocated to 10
----------------------

----------------------
TP6637 allocated to 12
----------------------

----------------------
TP6653 not allocated
----------------------

----------------------
TP6669 not allocated
----------------------

----------------------
TP6685 not allocated
----------------------

----------------------
TP6701 allocated to 12
----------------------

----------------------
TP6717 not allocated
----------------------

----------------------
TP6733 not allocated
----------------------

----------------------
TP6749 allocated to 15
----------------------

----------------------
TP6765 not allocated
----------------------

----------------------
TP6781 allocated to 16
----------------------

----------------------
TP6797 not allocated
----------------------

----------------------
TP6813 not allocated
----------------------

----------------------
TP6829 allocated to 17
----------------------

----------------------
TP6845 not allocated
----------------------

----------------------
TP6861 not allocated
----------------------

----------------------
TP6877 allocated to 16
----------------------

----------------------
TP6893 not allocated
----------------------

----------------------
TP6909 not allocated
----------------------

----------------------
TP6925 not allocated
----------------------

----------------------
TP6941 not allocated
----------------------

----------------------
TP6957 not allocated
----------------------

----------------------
TP6973 not allocated
----------------------

----------------------
TP6989 not allocated
----------------------

----------------------
TP7005 not allocated
----------------------

----------------------
TP7021 allocated to 18
----------------------

----------------------
TP7037 not allocated
----------------------

----------------------
TP7053 allocated to 16
----------------------

----------------------
TP7069 not allocated
----------------------

----------------------
TP7085 not allocated
----------------------

----------------------
TP7101 not allocated
----------------------

----------------------
TP7117 not allocated
----------------------

----------------------
TP7133 not allocated
----------------------

----------------------
TP7149 not allocated
----------------------

----------------------
TP7165 allocated to 7
----------------------

----------------------
TP7181 not allocated
----------------------

----------------------
TP7197 not allocated
----------------------

----------------------
TP7213 not allocated
----------------------

----------------------
TP7229 not allocated
----------------------

----------------------
TP7245 not allocated
----------------------

----------------------
TP7261 not allocated
----------------------

----------------------
TP7277 not allocated
----------------------

----------------------
TP7293 allocated to 18
----------------------

----------------------
TP7309 not allocated
----------------------

----------------------
TP7325 not allocated
----------------------

----------------------
TP7341 not allocated
----------------------

----------------------
TP7357 not allocated
----------------------

----------------------
TP7373 not allocated
----------------------

----------------------
TP7389 not allocated
----------------------

----------------------
TP7405 not allocated
----------------------

----------------------
TP7421 not allocated
----------------------

----------------------
TP7437 not allocated
----------------------

----------------------
TP7453 not allocated
----------------------

----------------------
TP7469 not allocated
----------------------

----------------------
TP7485 not allocated
----------------------

----------------------
TP7501 not allocated
----------------------

----------------------
TP7517 not allocated
----------------------

----------------------
TP7533 not allocated
----------------------

----------------------
TP7549 not allocated
----------------------

----------------------
TP7565 not allocated
----------------------

----------------------
TP7581 not allocated
----------------------

----------------------
TP7597 not allocated
----------------------

----------------------
TP7613 not allocated
----------------------

----------------------
TP7629 not allocated
----------------------

----------------------
TP7645 not allocated
----------------------

----------------------
TP7661 not allocated
----------------------

----------------------
TP7677 not allocated
----------------------

----------------------
TP7693 not allocated
----------------------

----------------------
TP7709 not allocated
----------------------

----------------------
TP7725 not allocated
----------------------

----------------------
TP7741 not allocated
----------------------

----------------------
TP7757 not allocated
----------------------

----------------------
TP7773 not allocated
----------------------

----------------------
TP7789 not allocated
----------------------

----------------------
TP7805 not allocated
----------------------

----------------------
TP7821 not allocated
----------------------

----------------------
TP7837 not allocated
----------------------

----------------------
TP7853 not allocated
----------------------

----------------------
TP7869 not allocated
----------------------

----------------------
TP7885 not allocated
----------------------

----------------------
TP7901 not allocated
----------------------

----------------------
TP7917 not allocated
----------------------

----------------------
TP7933 not allocated
----------------------

----------------------
TP7949 not allocated
----------------------

----------------------
TP7965 not allocated
----------------------

----------------------
TP7981 not allocated
----------------------

----------------------
TP7997 not allocated
----------------------

----------------------
TP8013 not allocated
----------------------

----------------------
TP8029 not allocated
----------------------

----------------------
TP8045 not allocated
----------------------

----------------------
TP8061 not allocated
----------------------

----------------------
TP8077 not allocated
----------------------

----------------------
TP8093 not allocated
----------------------

----------------------
TP8109 not allocated
----------------------

----------------------
TP8125 not allocated
----------------------

----------------------
TP8141 allocated to 17
----------------------

----------------------
TP8157 not allocated
----------------------

----------------------
TP8173 not allocated
----------------------

----------------------
TP8189 not allocated
----------------------

----------------------
TP8205 not allocated
----------------------

----------------------
TP8221 not allocated
----------------------

----------------------
TP8237 not allocated
----------------------

----------------------
TP8253 not allocated
----------------------

----------------------
TP8269 not allocated
----------------------

----------------------
TP8285 not allocated
----------------------

----------------------
TP8301 not allocated
----------------------

----------------------
TP8317 not allocated
----------------------

----------------------
TP8333 not allocated
----------------------

----------------------
TP8349 not allocated
----------------------

----------------------
TP8365 not allocated
----------------------

----------------------
TP8381 not allocated
----------------------

----------------------
TP8397 not allocated
----------------------

----------------------
TP8413 not allocated
----------------------

----------------------
TP8429 not allocated
----------------------

----------------------
TP8445 not allocated
----------------------

----------------------
TP8461 not allocated
----------------------

----------------------
TP8477 not allocated
----------------------

----------------------
TP8493 not allocated
----------------------

----------------------
TP8509 not allocated
----------------------

----------------------
TP8525 not allocated
----------------------

----------------------
TP8541 not allocated
----------------------

----------------------
TP8557 not allocated
----------------------

----------------------
TP8573 not allocated
----------------------

----------------------
TP8589 not allocated
----------------------

----------------------
TP8605 not allocated
----------------------

----------------------
TP8621 not allocated
----------------------

----------------------
TP8637 not allocated
----------------------

----------------------
TP8653 not allocated
----------------------

----------------------
TP8669 not allocated
----------------------

----------------------
TP8685 not allocated
----------------------

----------------------
TP8701 not allocated
----------------------

----------------------
TP8717 not allocated
----------------------

----------------------
TP8733 not allocated
----------------------

----------------------
TP8749 not allocated
----------------------

----------------------
TP8765 not allocated
----------------------

----------------------
TP8781 not allocated
----------------------

----------------------
TP8797 not allocated
----------------------

----------------------
TP8813 not allocated
----------------------

----------------------
TP8829 not allocated
----------------------

----------------------
TP8845 not allocated
----------------------

----------------------
TP8861 not allocated
----------------------

----------------------
TP8877 not allocated
----------------------

----------------------
TP8893 not allocated
----------------------

----------------------
TP8909 not allocated
----------------------

----------------------
TP8925 not allocated
----------------------

----------------------
TP8941 not allocated
----------------------

----------------------
TP8957 not allocated
----------------------

----------------------
TP8973 not allocated
----------------------

----------------------
TP8989 not allocated
----------------------

----------------------
TP9005 not allocated
----------------------

----------------------
TP9021 not allocated
----------------------

----------------------
TP9037 not allocated
----------------------

----------------------
TP9053 not allocated
----------------------

----------------------
TP9069 not allocated
----------------------

----------------------
TP9085 not allocated
----------------------

----------------------
TP9101 not allocated
----------------------

----------------------
TP9117 not allocated
----------------------

----------------------
TP9133 not allocated
----------------------

----------------------
TP9149 not allocated
----------------------

----------------------
TP9165 not allocated
----------------------

----------------------
TP9181 not allocated
----------------------

----------------------
TP9197 not allocated
----------------------

----------------------
TP9213 not allocated
----------------------

----------------------
TP9229 not allocated
----------------------

----------------------
TP9245 not allocated
----------------------

----------------------
TP9261 not allocated
----------------------

----------------------
TP9277 not allocated
----------------------

----------------------
TP9293 not allocated
----------------------

----------------------
TP9309 not allocated
----------------------

----------------------
TP9325 not allocated
----------------------

----------------------
TP9341 not allocated
----------------------

----------------------
TP9357 not allocated
----------------------

----------------------
TP9373 not allocated
----------------------

----------------------
TP9389 not allocated
----------------------

----------------------
TP9405 not allocated
----------------------

----------------------
TP9421 not allocated
----------------------

----------------------
TP9437 not allocated
----------------------

----------------------
TP9453 not allocated
----------------------

----------------------
TP9469 not allocated
----------------------

----------------------
TP9485 not allocated
----------------------

----------------------
TP9501 not allocated
----------------------

----------------------
TP9517 not allocated
----------------------

----------------------
TP9533 not allocated
----------------------

----------------------
TP9549 not allocated
----------------------

----------------------
TP9565 not allocated
----------------------

----------------------
TP9581 not allocated
----------------------

----------------------
TP9597 not allocated
----------------------

----------------------
TP9613 not allocated
----------------------

----------------------
TP9629 not allocated
----------------------

----------------------
TP9645 not allocated
----------------------

----------------------
TP9661 not allocated
----------------------

----------------------
TP9677 not allocated
----------------------

----------------------
TP9693 not allocated
----------------------

----------------------
TP9709 not allocated
----------------------

----------------------
TP9725 not allocated
----------------------

----------------------
TP9741 not allocated
----------------------

----------------------
TP9757 not allocated
----------------------

----------------------
TP9773 not allocated
----------------------

----------------------
TP9789 not allocated
----------------------

----------------------
TP9805 not allocated
----------------------

----------------------
TP9821 not allocated
----------------------

----------------------
TP9837 not allocated
----------------------

----------------------
TP9853 not allocated
----------------------

----------------------
TP9869 not allocated
----------------------

----------------------
TP9885 not allocated
----------------------

----------------------
TP9901 not allocated
----------------------

----------------------
TP9917 not allocated
----------------------

----------------------
TP9933 not allocated
----------------------

----------------------
TP9949 not allocated
----------------------

----------------------
TP9965 not allocated
----------------------

----------------------
TP9981 not allocated
----------------------

----------------------
TP9997 not allocated
----------------------

-------------------------------------------------------------------------

Ride-sharing vs Individual Mode - Num Vehicles and Distance Comparisson 

-------------------------------------------------------------------------
Individual Mode = 625 vehicles.
Ride-sharing Mode = 449 vehicles. The 18 ride-sharing vehicles + 431 vehicles of the individuals not served by the ride-sharing service.
-------------------------------------------------------------------------
Individual Mode = 908109 distance.
Ride-sharing Mode = 1208382 distance. 628022 from the EV fleet + 580360 from the distance of the trips not covered individuals had to do with their own vehicle.
-------------------------------------------------------------------------
