10000 10000 50000
1
1 1250 1250
301
1 1 0 35632 5
0
2 1 0 35632 5
0
3 1 0 35632 5
0
4 1 0 35632 5
0
5 1 0 35632 5
0
6 1 0 35632 5
0
7 1 0 35632 5
0
8 1 0 35632 5
0
9 1 0 35632 5
0
10 1 0 35632 5
0
11 1 0 35632 5
0
12 1 0 35632 5
0
13 1 0 35632 5
0
14 1 0 35632 5
0
15 1 0 35632 5
0
16 1 0 35632 5
0
17 1 0 35632 5
0
18 1 0 35632 5
0
19 1 0 35632 5
0
20 1 0 35632 5
0
21 1 0 35632 5
0
22 1 0 35632 5
0
23 1 0 35632 5
0
24 1 0 35632 5
0
25 1 0 35632 5
0
26 1 0 35632 5
0
27 1 0 35632 5
0
28 1 0 35632 5
0
29 1 0 35632 5
0
30 1 0 35632 5
0
31 1 0 35632 5
0
32 1 0 35632 5
0
33 1 0 35632 5
0
34 1 0 35632 5
0
35 1 0 35632 5
0
36 1 0 35632 5
0
37 1 0 35632 5
0
38 1 0 35632 5
0
39 1 0 35632 5
0
40 1 0 35632 5
0
41 1 0 35632 5
0
42 1 0 35632 5
0
43 1 0 35632 5
0
44 1 0 35632 5
0
45 1 0 35632 5
0
46 1 0 35632 5
0
47 1 0 35632 5
0
48 1 0 35632 5
0
49 1 0 35632 5
0
50 1 0 35632 5
0
51 1 0 35632 5
0
52 1 0 35632 5
0
53 1 0 35632 5
0
54 1 0 35632 5
0
55 1 0 35632 5
0
56 1 0 35632 5
0
57 1 0 35632 5
0
58 1 0 35632 5
0
59 1 0 35632 5
0
60 1 0 35632 5
0
61 1 0 35632 5
0
62 1 0 35632 5
0
63 1 0 35632 5
0
64 1 0 35632 5
0
65 1 0 35632 5
0
66 1 0 35632 5
0
67 1 0 35632 5
0
68 1 0 35632 5
0
69 1 0 35632 5
0
70 1 0 35632 5
0
71 1 0 35632 5
0
72 1 0 35632 5
0
73 1 0 35632 5
0
74 1 0 35632 5
0
75 1 0 35632 5
0
76 1 0 35632 5
0
77 1 0 35632 5
0
78 1 0 35632 5
0
79 1 0 35632 5
0
80 1 0 35632 5
0
81 1 0 35632 5
0
82 1 0 35632 5
0
83 1 0 35632 5
0
84 1 0 35632 5
0
85 1 0 35632 5
0
86 1 0 35632 5
0
87 1 0 35632 5
0
88 1 0 35632 5
0
89 1 0 35632 5
0
90 1 0 35632 5
0
91 1 0 35632 5
0
92 1 0 35632 5
0
93 1 0 35632 5
0
94 1 0 35632 5
0
95 1 0 35632 5
0
96 1 0 35632 5
0
97 1 0 35632 5
0
98 1 0 35632 5
0
99 1 0 35632 5
0
100 1 0 35632 5
0
101 1 0 35632 5
0
102 1 0 35632 5
0
103 1 0 35632 5
0
104 1 0 35632 5
0
105 1 0 35632 5
0
106 1 0 35632 5
0
107 1 0 35632 5
0
108 1 0 35632 5
0
109 1 0 35632 5
0
110 1 0 35632 5
0
111 1 0 35632 5
0
112 1 0 35632 5
0
113 1 0 35632 5
0
114 1 0 35632 5
0
115 1 0 35632 5
0
116 1 0 35632 5
0
117 1 0 35632 5
0
118 1 0 35632 5
0
119 1 0 35632 5
0
120 1 0 35632 5
0
121 1 0 35632 5
0
122 1 0 35632 5
0
123 1 0 35632 5
0
124 1 0 35632 5
0
125 1 0 35632 5
0
126 1 0 35632 5
0
127 1 0 35632 5
0
128 1 0 35632 5
0
129 1 0 35632 5
0
130 1 0 35632 5
0
131 1 0 35632 5
0
132 1 0 35632 5
0
133 1 0 35632 5
0
134 1 0 35632 5
0
135 1 0 35632 5
0
136 1 0 35632 5
0
137 1 0 35632 5
0
138 1 0 35632 5
0
139 1 0 35632 5
0
140 1 0 35632 5
0
141 1 0 35632 5
0
142 1 0 35632 5
0
143 1 0 35632 5
0
144 1 0 35632 5
0
145 1 0 35632 5
0
146 1 0 35632 5
0
147 1 0 35632 5
0
148 1 0 35632 5
0
149 1 0 35632 5
0
150 1 0 35632 5
0
151 1 0 35632 5
0
152 1 0 35632 5
0
153 1 0 35632 5
0
154 1 0 35632 5
0
155 1 0 35632 5
0
156 1 0 35632 5
0
157 1 0 35632 5
0
158 1 0 35632 5
0
159 1 0 35632 5
0
160 1 0 35632 5
0
161 1 0 35632 5
0
162 1 0 35632 5
0
163 1 0 35632 5
0
164 1 0 35632 5
0
165 1 0 35632 5
0
166 1 0 35632 5
0
167 1 0 35632 5
0
168 1 0 35632 5
0
169 1 0 35632 5
0
170 1 0 35632 5
0
171 1 0 35632 5
0
172 1 0 35632 5
0
173 1 0 35632 5
0
174 1 0 35632 5
0
175 1 0 35632 5
0
176 1 0 35632 5
0
177 1 0 35632 5
0
178 1 0 35632 5
0
179 1 0 35632 5
0
180 1 0 35632 5
0
181 1 0 35632 5
0
182 1 0 35632 5
0
183 1 0 35632 5
0
184 1 0 35632 5
0
185 1 0 35632 5
0
186 1 0 35632 5
0
187 1 0 35632 5
0
188 1 0 35632 5
0
189 1 0 35632 5
0
190 1 0 35632 5
0
191 1 0 35632 5
0
192 1 0 35632 5
0
193 1 0 35632 5
0
194 1 0 35632 5
0
195 1 0 35632 5
0
196 1 0 35632 5
0
197 1 0 35632 5
0
198 1 0 35632 5
0
199 1 0 35632 5
0
200 1 0 35632 5
0
201 1 0 35632 5
0
202 1 0 35632 5
0
203 1 0 35632 5
0
204 1 0 35632 5
0
205 1 0 35632 5
0
206 1 0 35632 5
0
207 1 0 35632 5
0
208 1 0 35632 5
0
209 1 0 35632 5
0
210 1 0 35632 5
0
211 1 0 35632 5
0
212 1 0 35632 5
0
213 1 0 35632 5
0
214 1 0 35632 5
0
215 1 0 35632 5
0
216 1 0 35632 5
0
217 1 0 35632 5
0
218 1 0 35632 5
0
219 1 0 35632 5
0
220 1 0 35632 5
0
221 1 0 35632 5
0
222 1 0 35632 5
0
223 1 0 35632 5
0
224 1 0 35632 5
0
225 1 0 35632 5
0
226 1 0 35632 5
0
227 1 0 35632 5
0
228 1 0 35632 5
0
229 1 0 35632 5
0
230 1 0 35632 5
0
231 1 0 35632 5
0
232 1 0 35632 5
0
233 1 0 35632 5
0
234 1 0 35632 5
0
235 1 0 35632 5
0
236 1 0 35632 5
0
237 1 0 35632 5
0
238 1 0 35632 5
0
239 1 0 35632 5
0
240 1 0 35632 5
0
241 1 0 35632 5
0
242 1 0 35632 5
0
243 1 0 35632 5
0
244 1 0 35632 5
0
245 1 0 35632 5
0
246 1 0 35632 5
0
247 1 0 35632 5
0
248 1 0 35632 5
0
249 1 0 35632 5
0
250 1 0 35632 5
0
251 1 0 35632 5
0
252 1 0 35632 5
0
253 1 0 35632 5
0
254 1 0 35632 5
0
255 1 0 35632 5
0
256 1 0 35632 5
0
257 1 0 35632 5
0
258 1 0 35632 5
0
259 1 0 35632 5
0
260 1 0 35632 5
0
261 1 0 35632 5
0
262 1 0 35632 5
0
263 1 0 35632 5
0
264 1 0 35632 5
0
265 1 0 35632 5
0
266 1 0 35632 5
0
267 1 0 35632 5
0
268 1 0 35632 5
0
269 1 0 35632 5
0
270 1 0 35632 5
0
271 1 0 35632 5
0
272 1 0 35632 5
0
273 1 0 35632 5
0
274 1 0 35632 5
0
275 1 0 35632 5
0
276 1 0 35632 5
0
277 1 0 35632 5
0
278 1 0 35632 5
0
279 1 0 35632 5
0
280 1 0 35632 5
0
281 1 0 35632 5
0
282 1 0 35632 5
0
283 1 0 35632 5
0
284 1 0 35632 5
0
285 1 0 35632 5
0
286 1 0 35632 5
0
287 1 0 35632 5
0
288 1 0 35632 5
0
289 1 0 35632 5
0
290 1 0 35632 5
0
291 1 0 35632 5
0
292 1 0 35632 5
0
293 1 0 35632 5
0
294 1 0 35632 5
0
295 1 0 35632 5
0
296 1 0 35632 5
0
297 1 0 35632 5
0
298 1 0 35632 5
0
299 1 0 35632 5
0
300 1 0 35632 5
0
301 1 0 35632 5
0
625
1 1 -1
1, 1985, 1071, 9999, 795, 1, 4145, 8291, 12435
17 1 -1
1, 2443, 509, 1647, 803, 1, 545, 1091, 1635
33 1 -1
1, 2756, 535, 9999, 9669, 1, 8189, 16378, 24566
49 1 -1
1, 2952, 1556, 3379, 537, 1, 723, 1447, 2169
65 1 -1
1, 3229, 1065, 9999, 3736, 1, 4721, 9442, 14162
81 1 -1
1, 3931, 1486, 2610, 766, 1, 1021, 2042, 3062
97 1 -1
284, 2120, 1504, 2258, 980, 567, 897, 1229, 1559
113 1 -1
790, 2518, 1840, 2522, 623, 1580, 2190, 2801, 3411
129 1 -1
1159, 2974, 1447, 1831, 1822, 2318, 3076, 3836, 4594
145 1 -1
1428, 2464, 1604, 3585, 1454, 2856, 3491, 4127, 4762
161 1 -1
1703, 2825, 1305, 2027, 1502, 3406, 3903, 4401, 4898
177 1 -1
2059, 2652, 209, 1693, 1752, 4117, 5367, 6619, 7869
193 1 -1
2199, 3151, 977, 9999, 175, 4398, 8222, 12048, 15872
209 1 -1
2429, 3192, 1412, 9999, 8916, 4857, 12012, 19168, 26323
225 1 -1
2604, 2348, 1786, 3204, 992, 5208, 6032, 6858, 7682
241 1 -1
2775, 2173, 1429, 2694, 620, 5550, 6214, 6880, 7544
257 1 -1
3012, 3229, 554, 2717, 1293, 6023, 6648, 7274, 7899
273 1 -1
3183, 2522, 557, 2019, 291, 6366, 6750, 7135, 7519
289 1 -1
3396, 2932, 431, 2863, 983, 6791, 7101, 7412, 7722
305 1 -1
3523, 2814, 1253, 3010, 502, 7046, 7519, 7993, 8466
321 1 -1
3639, 1779, 1059, 9999, 9737, 7277, 15725, 24175, 32623
337 1 -1
3859, 1918, 1471, 2660, 1413, 7717, 8116, 8517, 8916
353 1 -1
4014, 2319, 815, 9999, 9677, 8028, 16298, 24570, 32840
369 1 -1
4128, 2791, 399, 3600, 2609, 8256, 9765, 11275, 12784
385 1 -1
4301, 2665, 986, 3002, 1069, 8601, 8810, 9021, 9230
401 1 -1
4470, 2714, 345, 2480, 320, 8939, 9068, 9198, 9327
417 1 -1
4650, 2051, 1688, 3586, 1480, 9299, 10170, 11042, 11913
433 1 -1
4732, 2861, 18, 9999, 9488, 9463, 17766, 26071, 34374
449 1 -1
4862, 2530, 939, 3180, 697, 9724, 10169, 10616, 11061
465 1 -1
4963, 2711, 1271, 9999, 345, 9926, 14032, 18140, 22246
481 1 -1
5156, 1938, 1442, 2877, 808, 10312, 11098, 11885, 12671
497 1 -1
5229, 2162, 1733, 2849, 364, 10457, 11484, 12513, 13540
513 1 -1
5341, 3250, 1036, 2936, 769, 10682, 10972, 11263, 11553
529 1 -1
5461, 2608, 1262, 3212, 1440, 10922, 11312, 11704, 12094
545 1 -1
5540, 2496, 460, 3450, 867, 11080, 11760, 12441, 13121
561 1 -1
5694, 2420, 726, 3561, 1185, 11388, 12187, 12988, 13787
577 1 -1
5819, 3082, 323, 1766, 1415, 11637, 12840, 14045, 15248
593 1 -1
5924, 2535, 823, 2724, 1637, 11848, 12349, 12851, 13352
609 1 -1
6040, 2230, 546, 3026, 887, 12080, 12648, 13217, 13785
625 1 -1
6135, 2669, 1603, 2640, 1419, 12270, 12376, 12483, 12589
641 1 -1
6219, 2867, 819, 2864, 1432, 12438, 12745, 13054, 13361
657 1 -1
6297, 2147, 1687, 2721, 747, 12593, 13349, 14107, 14863
673 1 -1
6379, 2848, 949, 3011, 2090, 12757, 13408, 14061, 14712
689 1 -1
6454, 3521, 1037, 3195, 1697, 12907, 13399, 13893, 14385
705 1 -1
6564, 3564, 981, 3267, 789, 13128, 13372, 13617, 13861
721 1 -1
6644, 2938, 2226, 2583, 1139, 13287, 14007, 14729, 15449
737 1 -1
6728, 3177, 926, 3056, 1017, 13455, 13560, 13667, 13772
753 1 -1
6810, 3043, 1221, 1909, 1147, 13620, 14223, 14828, 15431
769 1 -1
6855, 2329, 908, 2855, 1138, 13710, 14087, 14466, 14843
785 1 -1
6918, 3096, 827, 1331, 149, 13836, 15057, 16279, 17500
801 1 -1
6997, 2407, 868, 3457, 1480, 13994, 14824, 15656, 16486
817 1 -1
7087, 2657, 1056, 1860, 1002, 14174, 14599, 15025, 15450
833 1 -1
7142, 3691, 1097, 3558, 1356, 14283, 14478, 14675, 14870
849 1 -1
7224, 3335, 1014, 2927, 1435, 14448, 14862, 15277, 15691
865 1 -1
7342, 3184, 1163, 2621, 1085, 14684, 15004, 15325, 15645
881 1 -1
7412, 1609, 452, 2796, 1583, 14823, 15981, 17141, 18299
897 1 -1
7459, 2485, 353, 2328, 368, 14917, 15002, 15089, 15174
913 1 -1
7499, 3154, 1131, 2560, 450, 14998, 15635, 16273, 16910
929 1 -1
7569, 3091, 1067, 2725, 1048, 15138, 15330, 15523, 15715
945 1 -1
7657, 2946, 1843, 3051, 953, 15313, 15810, 16308, 16805
961 1 -1
7704, 2312, 850, 2870, 1261, 15408, 15892, 16377, 16861
977 1 -1
7768, 2654, 439, 2528, 1247, 15536, 16002, 16470, 16936
993 1 -1
7834, 2894, 587, 2568, 907, 15667, 15989, 16313, 16635
1009 1 -1
7868, 2565, 505, 1810, 1406, 15736, 16563, 17392, 18219
1025 1 -1
7902, 3604, 1692, 762, 93, 15804, 18024, 20245, 22465
1041 1 -1
7960, 2648, 956, 3010, 1500, 15920, 16372, 16826, 17278
1057 1 -1
8001, 2449, 1643, 3132, 280, 16001, 17023, 18047, 19069
1073 1 -1
8036, 3314, 825, 2078, 1163, 16071, 16857, 17645, 18431
1089 1 -1
8099, 1769, 872, 2545, 1223, 16197, 16760, 17324, 17887
1105 1 -1
8165, 2419, 1182, 2131, 1122, 16329, 16502, 16677, 16850
1121 1 -1
8217, 2815, 923, 9999, 9640, 16433, 24383, 32334, 40284
1137 1 -1
8273, 3195, 1047, 2773, 1068, 16545, 16766, 16988, 17209
1153 1 -1
8312, 2466, 259, 3180, 968, 16623, 17334, 18046, 18757
1169 1 -1
8350, 2651, 845, 2925, 1164, 16699, 16995, 17292, 17588
1185 1 -1
8373, 1766, 424, 2779, 1078, 16745, 17578, 18412, 19245
1201 1 -1
8409, 3273, 1234, 2629, 1435, 16818, 17240, 17663, 18085
1217 1 -1
8457, 2326, 1440, 2486, 1367, 16913, 17029, 17146, 17262
1233 1 -1
8509, 2280, 933, 2251, 1020, 17018, 17075, 17134, 17191
1249 1 -1
8541, 2789, 2087, 2574, 226, 17081, 18118, 19157, 20194
1265 1 -1
8589, 2587, 216, 2577, 1305, 17177, 17726, 18276, 18825
1281 1 -1
8663, 2918, 1783, 2907, 1233, 17326, 17606, 17887, 18167
1297 1 -1
8709, 1958, 531, 3551, 1745, 17418, 18821, 20225, 21628
1313 1 -1
8750, 2692, 1856, 2952, 1092, 17499, 18010, 18523, 19034
1329 1 -1
8813, 3825, 920, 2863, 1893, 17626, 18593, 19561, 20528
1345 1 -1
8861, 2597, 1196, 3952, 1022, 17722, 18486, 19251, 20015
1361 1 -1
8904, 2420, 224, 2406, 188, 17807, 17831, 17857, 17881
1377 1 -1
8933, 2229, 1718, 3302, 1583, 17865, 18468, 19073, 19676
1393 1 -1
8971, 3130, 1164, 2198, 2098, 17942, 18874, 19808, 20740
1409 1 -1
9004, 2906, 593, 466, 316, 18007, 19365, 20724, 22082
1425 1 -1
9067, 2722, 1631, 2679, 869, 18133, 18535, 18938, 19340
1441 1 -1
9094, 3029, 953, 3501, 2318, 18187, 19105, 20024, 20942
1457 1 -1
9124, 3141, 752, 3914, 1989, 18247, 19251, 20257, 21261
1473 1 -1
9173, 2528, 1807, 2695, 569, 18346, 19048, 19751, 20453
1489 1 -1
9207, 2949, 689, 2855, 342, 18413, 18633, 18854, 19074
1505 1 -1
9267, 3120, 985, 2420, 177, 18533, 19286, 20041, 20794
1521 1 -1
9297, 2548, 333, 2906, 1393, 18594, 19302, 20012, 20720
1537 1 -1
9357, 2970, 1293, 2458, 1309, 18714, 18977, 19242, 19505
1553 1 -1
9397, 2370, 612, 1837, 816, 18793, 19161, 19530, 19898
1569 1 -1
9431, 3767, 2266, 2890, 1218, 18861, 19823, 20786, 21748
1585 1 -1
9481, 2496, 1490, 3150, 1079, 18962, 19494, 20027, 20559
1601 1 -1
9520, 3341, 1669, 3100, 1322, 19040, 19333, 19628, 19921
1617 1 -1
9574, 3440, 1791, 1715, 1208, 19148, 20301, 21456, 22609
1633 1 -1
9621, 2376, 319, 2495, 206, 19241, 19356, 19473, 19588
1649 1 -1
9675, 2253, 1251, 3325, 1282, 19349, 19900, 20452, 21003
1665 1 -1
9740, 3279, 189, 2684, 394, 19480, 19879, 20280, 20679
1681 1 -1
9776, 2263, 2313, 2248, 1287, 19552, 20072, 20593, 21113
1697 1 -1
9807, 3213, 1280, 2825, 1721, 19613, 20027, 20442, 20856
1713 1 -1
9858, 2721, 375, 2709, 566, 19715, 19816, 19918, 20019
1729 1 -1
9896, 3012, 1789, 2251, 879, 19792, 20627, 21463, 22298
1745 1 -1
9929, 2629, 1492, 2681, 922, 19857, 20167, 20479, 20789
1761 1 -1
9988, 2250, 1125, 2870, 1037, 19976, 20329, 20684, 21037
1777 1 -1
10023, 2875, 1016, 2481, 458, 20046, 20521, 20998, 21473
1793 1 -1
10070, 2265, 1330, 3610, 1186, 20140, 20884, 21629, 22373
1809 1 -1
10118, 2666, 817, 1872, 719, 20235, 20680, 21127, 21572
1825 1 -1
10146, 3403, 1238, 1839, 1551, 20291, 21229, 22168, 23106
1841 1 -1
10172, 2717, 1137, 2864, 263, 20344, 20854, 21365, 21875
1857 1 -1
10224, 2918, 913, 2674, 808, 20447, 20621, 20796, 20970
1873 1 -1
10260, 3160, 1756, 313, 425, 20519, 22607, 24697, 26785
1889 1 -1
10302, 2775, 1414, 2945, 393, 20603, 21198, 21794, 22389
1905 1 -1
10342, 2465, 907, 2069, 1682, 20684, 21269, 21855, 22440
1921 1 -1
10381, 3169, 1028, 2629, 1092, 20761, 21062, 21365, 21666
1937 1 -1
10426, 2664, 1728, 3393, 85, 20851, 22036, 23223, 24408
1953 1 -1
10454, 2469, 1377, 2355, 228, 20907, 21538, 22170, 22801
1969 1 -1
10483, 2319, 391, 9999, 12, 20965, 24994, 29024, 33053
1985 1 -1
10530, 3164, 1748, 2137, 950, 21060, 21972, 22885, 23797
2001 1 -1
10557, 2017, 1457, 2622, 1528, 21113, 21450, 21789, 22126
2017 1 -1
10583, 2816, 1007, 2412, 1261, 21165, 21493, 21823, 22151
2033 1 -1
10620, 2383, 1334, 2433, 1049, 21240, 21407, 21575, 21742
2049 1 -1
10639, 3577, 1759, 1974, 1259, 21278, 22329, 23381, 24432
2065 1 -1
10662, 2891, 992, 3136, 1764, 21324, 21832, 22341, 22849
2081 1 -1
10684, 2809, 1594, 2654, 1325, 21367, 21578, 21791, 22002
2097 1 -1
10719, 3584, 1313, 2550, 1493, 21438, 22044, 22652, 23258
2113 1 -1
10752, 3196, 1562, 2368, 1038, 21504, 22179, 22856, 23531
2129 1 -1
10783, 2307, 1476, 3015, 343, 21566, 22486, 23407, 24327
2145 1 -1
10812, 3054, 706, 1951, 1080, 21624, 22362, 23101, 23839
2161 1 -1
10857, 2365, 396, 3075, 705, 21713, 22222, 22732, 23241
2177 1 -1
10895, 2206, 811, 1989, 1537, 21789, 22260, 22732, 23203
2193 1 -1
10938, 2866, 759, 3052, 821, 21876, 21999, 22124, 22247
2209 1 -1
10974, 2906, 1380, 2976, 582, 21947, 22380, 22815, 23248
2225 1 -1
11007, 2806, 1285, 2743, 1676, 22014, 22240, 22468, 22694
2241 1 -1
11038, 3070, 1232, 4110, 2545, 22076, 23252, 24429, 25605
2257 1 -1
11066, 2962, 1353, 2652, 1141, 22131, 22391, 22653, 22913
2273 1 -1
11112, 2483, 1392, 3214, 1095, 22223, 22736, 23251, 23764
2289 1 -1
11141, 2904, 1275, 3752, 869, 22281, 22907, 23535, 24161
2305 1 -1
11161, 2611, 1344, 3213, 1522, 22322, 22711, 23102, 23491
2321 1 -1
11199, 2286, 458, 2743, 726, 22397, 22759, 23122, 23484
2337 1 -1
11235, 3494, 1153, 2742, 1425, 22470, 22981, 23494, 24005
2353 1 -1
11261, 2340, 470, 2989, 1623, 22521, 23421, 24323, 25223
2369 1 -1
11291, 3046, 1027, 2802, 1326, 22581, 22852, 23124, 23395
2385 1 -1
11333, 3890, 1344, 3315, 824, 22665, 23212, 23760, 24307
2401 1 -1
11363, 3116, 1260, 2087, 1457, 22726, 23338, 23952, 24564
2417 1 -1
11392, 3002, 1610, 2912, 1136, 22783, 23064, 23347, 23628
2433 1 -1
11431, 3000, 1331, 2015, 210, 22862, 23914, 24968, 26020
2449 1 -1
11458, 3174, 690, 2813, 1695, 22915, 23597, 24281, 24963
2465 1 -1
11493, 3511, 388, 3027, 1603, 22986, 23835, 24685, 25534
2481 1 -1
11530, 3005, 665, 2947, 694, 23059, 23102, 23146, 23189
2497 1 -1
11558, 3210, 548, 2824, 626, 23116, 23347, 23580, 23811
2513 1 -1
11583, 2969, 464, 330, 1227, 23165, 24865, 26567, 28267
2529 1 -1
11620, 2773, 2356, 3071, 541, 23239, 24295, 25352, 26408
2545 1 -1
11638, 3576, 154, 3068, 1080, 23276, 23992, 24710, 25426
2561 1 -1
11670, 1905, 1414, 2580, 1022, 23340, 23873, 24407, 24940
2577 1 -1
11704, 2551, 663, 3535, 1185, 23408, 24160, 24914, 25666
2593 1 -1
11738, 2322, 128, 2831, 1544, 23476, 24438, 25401, 26363
2609 1 -1
11771, 2963, 1482, 2468, 2286, 23542, 24191, 24841, 25490
2625 1 -1
11809, 2074, 512, 2640, 410, 23618, 23951, 24286, 24619
2641 1 -1
11826, 2878, 890, 2485, 957, 23651, 23880, 24111, 24340
2657 1 -1
11872, 3120, 148, 3241, 1630, 23744, 24545, 25347, 26148
2673 1 -1
11898, 2616, 1007, 3001, 835, 23796, 24074, 24353, 24631
2689 1 -1
11935, 3119, 492, 3095, 1022, 23869, 24145, 24423, 24699
2705 1 -1
11964, 2274, 414, 3424, 565, 23928, 24578, 25229, 25879
2721 1 -1
11987, 2728, 705, 1978, 338, 23974, 24532, 25091, 25649
2737 1 -1
12027, 3092, 813, 3022, 585, 24053, 24201, 24351, 24499
2753 1 -1
12059, 2734, 1274, 2930, 943, 24117, 24380, 24644, 24907
2769 1 -1
12086, 2381, 757, 3209, 325, 24171, 24800, 25431, 26060
2785 1 -1
12124, 2679, 1087, 3529, 924, 24247, 24753, 25260, 25766
2801 1 -1
12147, 2428, 358, 3378, 381, 24293, 24779, 25266, 25752
2817 1 -1
12181, 3428, 375, 2692, 897, 24361, 24989, 25619, 26247
2833 1 -1
12207, 2305, 1480, 3715, 605, 24414, 25556, 26699, 27841
2849 1 -1
12234, 2410, 1147, 3464, 1573, 24467, 25206, 25947, 26686
2865 1 -1
12259, 3529, 1266, 3069, 542, 24517, 25108, 25701, 26292
2881 1 -1
12282, 3954, 1330, 9999, 6809, 24564, 30325, 36088, 41849
2897 1 -1
12316, 2452, 2103, 2073, 592, 24632, 25576, 26522, 27466
2913 1 -1
12343, 3017, 549, 2295, 1241, 24686, 25392, 26100, 26806
2929 1 -1
12371, 2955, 652, 2379, 988, 24742, 25197, 25654, 26109
2945 1 -1
12391, 3380, 927, 2862, 691, 24782, 25158, 25536, 25912
2961 1 -1
12414, 2847, 946, 3088, 690, 24827, 25075, 25324, 25572
2977 1 -1
12432, 2855, 1249, 2490, 1613, 24864, 25228, 25593, 25957
2993 1 -1
12477, 2768, 1982, 2161, 1332, 24954, 25582, 26211, 26839
3009 1 -1
12499, 2904, 1219, 2551, 979, 24997, 25293, 25590, 25886
3025 1 -1
12521, 2164, 1490, 3664, 122, 25042, 26475, 27910, 29343
3041 1 -1
12548, 2860, 1216, 3690, 835, 25095, 25700, 26306, 26911
3057 1 -1
12574, 2167, 816, 1630, 1655, 25147, 25834, 26523, 27210
3073 1 -1
12594, 3868, 1243, 1634, 279, 25188, 26786, 28386, 29984
3089 1 -1
12618, 2425, 1202, 2406, 869, 25235, 25410, 25587, 25762
3105 1 -1
12661, 2618, 843, 2729, 1488, 25322, 25699, 26078, 26455
3121 1 -1
12681, 3344, 1150, 9999, 676, 25361, 28925, 32490, 36054
3137 1 -1
12715, 2994, 1287, 2326, 906, 25430, 25954, 26479, 27003
3153 1 -1
12740, 2701, 982, 3067, 854, 25479, 25725, 25973, 26219
3169 1 -1
12764, 2452, 1579, 2896, 535, 25527, 26270, 27015, 27758
3185 1 -1
12784, 2390, 1312, 2958, 278, 25568, 26368, 27170, 27970
3201 1 -1
12815, 4156, 1635, 2517, 799, 25630, 26867, 28105, 29342
3217 1 -1
12827, 2531, 543, 2641, 1599, 25653, 26235, 26819, 27401
3233 1 -1
12848, 2706, 1792, 2586, 1423, 25695, 25939, 26184, 26428
3249 1 -1
12877, 2172, 958, 2739, 999, 25754, 26057, 26362, 26665
3265 1 -1
12898, 2556, 833, 2700, 842, 25795, 25871, 25948, 26024
3281 1 -1
12916, 2749, 396, 2780, 378, 25832, 25856, 25881, 25905
3297 1 -1
12943, 2519, 1687, 3291, 376, 25886, 26927, 27969, 29010
3313 1 -1
12963, 3761, 1828, 2165, 677, 25926, 27299, 28673, 30046
3329 1 -1
12998, 2664, 1258, 2465, 1795, 25995, 26362, 26731, 27098
3345 1 -1
13017, 2903, 1541, 3004, 1217, 26034, 26246, 26459, 26671
3361 1 -1
13046, 3023, 1107, 2426, 1203, 26091, 26437, 26784, 27130
3377 1 -1
13067, 3034, 1362, 2050, 144, 26134, 27234, 28336, 29436
3393 1 -1
13094, 2968, 532, 2971, 737, 26187, 26290, 26395, 26498
3409 1 -1
13121, 2287, 351, 1932, 1904, 26241, 27194, 28149, 29102
3425 1 -1
13148, 2375, 51, 2070, 206, 26296, 26525, 26756, 26985
3441 1 -1
13166, 2883, 1332, 2431, 961, 26331, 26742, 27154, 27565
3457 1 -1
13183, 2210, 1535, 2270, 217, 26366, 27054, 27744, 28432
3473 1 -1
13216, 2649, 447, 3445, 1806, 26431, 27508, 28586, 29663
3489 1 -1
13253, 3332, 1015, 1887, 457, 26506, 27507, 28509, 29510
3505 1 -1
13293, 2678, 1283, 2997, 1536, 26586, 26871, 27158, 27443
3521 1 -1
13327, 2043, 854, 2046, 1135, 26654, 26795, 26938, 27079
3537 1 -1
13356, 3078, 781, 2608, 492, 26712, 27091, 27471, 27850
3553 1 -1
13378, 2999, 422, 2497, 1154, 26755, 27371, 27989, 28605
3569 1 -1
13400, 2537, 1723, 2690, 852, 26799, 27310, 27823, 28334
3585 1 -1
13426, 3198, 1204, 2736, 963, 26851, 27202, 27554, 27905
3601 1 -1
13448, 3000, 1144, 2642, 1270, 26896, 27137, 27380, 27621
3617 1 -1
13479, 3085, 958, 2744, 1832, 26958, 27565, 28173, 28780
3633 1 -1
13497, 2634, 728, 2422, 1086, 26994, 27278, 27564, 27848
3649 1 -1
13518, 2500, 234, 1910, 675, 27035, 27550, 28066, 28581
3665 1 -1
13540, 3961, 812, 2644, 799, 27080, 27744, 28410, 29074
3681 1 -1
13569, 3472, 1421, 2718, 1824, 27137, 27715, 28294, 28872
3697 1 -1
13606, 2212, 1022, 2912, 1023, 27211, 27561, 27912, 28262
3713 1 -1
13626, 2266, 1324, 2732, 1452, 27251, 27547, 27845, 28141
3729 1 -1
13654, 2125, 1267, 2813, 151, 27307, 28208, 29111, 30012
3745 1 -1
13678, 2489, 1720, 3202, 963, 27355, 28089, 28825, 29559
3761 1 -1
13702, 3180, 1204, 9999, 6650, 27404, 33536, 39669, 45801
3777 1 -1
13733, 2461, 1428, 3139, 1606, 27466, 27893, 28322, 28749
3793 1 -1
13759, 1887, 1325, 2291, 1671, 27518, 27892, 28268, 28642
3809 1 -1
13793, 2799, 372, 3812, 1831, 27585, 28820, 30057, 31292
3825 1 -1
13825, 3220, 1426, 9999, 124, 27649, 31689, 35730, 39770
3841 1 -1
13855, 3835, 1039, 2128, 1035, 27710, 28565, 29421, 30276
3857 1 -1
13880, 3219, 452, 2897, 1187, 27760, 28288, 28817, 29345
3873 1 -1
13912, 2383, 723, 2932, 566, 27824, 28176, 28530, 28882
3889 1 -1
13934, 3326, 1616, 3165, 1095, 27868, 28208, 28550, 28890
3905 1 -1
13957, 3050, 936, 3553, 996, 27913, 28194, 28476, 28757
3921 1 -1
13990, 2458, 1722, 2891, 1418, 27979, 28347, 28716, 29084
3937 1 -1
14019, 2763, 1061, 2784, 1214, 28038, 28124, 28212, 28298
3953 1 -1
14054, 1810, 929, 3317, 744, 28107, 28952, 29799, 30644
3969 1 -1
14087, 2758, 638, 3353, 776, 28174, 28540, 28907, 29273
3985 1 -1
14122, 2488, 1120, 3382, 1068, 28243, 28715, 29189, 29661
4001 1 -1
14153, 2586, 1256, 3077, 1067, 28305, 28644, 28985, 29324
4017 1 -1
14177, 2836, 1361, 2247, 299, 28354, 29179, 30005, 30830
4033 1 -1
14204, 2391, 741, 2607, 1018, 28408, 28654, 28901, 29147
4049 1 -1
14228, 3204, 1354, 3495, 534, 28456, 29011, 29567, 30122
4065 1 -1
14252, 3021, 1327, 2900, 782, 28504, 28836, 29170, 29502
4081 1 -1
14273, 2264, 673, 2681, 1113, 28545, 28973, 29402, 29830
4097 1 -1
14296, 3243, 833, 2300, 930, 28591, 29110, 29631, 30150
4113 1 -1
14312, 3239, 1708, 1959, 179, 28624, 30028, 31433, 32837
4129 1 -1
14331, 2753, 680, 9999, 58, 28661, 32594, 36529, 40462
4145 1 -1
14355, 2227, 1361, 3805, 1479, 28710, 29557, 30406, 31253
4161 1 -1
14365, 2506, 490, 2680, 843, 28729, 28992, 29256, 29519
4177 1 -1
14393, 3663, 1082, 2843, 982, 28785, 29244, 29705, 30164
4193 1 -1
14411, 3025, 1007, 2292, 590, 28821, 29395, 29971, 30545
4209 1 -1
14436, 2854, 482, 2352, 590, 28871, 29175, 29481, 29785
4225 1 -1
14451, 3825, 2131, 2358, 696, 28901, 30351, 31803, 33253
4241 1 -1
14471, 2423, 969, 3007, 620, 28941, 29407, 29874, 30340
4257 1 -1
14498, 1771, 1476, 2522, 1103, 28996, 29557, 30120, 30681
4273 1 -1
14518, 2108, 1421, 2010, 1234, 29035, 29177, 29320, 29462
4289 1 -1
14535, 2389, 1005, 2316, 1724, 29070, 29465, 29862, 30257
4305 1 -1
14558, 2662, 1314, 2534, 2191, 29115, 29617, 30120, 30622
4321 1 -1
14591, 2773, 1780, 2501, 543, 29181, 29935, 30690, 31444
4337 1 -1
14616, 2405, 545, 1314, 880, 29232, 29944, 30658, 31370
4353 1 -1
14638, 3230, 916, 3236, 986, 29275, 29312, 29351, 29388
4369 1 -1
14660, 2499, 448, 2029, 1378, 29320, 30019, 30720, 31419
4385 1 -1
14676, 2267, 1061, 3185, 1705, 29351, 30131, 30913, 31693
4401 1 -1
14700, 2761, 1255, 1545, 1064, 29400, 30103, 30807, 31510
4417 1 -1
14724, 2044, 648, 2701, 478, 29447, 29860, 30274, 30687
4433 1 -1
14751, 2983, 1364, 3013, 1258, 29501, 29568, 29637, 29704
4449 1 -1
14773, 2858, 200, 2947, 1809, 29546, 30394, 31244, 32092
4465 1 -1
14799, 2614, 648, 2848, 1108, 29597, 29943, 30291, 30637
4481 1 -1
14823, 2868, 1774, 3012, 1113, 29645, 30047, 30450, 30852
4497 1 -1
14851, 2584, 1177, 3634, 821, 29701, 30403, 31107, 31809
4513 1 -1
14887, 2742, 1122, 2594, 885, 29773, 29965, 30158, 30350
4529 1 -1
14911, 3228, 338, 2938, 1146, 29821, 30369, 30919, 31467
4545 1 -1
14936, 1691, 925, 3118, 1688, 29872, 30966, 32062, 33156
4561 1 -1
14959, 3177, 967, 2188, 780, 29918, 30505, 31094, 31681
4577 1 -1
14983, 3090, 861, 3224, 1379, 29965, 30290, 30617, 30942
4593 1 -1
15001, 3017, 748, 3500, 880, 30002, 30309, 30617, 30924
4609 1 -1
15021, 1852, 1227, 2992, 1621, 30041, 30807, 31575, 32341
4625 1 -1
15043, 3493, 475, 3350, 670, 30085, 30253, 30423, 30591
4641 1 -1
15067, 2065, 367, 2432, 528, 30134, 30397, 30662, 30925
4657 1 -1
15089, 2490, 20, 2304, 1169, 30177, 30844, 31512, 32179
4673 1 -1
15112, 2234, 863, 2304, 956, 30224, 30305, 30387, 30468
4689 1 -1
15130, 3052, 1274, 3600, 885, 30260, 30728, 31197, 31665
4705 1 -1
15157, 1564, 1153, 2358, 684, 30313, 30944, 31576, 32207
4721 1 -1
15183, 3360, 676, 2470, 662, 30365, 30816, 31269, 31720
4737 1 -1
15200, 2489, 839, 3193, 1751, 30399, 31206, 32015, 32822
4753 1 -1
15218, 3489, 1766, 485, 266, 30435, 32686, 34939, 37190
4769 1 -1
15247, 2638, 1087, 2478, 769, 30493, 30731, 30971, 31209
4785 1 -1
15269, 2087, 561, 3113, 1400, 30537, 31469, 32402, 33334
4801 1 -1
15284, 2322, 716, 2921, 167, 30568, 31141, 31716, 32289
4817 1 -1
15301, 2337, 1871, 2701, 1696, 30602, 30871, 31141, 31410
4833 1 -1
15322, 2151, 724, 2221, 539, 30643, 30770, 30898, 31025
4849 1 -1
15343, 2703, 1349, 3508, 80, 30686, 31722, 32760, 33796
4865 1 -1
15368, 2569, 575, 2342, 519, 30735, 30876, 31018, 31159
4881 1 -1
15390, 2956, 1162, 2526, 926, 30779, 31111, 31445, 31777
4897 1 -1
15406, 2869, 567, 3129, 631, 30811, 30972, 31135, 31296
4913 1 -1
15426, 2521, 0, 3709, 1257, 30852, 32074, 33297, 34519
4929 1 -1
15443, 3427, 419, 2764, 1446, 30885, 31729, 32575, 33419
4945 1 -1
15476, 3387, 1200, 2170, 2256, 30952, 32088, 33225, 34361
4961 1 -1
15503, 3095, 1009, 2573, 1420, 31005, 31471, 31938, 32404
4977 1 -1
15526, 2143, 118, 3582, 1647, 31051, 32534, 34019, 35502
4993 1 -1
15555, 2407, 346, 2828, 1038, 31110, 31666, 32223, 32779
5009 1 -1
15576, 3042, 757, 2825, 49, 31151, 31613, 32076, 32538
5025 1 -1
15594, 3119, 650, 2333, 551, 31187, 31629, 32072, 32514
5041 1 -1
15614, 3079, 2052, 3853, 1210, 31227, 32034, 32843, 33650
5057 1 -1
15647, 2655, 1556, 3805, 1866, 31293, 32022, 32753, 33482
5073 1 -1
15669, 3215, 494, 2472, 999, 31337, 31960, 32585, 33208
5089 1 -1
15689, 4103, 1617, 2347, 364, 31378, 32882, 34387, 35891
5105 1 -1
15708, 2749, 1052, 2449, 1528, 31416, 31803, 32192, 32579
5121 1 -1
15733, 2829, 1066, 3284, 971, 31466, 31740, 32016, 32290
5137 1 -1
15750, 2776, 1239, 3349, 371, 31500, 32220, 32941, 33661
5153 1 -1
15776, 2388, 1367, 2498, 1266, 31551, 31656, 31762, 31867
5169 1 -1
15792, 3146, 673, 3110, 856, 31584, 31693, 31803, 31912
5185 1 -1
15811, 2236, 1181, 2868, 1256, 31622, 31975, 32329, 32682
5201 1 -1
15848, 2321, 979, 2918, 1176, 31696, 32092, 32490, 32886
5217 1 -1
15859, 2241, 843, 3605, 1591, 31718, 32773, 33830, 34885
5233 1 -1
15890, 2743, 1095, 3971, 1159, 31779, 32424, 33071, 33716
5249 1 -1
15918, 3167, 1108, 2588, 1086, 31835, 32135, 32436, 32736
5265 1 -1
15936, 3184, 905, 3649, 1360, 31872, 32331, 32792, 33251
5281 1 -1
15957, 2430, 1263, 2931, 1110, 31913, 32239, 32567, 32893
5297 1 -1
15978, 2528, 1694, 2080, 665, 31956, 32694, 33433, 34171
5313 1 -1
16001, 2223, 852, 2502, 1089, 32001, 32258, 32517, 32774
5329 1 -1
16023, 2867, 1782, 3322, 1427, 32046, 32450, 32856, 33260
5345 1 -1
16051, 2089, 1452, 715, 417, 32102, 33306, 34511, 35715
5361 1 -1
16071, 2603, 1286, 2060, 95, 32141, 33007, 33875, 34741
5377 1 -1
16091, 2556, 87, 3262, 1209, 32181, 33094, 34009, 34922
5393 1 -1
16116, 3108, 898, 3338, 818, 32231, 32385, 32541, 32695
5409 1 -1
16133, 2430, 1364, 3246, 776, 32266, 32967, 33670, 34371
5425 1 -1
16158, 3289, 1238, 2216, 783, 32316, 33079, 33844, 34607
5441 1 -1
16181, 3109, 1083, 3614, 666, 32362, 32822, 33284, 33744
5457 1 -1
16213, 3029, 1851, 2813, 1139, 32425, 32888, 33353, 33816
5473 1 -1
16238, 2660, 259, 2679, 1649, 32476, 33180, 33885, 34589
5489 1 -1
16257, 2716, 1785, 2382, 1229, 32513, 32957, 33403, 33847
5505 1 -1
16287, 2634, 1337, 3202, 1062, 32573, 32994, 33416, 33837
5521 1 -1
16298, 4110, 1016, 2647, 778, 32595, 33445, 34296, 35146
5537 1 -1
16326, 2392, 1192, 2261, 1395, 32652, 32818, 32986, 33152
5553 1 -1
16344, 3155, 307, 2486, 1670, 32688, 33703, 34720, 35735
5569 1 -1
16367, 3391, 413, 2599, 1229, 32733, 33536, 34341, 35144
5585 1 -1
16383, 2822, 1548, 2987, 597, 32765, 33322, 33881, 34438
5601 1 -1
16400, 2118, 738, 3014, 1529, 32799, 33642, 34486, 35329
5617 1 -1
16412, 3628, 769, 2928, 919, 32824, 33248, 33674, 34098
5633 1 -1
16430, 2908, 1551, 2621, 1802, 32859, 33127, 33397, 33665
5649 1 -1
16456, 3484, 1210, 3405, 1202, 32911, 32954, 32998, 33041
5665 1 -1
16487, 2729, 1322, 2680, 1092, 32974, 33113, 33253, 33392
5681 1 -1
16511, 2672, 1500, 2782, 954, 33021, 33348, 33677, 34004
5697 1 -1
16540, 3160, 392, 3470, 283, 33079, 33288, 33498, 33707
5713 1 -1
16560, 2979, 1374, 2332, 1064, 33119, 33597, 34076, 34554
5729 1 -1
16571, 2252, 841, 3156, 1631, 33142, 33988, 34836, 35682
5745 1 -1
16595, 2075, 428, 3010, 1754, 33189, 34319, 35450, 36580
5761 1 -1
16610, 2012, 764, 2814, 699, 33220, 33653, 34087, 34520
5777 1 -1
16633, 2247, 778, 2937, 1279, 33265, 33860, 34456, 35051
5793 1 -1
16652, 2778, 1352, 2788, 294, 33304, 33837, 34372, 34905
5809 1 -1
16669, 3743, 824, 3286, 1181, 33338, 33744, 34152, 34558
5825 1 -1
16684, 2742, 1341, 3516, 971, 33368, 33939, 34512, 35083
5841 1 -1
16709, 2072, 1475, 2555, 1021, 33417, 33885, 34354, 34822
5857 1 -1
16734, 3030, 389, 2969, 333, 33467, 33525, 33584, 33642
5873 1 -1
16752, 2340, 643, 2284, 1407, 33503, 33912, 34323, 34732
5889 1 -1
16772, 2764, 907, 3643, 2224, 33543, 34640, 35739, 36836
5905 1 -1
16793, 2294, 1703, 3057, 683, 33585, 34476, 35368, 36259
5921 1 -1
16811, 2795, 1321, 569, 8117, 33622, 38132, 42644, 47154
5937 1 -1
16828, 1713, 1541, 3660, 822, 33655, 34987, 36321, 37653
5953 1 -1
16849, 3223, 970, 3883, 1870, 33698, 34477, 35258, 36037
5969 1 -1
16877, 3314, 255, 2220, 601, 33754, 34473, 35194, 35913
5985 1 -1
16900, 3520, 1256, 2384, 783, 33800, 34604, 35409, 36213
6001 1 -1
16924, 3016, 1572, 2566, 802, 33848, 34457, 35068, 35677
6017 1 -1
16949, 2416, 1052, 9999, 1, 33898, 38214, 42532, 46848
6033 1 -1
16970, 2470, 312, 2433, 1336, 33939, 34469, 35000, 35530
6049 1 -1
16991, 2582, 1181, 3502, 924, 33982, 34570, 35159, 35747
6065 1 -1
17007, 2399, 1474, 2869, 807, 34014, 34582, 35151, 35719
6081 1 -1
17019, 1949, 1178, 1833, 1097, 34038, 34136, 34235, 34333
6097 1 -1
17042, 2624, 1438, 2295, 115, 34084, 34909, 35736, 36561
6113 1 -1
17066, 2606, 874, 3107, 1184, 34132, 34537, 34943, 35348
6129 1 -1
17094, 2162, 908, 1080, 110, 34187, 35126, 36067, 37006
6145 1 -1
17110, 2094, 983, 3066, 1532, 34219, 34979, 35740, 36500
6161 1 -1
17134, 2892, 231, 9999, 310, 34267, 37859, 41453, 45045
6177 1 -1
17150, 3139, 1276, 2432, 1294, 34299, 34661, 35024, 35386
6193 1 -1
17172, 2797, 1436, 2418, 1958, 34344, 34794, 35245, 35695
6209 1 -1
17202, 2926, 1429, 2409, 1265, 34403, 34743, 35084, 35424
6225 1 -1
17216, 2735, 1264, 3753, 1854, 34432, 35235, 36040, 36843
6241 1 -1
17242, 2759, 776, 2818, 1664, 34484, 34957, 35431, 35904
6257 1 -1
17271, 2045, 753, 2021, 1745, 34541, 35048, 35557, 36064
6273 1 -1
17287, 2847, 230, 3410, 857, 34573, 35167, 35763, 36357
6289 1 -1
17309, 3243, 889, 2790, 1206, 34618, 35002, 35388, 35772
6305 1 -1
17332, 1836, 767, 3033, 763, 34663, 35263, 35864, 36464
6321 1 -1
17362, 3217, 468, 3027, 133, 34723, 34985, 35248, 35510
6337 1 -1
17374, 2657, 1456, 2536, 1764, 34747, 34961, 35176, 35390
6353 1 -1
17391, 3136, 1231, 3101, 551, 34781, 35138, 35496, 35853
6369 1 -1
17406, 2364, 1350, 2746, 1756, 34811, 35204, 35599, 35992
6385 1 -1
17431, 2625, 2251, 1943, 917, 34862, 35869, 36878, 37885
6401 1 -1
17451, 2204, 616, 3129, 987, 34901, 35548, 36197, 36844
6417 1 -1
17472, 3014, 1388, 2821, 1203, 34944, 35132, 35322, 35510
6433 1 -1
17493, 3869, 304, 3779, 1063, 34986, 35410, 35835, 36259
6449 1 -1
17519, 3216, 904, 2949, 601, 35037, 35321, 35607, 35891
6465 1 -1
17547, 2079, 1040, 3029, 1587, 35094, 35842, 36591, 37339
6481 1 -1
17567, 2536, 1226, 2342, 552, 35133, 35566, 36001, 36434
6497 1 -1
17585, 3287, 1226, 2397, 960, 35169, 35746, 36325, 36902
6513 1 -1
17606, 2975, 733, 3337, 1605, 35212, 35828, 36446, 37062
6529 1 -1
17629, 3476, 852, 2745, 1797, 35257, 36094, 36933, 37770
6545 1 -1
17654, 2957, 1087, 2005, 535, 35307, 36058, 36811, 37562
6561 1 -1
17679, 2274, 1200, 2086, 621, 35357, 35740, 36124, 36507
6577 1 -1
17698, 2389, 1466, 2930, 980, 35395, 35908, 36422, 36935
6593 1 -1
17724, 2631, 453, 2914, 1747, 35448, 36236, 37025, 37813
6609 1 -1
17745, 2351, 1722, 1732, 963, 35489, 36177, 36867, 37555
6625 1 -1
17765, 3767, 1017, 2812, 1280, 35529, 36137, 36747, 37355
6641 1 -1
17782, 1543, 481, 1959, 683, 35564, 35872, 36182, 36490
6657 1 -1
17801, 2497, 188, 2316, 785, 35602, 35990, 36380, 36768
6673 1 -1
17813, 2931, 1104, 3434, 687, 35625, 36084, 36545, 37004
6689 1 -1
17837, 3162, 759, 2860, 1033, 35673, 35960, 36249, 36536
6705 1 -1
17857, 2529, 1069, 2537, 1357, 35713, 35860, 36009, 36156
6721 1 -1
17878, 2874, 649, 3005, 2386, 35756, 36689, 37624, 38557
6737 1 -1
17898, 2730, 285, 4000, 1703, 35796, 37139, 38484, 39827
6753 1 -1
17916, 2609, 685, 3485, 1003, 35831, 36427, 37025, 37621
6769 1 -1
17942, 2533, 640, 2518, 592, 35884, 35915, 35947, 35978
6785 1 -1
17976, 1617, 879, 3186, 948, 35952, 36770, 37590, 38408
6801 1 -1
17993, 2023, 546, 3105, 611, 35985, 36558, 37132, 37705
6817 1 -1
18024, 3449, 515, 2681, 1284, 36047, 36815, 37584, 38352
6833 1 -1
18044, 3537, 1341, 3169, 614, 36088, 36635, 37183, 37730
6849 1 -1
18065, 2896, 1021, 2678, 1361, 36129, 36407, 36687, 36965
6865 1 -1
18093, 2674, 1199, 2168, 1087, 36186, 36494, 36804, 37112
6881 1 -1
18110, 3099, 1856, 3053, 705, 36219, 36817, 37416, 38014
6897 1 -1
18131, 2291, 1530, 1927, 1954, 36262, 36655, 37050, 37443
6913 1 -1
18155, 3225, 932, 2461, 1165, 36309, 36807, 37306, 37804
6929 1 -1
18176, 3246, 1082, 2740, 615, 36351, 36837, 37324, 37810
6945 1 -1
18200, 2648, 988, 2845, 754, 36400, 36615, 36831, 37046
6961 1 -1
18221, 2573, 1147, 2987, 1297, 36442, 36723, 37006, 37287
6977 1 -1
18245, 3163, 2115, 2871, 978, 36490, 37204, 37919, 38633
6993 1 -1
18274, 2204, 1404, 3306, 1096, 36547, 37251, 37957, 38661
7009 1 -1
18298, 2346, 1046, 3867, 465, 36596, 37646, 38698, 39748
7025 1 -1
18325, 2058, 1272, 3227, 1298, 36649, 37246, 37844, 38441
7041 1 -1
18348, 2892, 626, 3359, 1003, 36696, 37117, 37540, 37961
7057 1 -1
18367, 2832, 663, 3136, 378, 36734, 37028, 37323, 37617
7073 1 -1
18390, 3108, 507, 2461, 1215, 36779, 37456, 38134, 38811
7089 1 -1
18411, 2389, 1024, 2770, 1614, 36821, 37306, 37792, 38277
7105 1 -1
18438, 2587, 2104, 3840, 1480, 36875, 37813, 38752, 39690
7121 1 -1
18457, 2330, 831, 2885, 428, 36914, 37392, 37872, 38350
7137 1 -1
18480, 2157, 598, 2414, 60, 36959, 37356, 37754, 38151
7153 1 -1
18505, 2833, 1266, 3024, 1130, 37009, 37172, 37336, 37499
7169 1 -1
18529, 2631, 1676, 3892, 1480, 37058, 37786, 38515, 39243
7185 1 -1
18553, 3169, 384, 3006, 493, 37106, 37241, 37378, 37513
7201 1 -1
18580, 2586, 674, 2963, 1487, 37160, 37754, 38350, 38944
7217 1 -1
18615, 1954, 1134, 3860, 1246, 37230, 38238, 39248, 40256
7233 1 -1
18643, 2372, 812, 2902, 835, 37285, 37561, 37838, 38114
7249 1 -1
18660, 3787, 511, 800, 326, 37320, 38905, 40492, 42077
7265 1 -1
18683, 3077, 1868, 2616, 1225, 37366, 37917, 38470, 39021
7281 1 -1
18701, 3216, 1711, 2778, 1511, 37402, 37720, 38040, 38358
7297 1 -1
18731, 3378, 993, 2890, 961, 37461, 37720, 37981, 38240
7313 1 -1
18762, 2292, 1130, 3379, 2139, 37523, 38570, 39619, 40666
7329 1 -1
18783, 3164, 1221, 3003, 983, 37566, 37765, 37965, 38164
7345 1 -1
18801, 2610, 2311, 3564, 783, 37602, 38842, 40084, 41324
7361 1 -1
18824, 3001, 2049, 2519, 1058, 37648, 38384, 39121, 39857
7377 1 -1
18848, 3285, 1093, 3564, 1093, 37696, 37835, 37975, 38114
7393 1 -1
18864, 2686, 1132, 2440, 1316, 37727, 37941, 38157, 38371
7409 1 -1
18893, 2819, 1273, 2467, 1103, 37786, 38046, 38308, 38568
7425 1 -1
18903, 2436, 918, 2430, 1580, 37805, 38138, 38473, 38806
7441 1 -1
18927, 3261, 1013, 2513, 1048, 37854, 38245, 38637, 39028
7457 1 -1
18957, 2547, 1277, 2844, 1351, 37913, 38098, 38284, 38469
7473 1 -1
18985, 1859, 242, 1588, 1538, 37969, 38752, 39536, 40319
7489 1 -1
19010, 2476, 1244, 3016, 1384, 38020, 38359, 38700, 39039
7505 1 -1
19031, 3036, 1134, 3944, 808, 38061, 38677, 39295, 39911
7521 1 -1
19054, 3213, 1414, 2603, 1900, 38108, 38655, 39204, 39751
7537 1 -1
19085, 3129, 1563, 3434, 639, 38170, 38784, 39399, 40013
7553 1 -1
19114, 2748, 1472, 3383, 1523, 38227, 38569, 38913, 39255
7569 1 -1
19145, 2421, 603, 2635, 830, 38289, 38509, 38730, 38950
7585 1 -1
19177, 2562, 389, 2774, 944, 38354, 38737, 39121, 39504
7601 1 -1
19194, 1975, 1242, 2394, 1145, 38387, 38644, 38903, 39160
7617 1 -1
19220, 2647, 1389, 2923, 351, 38440, 39096, 39754, 40410
7633 1 -1
19241, 2990, 17, 2324, 689, 38482, 39150, 39820, 40488
7649 1 -1
19262, 2422, 551, 3168, 1610, 38524, 39426, 40329, 41231
7665 1 -1
19281, 2552, 819, 2652, 1030, 38562, 38717, 38873, 39028
7681 1 -1
19301, 3073, 1513, 3289, 737, 38601, 39096, 39593, 40088
7697 1 -1
19335, 2415, 686, 2179, 8438, 38669, 42662, 46657, 50650
7713 1 -1
19366, 3051, 931, 2761, 637, 38732, 39023, 39316, 39607
7729 1 -1
19395, 3111, 911, 2091, 518, 38789, 39495, 40202, 40908
7745 1 -1
19414, 3046, 282, 1810, 1579, 38827, 40093, 41360, 42626
7761 1 -1
19429, 2655, 1541, 2520, 1463, 38858, 38964, 39071, 39177
7777 1 -1
19460, 2256, 1107, 3582, 759, 38920, 39756, 40594, 41430
7793 1 -1
19487, 2368, 1727, 2816, 1240, 38973, 39440, 39908, 40375
7809 1 -1
19506, 2560, 1074, 2410, 1162, 39011, 39129, 39249, 39367
7825 1 -1
19534, 2160, 879, 1594, 1246, 39068, 39534, 40001, 40467
7841 1 -1
19560, 2710, 1322, 2836, 1105, 39120, 39291, 39463, 39634
7857 1 -1
19583, 3433, 1010, 2104, 652, 39165, 40008, 40852, 41695
7873 1 -1
19605, 2782, 2482, 3151, 573, 39209, 40347, 41487, 42625
7889 1 -1
19633, 2115, 992, 2003, 743, 39266, 39446, 39627, 39807
7905 1 -1
19648, 3484, 851, 2318, 191, 39296, 40208, 41122, 42034
7921 1 -1
19675, 2971, 1470, 2879, 1339, 39349, 39460, 39572, 39683
7937 1 -1
19702, 2953, 1724, 2515, 839, 39403, 40064, 40726, 41387
7953 1 -1
19723, 3215, 1062, 2888, 1151, 39446, 39653, 39862, 40069
7969 1 -1
19750, 1907, 1280, 2142, 1911, 39500, 39932, 40366, 40798
7985 1 -1
19785, 3282, 1525, 2552, 825, 39570, 40284, 41000, 41714
8001 1 -1
19806, 3335, 1117, 2987, 1043, 39612, 39822, 40034, 40244
8017 1 -1
19845, 3065, 466, 2782, 1596, 39689, 40395, 41102, 41808
8033 1 -1
19874, 2420, 765, 3309, 1104, 39748, 40361, 40976, 41589
8049 1 -1
19893, 2717, 801, 2783, 1282, 39785, 40058, 40332, 40605
8065 1 -1
19921, 3308, 1112, 2723, 1297, 39841, 40225, 40611, 40995
8081 1 -1
19942, 2701, 871, 2665, 1606, 39884, 40269, 40655, 41040
8097 1 -1
19970, 2523, 1058, 3340, 2080, 39940, 40859, 41779, 42698
8113 1 -1
19993, 2481, 1320, 2964, 585, 39986, 40594, 41204, 41812
8129 1 -1
20019, 2914, 428, 9999, 162, 40037, 43712, 47388, 51063
8145 1 -1
20058, 2520, 388, 1688, 1124, 40116, 40899, 41684, 42467
8161 1 -1
20088, 1888, 1040, 9999, 192, 40176, 44655, 49135, 53614
8177 1 -1
20115, 2890, 948, 2358, 1070, 40230, 40556, 40884, 41210
8193 1 -1
20153, 1909, 1729, 2901, 1151, 40306, 41090, 41876, 42660
8209 1 -1
20174, 3060, 958, 3018, 1171, 40347, 40474, 40602, 40729
8225 1 -1
20196, 3182, 297, 2653, 916, 40392, 40965, 41540, 42113
8241 1 -1
20227, 2777, 1201, 2975, 1481, 40453, 40691, 40931, 41169
8257 1 -1
20256, 3010, 1519, 3164, 1059, 40512, 40818, 41126, 41432
8273 1 -1
20298, 3224, 847, 2766, 462, 40595, 41016, 41438, 41859
8289 1 -1
20319, 2882, 491, 2316, 688, 40637, 41018, 41400, 41781
8305 1 -1
20364, 2745, 700, 2635, 738, 40728, 40801, 40876, 40949
8321 1 -1
20385, 2531, 67, 3786, 719, 40769, 41722, 42676, 43629
8337 1 -1
20406, 2518, 1100, 2396, 1283, 40811, 40963, 41116, 41268
8353 1 -1
20432, 3550, 1342, 2730, 1457, 40864, 41331, 41799, 42266
8369 1 -1
20463, 2458, 1540, 2525, 824, 40925, 41316, 41708, 42099
8385 1 -1
20490, 3058, 775, 2731, 1075, 40979, 41292, 41606, 41919
8401 1 -1
20518, 3712, 1514, 2230, 330, 41035, 42367, 43701, 45033
8417 1 -1
20538, 3273, 1097, 3357, 928, 41076, 41202, 41329, 41455
8433 1 -1
20576, 2600, 1426, 2944, 929, 41152, 41572, 41993, 42413
8449 1 -1
20601, 2465, 1139, 2130, 777, 41202, 41550, 41899, 42247
8465 1 -1
20631, 2601, 675, 2752, 855, 41261, 41426, 41592, 41757
8481 1 -1
20667, 3805, 1869, 3225, 553, 41334, 42281, 43230, 44177
8497 1 -1
20704, 2332, 1216, 2755, 932, 41408, 41761, 42115, 42468
8513 1 -1
20730, 2854, 772, 3234, 1788, 41460, 42157, 42856, 43553
8529 1 -1
20763, 3348, 918, 3110, 1420, 41526, 41895, 42266, 42635
8545 1 -1
20784, 2886, 555, 3575, 1427, 41568, 42348, 43129, 43909
8561 1 -1
20810, 3667, 1955, 2202, 396, 41619, 43130, 44643, 46154
8577 1 -1
20835, 3437, 1253, 3085, 1092, 41670, 41926, 42183, 42439
8593 1 -1
20863, 3070, 868, 9999, 550, 41726, 45349, 48973, 52596
8609 1 -1
20894, 3355, 1160, 1347, 412, 41788, 43165, 44544, 45921
8625 1 -1
20931, 2839, 1574, 2759, 948, 41861, 42213, 42567, 42919
8641 1 -1
20965, 2676, 635, 1975, 554, 41929, 42319, 42711, 43101
8657 1 -1
20990, 3142, 1004, 3604, 1215, 41979, 42315, 42652, 42988
8673 1 -1
21030, 2508, 1378, 2702, 1523, 42060, 42229, 42399, 42568
8689 1 -1
21056, 2519, 1171, 3340, 810, 42111, 42701, 43293, 43883
8705 1 -1
21101, 3670, 939, 995, 774, 42202, 43621, 45042, 46461
8721 1 -1
21122, 2295, 555, 2604, 1740, 42243, 42989, 43737, 44483
8737 1 -1
21137, 2155, 721, 2877, 1240, 42274, 42894, 43515, 44135
8753 1 -1
21169, 1716, 1022, 2965, 1725, 42338, 43313, 44290, 45265
8769 1 -1
21200, 2105, 1697, 3462, 826, 42399, 43512, 44627, 45740
8785 1 -1
21228, 2961, 741, 2812, 1580, 42455, 42948, 43443, 43936
8801 1 -1
21247, 2945, 1052, 2601, 764, 42493, 42808, 43125, 43440
8817 1 -1
21282, 1977, 548, 2854, 1364, 42564, 43410, 44257, 45103
8833 1 -1
21312, 3134, 1197, 2186, 1796, 42623, 43396, 44170, 44943
8849 1 -1
21342, 2706, 1652, 3401, 1059, 42683, 43326, 43971, 44614
8865 1 -1
21379, 3267, 1387, 3541, 1490, 42758, 42946, 43135, 43323
8881 1 -1
21423, 2664, 1438, 2990, 450, 42845, 43501, 44159, 44815
8897 1 -1
21447, 3599, 1003, 2270, 845, 42893, 43636, 44380, 45123
8913 1 -1
21486, 2604, 870, 2427, 725, 42971, 43131, 43293, 43453
8929 1 -1
21517, 2886, 1084, 2326, 1364, 43034, 43453, 43874, 44293
8945 1 -1
21551, 2578, 1612, 2486, 780, 43101, 43562, 44025, 44486
8961 1 -1
21588, 2977, 862, 3079, 1646, 43175, 43617, 44061, 44503
8977 1 -1
21621, 2970, 1067, 2413, 980, 43242, 43563, 43886, 44207
8993 1 -1
21654, 4457, 1322, 2583, 714, 43307, 44547, 45789, 47029
9009 1 -1
21704, 2276, 1294, 3089, 1317, 43408, 43825, 44244, 44661
9025 1 -1
21734, 3293, 1360, 2955, 1391, 43468, 43652, 43837, 44021
9041 1 -1
21771, 2136, 1196, 3102, 1079, 43541, 44082, 44624, 45165
9057 1 -1
21792, 3287, 1514, 3169, 992, 43583, 43902, 44223, 44542
9073 1 -1
21817, 2701, 679, 3663, 613, 43633, 44146, 44661, 45174
9089 1 -1
21851, 2978, 1005, 3169, 851, 43702, 43874, 44047, 44219
9105 1 -1
21883, 2609, 1171, 2734, 876, 43765, 43974, 44185, 44394
9121 1 -1
21917, 2424, 643, 2303, 1960, 43834, 44552, 45272, 45990
9137 1 -1
21943, 2370, 1125, 2659, 1199, 43885, 44066, 44248, 44429
9153 1 -1
21980, 2798, 1406, 2810, 1515, 43959, 44019, 44080, 44140
9169 1 -1
22005, 2923, 1378, 2569, 345, 44009, 44702, 45396, 46089
9185 1 -1
22024, 2505, 955, 2122, 1006, 44048, 44264, 44482, 44698
9201 1 -1
22056, 2505, 433, 2407, 1052, 44111, 44469, 44828, 45186
9217 1 -1
22101, 2108, 1240, 2452, 1088, 44201, 44448, 44697, 44944
9233 1 -1
22148, 2942, 1241, 2506, 419, 44295, 44923, 45553, 46181
9249 1 -1
22184, 3870, 1482, 1746, 553, 44368, 45894, 47421, 48947
9265 1 -1
22227, 3670, 925, 3906, 1656, 44453, 44936, 45420, 45903
9281 1 -1
22250, 2524, 721, 2957, 1364, 44499, 45036, 45575, 46112
9297 1 -1
22297, 1932, 1860, 2602, 1272, 44593, 45221, 45851, 46479
9313 1 -1
22327, 2710, 1141, 2468, 1710, 44653, 45058, 45464, 45869
9329 1 -1
22402, 3227, 71, 2758, 1362, 44804, 45683, 46564, 47443
9345 1 -1
22423, 2812, 497, 3325, 898, 44846, 45302, 45760, 46216
9361 1 -1
22470, 2492, 1163, 2664, 2177, 44940, 45532, 46126, 46718
9377 1 -1
22502, 2841, 1044, 2441, 554, 45004, 45448, 45894, 46338
9393 1 -1
22552, 3305, 151, 2504, 1704, 45104, 46280, 47458, 48634
9409 1 -1
22592, 2599, 1594, 3106, 1401, 45184, 45533, 45884, 46233
9425 1 -1
22633, 2352, 376, 2706, 680, 45266, 45594, 45924, 46252
9441 1 -1
22693, 2876, 1024, 3327, 1127, 45386, 45662, 45940, 46216
9457 1 -1
22725, 3320, 659, 2960, 801, 45449, 45699, 45951, 46201
9473 1 -1
22771, 2419, 1041, 3751, 140, 45541, 46657, 47774, 48890
9489 1 -1
22825, 2974, 859, 3095, 1244, 45649, 45901, 46155, 46407
9505 1 -1
22854, 2128, 820, 2805, 477, 45707, 46216, 46727, 47236
9521 1 -1
22905, 3035, 1547, 2915, 1350, 45810, 45968, 46127, 46285
9537 1 -1
22951, 2871, 875, 2176, 1148, 45901, 46384, 46869, 47352
9553 1 -1
22999, 3751, 1781, 2715, 603, 45997, 47103, 48211, 49317
9569 1 -1
23034, 2832, 993, 2253, 99, 46068, 46804, 47541, 48277
9585 1 -1
23081, 2701, 1745, 2375, 893, 46162, 46750, 47340, 47928
9601 1 -1
23117, 2565, 654, 2663, 728, 46234, 46319, 46406, 46491
9617 1 -1
23192, 2292, 1264, 2371, 1914, 46384, 46748, 47113, 47477
9633 1 -1
23231, 2727, 1449, 2398, 1970, 46461, 46885, 47311, 47735
9649 1 -1
23277, 3184, 1015, 2023, 738, 46553, 47271, 47991, 48709
9665 1 -1
23309, 2307, 2177, 3170, 1287, 46618, 47494, 48371, 49247
9681 1 -1
23376, 2708, 1925, 2483, 1327, 46752, 47163, 47575, 47986
9697 1 -1
23423, 2780, 1002, 2493, 1210, 46846, 47093, 47341, 47588
9713 1 -1
23491, 2598, 1444, 2447, 1366, 46982, 47096, 47211, 47325
9729 1 -1
23539, 2581, 682, 2760, 672, 47077, 47171, 47266, 47360
9745 1 -1
23578, 2136, 697, 3393, 1210, 47156, 48040, 48926, 49810
9761 1 -1
23617, 1981, 1504, 3529, 940, 47233, 48288, 49345, 50400
9777 1 -1
23686, 2009, 633, 2940, 1059, 47372, 48050, 48729, 49407
9793 1 -1
23729, 2310, 1135, 2949, 689, 47458, 48000, 48543, 49085
9809 1 -1
23778, 3901, 1616, 2654, 1772, 47555, 48256, 48958, 49659
9825 1 -1
23831, 2567, 1167, 2715, 914, 47662, 47862, 48063, 48263
9841 1 -1
23868, 3414, 886, 3503, 469, 47736, 47988, 48242, 48494
9857 1 -1
23935, 3077, 1286, 2446, 1806, 47870, 48445, 49021, 49596
9873 1 -1
23982, 3165, 866, 2723, 1680, 47963, 48590, 49219, 49846
9889 1 -1
24054, 2833, 943, 2529, 1128, 48107, 48351, 48596, 48840
9905 1 -1
24115, 3356, 685, 2481, 1318, 48229, 48982, 49737, 50490
9921 1 -1
24181, 3192, 234, 2286, 805, 48362, 49100, 49839, 50577
9937 1 -1
24261, 2818, 212, 2994, 802, 48521, 48903, 49287, 49669
9953 1 -1
24348, 2029, 1298, 2342, 592, 48696, 49205, 49715, 50224
9969 1 -1
24430, 2795, 998, 3550, 1230, 48859, 49352, 49846, 50339
9985 1 -1
24545, 2877, 973, 2644, 1315, 49090, 49377, 49665, 49952
