-------------------------------------------------------------------------
TPs satisfied = 302; Total TPs = 625; Percentage Satisfied + 48.3%
-------------------------------------------------------------------------

-------------------------------------------------------------------------

EVs

-------------------------------------------------------------------------
--------------------------------------
EV1
--------------------------------------
Num TPs served = 4
TPs served = 25 201 4457 7337
Total energy used = 35418
--------------------------------------
Schedule:
0 1 6250 1250 6250 1250 0 0 35632 35632 0 1 0
1 4185 6250 1250 2573 743 0 1 35632 31448 25 2907 4184
4185 5408 2573 743 3453 400 1 2 31448 30225 201 2533 1223
5408 11997 3453 400 9999 443 2 1 30225 23636 -201 2533 6589
11997 19054 9999 443 9999 7500 1 0 23636 16579 -25 2221 7057
19054 30282 9999 7500 4485 1786 0 1 16579 5351 4457 50 11228
30282 31797 4485 1786 3797 959 1 0 5351 3836 -4457 50 1515
31797 37359 3797 959 3797 959 0 0 3836 3836 0 5562 0
37359 37582 3797 959 3943 882 0 1 3836 3613 7337 329 223
37582 38242 3943 882 3581 1180 1 0 3613 2953 -7337 329 660
38242 47261 3581 1180 3581 1180 0 0 2953 2953 0 9019 0
47261 50000 3581 1180 6250 1250 0 0 2953 214 1000000000 0 2739
--------------------------------------
--------------------------------------
EV2
--------------------------------------
Num TPs served = 10
TPs served = 41 1865 2777 3225 3721 3977 4217 4281 4921 5529
Total energy used = 35600
--------------------------------------
Schedule:
0 1 6250 1250 6250 1250 0 0 35632 35632 0 1 0
1 3960 6250 1250 2894 647 0 1 35632 31673 41 892 3959
3960 13664 2894 647 1450 8907 1 0 31673 21969 -41 892 9704
13664 21524 1450 8907 1950 1547 0 1 21969 14109 1865 62 7860
21524 23759 1950 1547 3602 964 1 0 14109 11874 -1865 62 2235
23759 24525 3602 964 3177 1305 0 1 11874 11108 2777 251 766
24525 25686 3177 1305 2338 983 1 2 11108 9947 3225 627 1161
25686 25760 2338 983 2302 1021 2 1 9947 9873 -2777 175 74
25760 26964 2302 1021 1797 1720 1 0 9873 8669 -3225 627 1204
26964 27549 1797 1720 2146 1484 0 1 8669 8084 3721 224 585
27549 27673 2146 1484 2146 1484 1 1 8084 8084 0 124 0
27673 28201 2146 1484 2369 1179 1 2 8084 7556 3977 798 528
28201 28673 2369 1179 2681 1019 2 1 7556 7084 -3721 100 472
28673 28975 2681 1019 2907 1095 1 2 7084 6782 4217 74 302
28975 29079 2907 1095 2881 1173 2 3 6782 6678 4281 425 104
29079 29347 2881 1173 3138 1184 3 2 6678 6410 -4217 22 268
29347 30004 3138 1184 3622 1011 2 1 6410 5753 -4281 403 657
30004 30186 3622 1011 3619 832 1 0 5753 5571 -3977 410 182
30186 31048 3619 832 3479 1554 0 1 5571 4709 4921 96 862
31048 31619 3479 1554 3549 1053 1 0 4709 4138 -4921 96 571
31619 32047 3549 1053 3549 1053 0 0 4138 4138 0 428 0
32047 32615 3549 1053 3072 962 0 1 4138 3570 5529 387 568
32615 33390 3072 962 3523 1286 1 0 3570 2795 -5529 387 775
33390 47237 3523 1286 3523 1286 0 0 2795 2795 0 13847 0
47237 50000 3523 1286 6250 1250 0 0 2795 32 1000000000 0 2763
--------------------------------------
--------------------------------------
EV3
--------------------------------------
Num TPs served = 8
TPs served = 169 249 297 4073 4297 4521 5289 5913
Total energy used = 35430
--------------------------------------
Schedule:
0 1950 6250 1250 6250 1250 0 0 35632 35632 0 1950 0
1950 5975 6250 1250 2466 1009 0 1 35632 31607 169 1355 4025
5975 6372 2466 1009 2601 1271 1 2 31607 31210 249 2845 397
6372 6953 2601 1271 2389 1640 2 3 31210 30629 297 5170 581
6953 13178 2389 1640 1054 6530 3 2 30629 24404 -249 2845 6225
13178 13869 1054 6530 744 6149 2 1 24404 23713 -169 323 691
13869 18212 744 6149 251 9999 1 0 23713 19370 -297 4408 4343
18212 28823 251 9999 2728 1865 0 1 19370 8759 4073 94 10611
28823 29208 2728 1865 2886 1638 1 2 8759 8374 4297 509 385
29208 29619 2886 1638 3132 1473 2 1 8374 7963 -4073 94 411
29619 29948 3132 1473 3045 1231 1 2 7963 7634 4521 413 329
29948 30972 3045 1231 2745 507 2 1 7634 6610 -4297 17 1024
30972 31467 2745 507 2938 205 1 0 6610 6115 -4521 27 495
31467 32143 2938 205 3146 673 0 1 6115 5439 5289 161 676
32143 32886 3146 673 3069 7 1 0 5439 4696 -5289 161 743
32886 33339 3069 7 3069 7 0 0 4696 4696 0 453 0
33339 33609 3069 7 3034 242 0 1 4696 4426 5913 508 270
33609 34627 3034 242 3505 789 1 0 4426 3408 -5913 508 1018
34627 46794 3505 789 3505 789 0 0 3408 3408 0 12167 0
46794 50000 3505 789 6250 1250 0 0 3408 202 1000000000 0 3206
--------------------------------------
--------------------------------------
EV4
--------------------------------------
Num TPs served = 12
TPs served = 217 329 489 537 585 777 2825 3241 3497 4937 5449 6425
Total energy used = 35294
--------------------------------------
Schedule:
0 2532 6250 1250 6250 1250 0 0 35632 35632 0 2532 0
2532 5481 6250 1250 3765 1714 0 1 35632 32683 217 872 2949
5481 6033 3765 1714 3765 1714 1 1 32683 32683 0 552 0
6033 7461 3765 1714 2796 1255 1 2 32683 31255 329 817 1428
7461 8615 2796 1255 1895 1002 2 1 31255 30101 -217 320 1154
8615 9150 1895 1002 1387 1029 1 0 30101 29566 -329 763 535
9150 9630 1387 1029 1387 1029 0 0 29566 29566 0 480 0
9630 10406 1387 1029 1612 478 0 1 29566 28790 489 702 776
10406 11952 1612 478 2876 760 1 2 28790 27244 537 2004 1546
11952 12142 2876 760 2887 939 2 3 27244 27054 585 108 190
12142 12472 2887 939 2603 893 3 2 27054 26724 -489 42 330
12472 13224 2603 893 2171 1213 2 1 26724 25972 -585 16 752
13224 13272 2171 1213 2171 1213 1 1 25972 25972 0 48 0
13272 13763 2171 1213 2649 1200 1 2 25972 25481 777 319 491
13763 14403 2649 1200 2286 923 2 1 25481 24841 -777 319 640
14403 19571 2286 923 1432 5237 1 0 24841 19673 -537 306 5168
19571 19739 1432 5237 1432 5237 0 0 19673 19673 0 168 0
19739 24381 1432 5237 2300 1463 0 1 19673 15031 2825 589 4642
24381 25560 2300 1463 2672 656 1 0 15031 13852 -2825 589 1179
25560 26662 2672 656 3095 1335 0 1 13852 12750 3497 1623 1102
26662 26719 3095 1335 3147 1330 1 2 12750 12693 3241 2 57
26719 28724 3147 1330 1933 539 2 1 12693 10688 -3241 2 2005
28724 30253 1933 539 807 136 1 0 10688 9159 -3497 1519 1529
30253 31763 807 136 2311 142 0 1 9159 7649 4937 185 1510
31763 32623 2311 142 2848 465 1 2 7649 6789 5449 511 860
32623 33830 2848 465 3230 1290 2 1 6789 5582 -4937 185 1207
33830 34335 3230 1290 3621 1176 1 0 5582 5077 -5449 283 505
34335 35003 3621 1176 3338 791 0 1 5077 4409 6425 182 668
35003 35457 3338 791 3442 441 1 0 4409 3955 -6425 182 454
35457 46383 3442 441 3442 441 0 0 3955 3955 0 10926 0
46383 50000 3442 441 6250 1250 0 0 3955 338 1000000000 0 3617
--------------------------------------
--------------------------------------
EV5
--------------------------------------
Num TPs served = 12
TPs served = 361 521 553 601 617 4185 4249 4985 5177 5481 6969 9337
Total energy used = 35596
--------------------------------------
Schedule:
0 5035 6250 1250 6250 1250 0 0 35632 35632 0 5035 0
5035 8153 6250 1250 3355 1027 0 1 35632 32514 361 566 3118
8153 9287 3355 1027 3606 144 1 0 32514 31380 -361 566 1134
9287 9711 3606 144 3606 144 0 0 31380 31380 0 424 0
9711 10829 3606 144 2896 552 0 1 31380 30262 521 231 1118
10829 11292 2896 552 3068 843 1 0 30262 29799 -521 231 463
11292 11540 3068 843 3068 843 0 0 29799 29799 0 248 0
11540 11954 3068 843 2935 562 0 1 29799 29385 601 293 414
11954 12192 2935 562 2707 572 1 2 29385 29147 617 1002 238
12192 12541 2707 572 2667 881 2 1 29147 28798 -601 293 349
12541 13104 2667 881 2450 1227 1 2 28798 28235 553 2182 563
13104 14763 2450 1227 3524 1812 2 1 28235 26576 -617 488 1659
14763 22458 3524 1812 9999 592 1 0 26576 18881 -553 1012 7695
22458 22660 9999 592 9999 592 0 0 18881 18881 0 202 0
22660 28806 9999 592 4025 420 0 1 18881 12735 4185 1010 6146
28806 29934 4025 420 2918 441 1 2 12735 11607 4249 2 1128
29934 31220 2918 441 3114 1531 2 1 11607 10321 -4185 618 1286
31220 31889 3114 1531 3512 1802 1 0 10321 9652 -4249 2 669
31889 32150 3512 1802 3452 2003 0 1 9652 9391 4985 255 261
32150 32306 3452 2003 3311 1988 1 2 9391 9235 5177 362 156
32306 33191 3311 1988 2446 1968 2 3 9235 8350 5481 730 885
33191 34484 2446 1968 2470 699 3 2 8350 7057 -5177 314 1293
34484 34824 2470 699 2331 498 2 1 7057 6717 -4985 207 340
34824 36324 2331 498 3714 381 1 0 6717 5217 -5481 452 1500
36324 36729 3714 381 3483 555 0 1 5217 4812 6969 227 405
36729 37712 3483 555 3091 1146 1 0 4812 3829 -6969 227 983
37712 44448 3091 1146 3091 1146 0 0 3829 3829 0 6736 0
44448 44823 3091 1146 3217 897 0 1 3829 3454 9337 151 375
44823 45127 3217 897 3505 881 1 0 3454 3150 -9337 151 304
45127 46886 3505 881 3505 881 0 0 3150 3150 0 1759 0
46886 50000 3505 881 6250 1250 0 0 3150 36 1000000000 0 3114
--------------------------------------
--------------------------------------
EV6
--------------------------------------
Num TPs served = 17
TPs served = 377 393 457 633 697 809 1209 2377 3273 4057 4889 5161 5673 5801 6265 6713 7801
Total energy used = 35530
--------------------------------------
Schedule:
0 4311 6250 1250 6250 1250 0 0 35632 35632 0 4311 0
4311 8420 6250 1250 3158 233 0 1 35632 31523 377 1158 4109
8420 8425 3158 233 3158 233 1 1 31523 31523 0 5 0
8425 8766 3158 233 3350 382 1 2 31523 31182 393 960 341
8766 8796 3350 382 3350 382 2 2 31182 31182 0 30 0
8796 9830 3350 382 2955 1021 2 3 31182 30148 457 438 1034
9830 10707 2955 1021 2379 720 3 2 30148 29271 -457 438 877
10707 11319 2379 720 2246 1199 2 1 29271 28659 -393 328 612
11319 11758 2246 1199 2142 1534 1 0 28659 28220 -377 137 439
11758 11838 2142 1534 2142 1534 0 0 28220 28220 0 80 0
11838 12328 2142 1534 1944 1242 0 1 28220 27730 633 703 490
12328 13119 1944 1242 2530 1037 1 2 27730 26939 697 67 791
13119 13453 2530 1037 2202 1031 2 1 26939 26605 -697 67 334
13453 13473 2202 1031 2202 1031 1 1 26605 26605 0 20 0
13473 14077 2202 1031 2600 825 1 2 26605 26001 809 843 604
14077 14412 2600 825 2905 795 2 1 26001 25666 -633 27 335
14412 16296 2905 795 2669 2443 1 0 25666 23782 -809 311 1884
16296 18248 2669 2443 3059 881 0 1 23782 21830 1209 116 1952
18248 21248 3059 881 921 19 1 0 21830 18830 -1209 116 3000
21248 23581 921 19 2519 754 0 1 18830 16497 2377 125 2333
23581 25745 2519 754 3927 1510 1 0 16497 14333 -2377 125 2164
25745 26843 3927 1510 3787 552 0 1 14333 13235 3273 595 1098
26843 27112 3787 552 3787 552 1 1 13235 13235 0 269 0
27112 28465 3787 552 2990 1108 1 2 13235 11882 4057 672 1353
28465 29810 2990 1108 1758 1221 2 1 11882 10537 -4057 672 1345
29810 30373 1758 1221 1211 1237 1 0 10537 9974 -3273 326 563
30373 30495 1211 1237 1211 1237 0 0 9974 9974 0 122 0
30495 30798 1211 1237 1496 1219 0 1 9974 9671 4889 666 303
30798 31233 1496 1219 1496 1219 1 1 9671 9671 0 435 0
31233 31568 1496 1219 1653 1041 1 2 9671 9336 5161 283 335
31568 32135 1653 1041 2036 857 2 1 9336 8769 -5161 283 567
32135 32566 2036 857 2301 691 1 0 8769 8338 -4889 231 431
32566 33065 2301 691 2567 924 0 1 8338 7839 5673 122 499
33065 33456 2567 924 2498 1246 1 0 7839 7448 -5673 122 391
33456 33937 2498 1246 2486 1715 0 1 7448 6967 5801 83 481
33937 34716 2486 1715 3115 1565 1 2 6967 6188 6265 252 779
34716 35351 3115 1565 3461 1276 2 1 6188 5553 -5801 83 635
35351 35740 3461 1276 3363 985 1 0 5553 5164 -6265 56 389
35740 36016 3363 985 3258 814 0 1 5164 4888 6713 235 276
36016 37052 3258 814 2682 1274 1 0 4888 3852 -6713 235 1036
37052 38809 2682 1274 2682 1274 0 0 3852 3852 0 1757 0
38809 39001 2682 1274 2795 1353 0 1 3852 3660 7801 112 192
39001 39226 2795 1353 2980 1313 1 0 3660 3435 -7801 112 225
39226 46667 2980 1313 2980 1313 0 0 3435 3435 0 7441 0
46667 50000 2980 1313 6250 1250 0 0 3435 102 1000000000 0 3333
--------------------------------------
--------------------------------------
EV7
--------------------------------------
Num TPs served = 6
TPs served = 409 569 649 729 1017 1033
Total energy used = 35530
--------------------------------------
Schedule:
0 5572 6250 1250 6250 1250 0 0 35632 35632 0 5572 0
5572 9165 6250 1250 3214 693 0 1 35632 32039 409 509 3593
9165 10184 3214 693 3114 1612 1 0 32039 31020 -409 509 1019
10184 10971 3114 1612 3114 1612 0 0 31020 31020 0 787 0
10971 11451 3114 1612 2694 1552 0 1 31020 30540 569 297 480
11451 12046 2694 1552 2774 1037 1 0 30540 29945 -569 297 595
12046 12667 2774 1037 3126 768 0 1 29945 29324 649 763 621
12667 13889 3126 768 2034 898 1 2 29324 28102 729 7230 1222
13889 14556 2034 898 2058 1541 2 1 28102 27435 -649 715 667
14556 15025 2058 1541 2058 1541 1 1 27435 27435 0 469 0
15025 15773 2058 1541 2649 1384 1 2 27435 26687 1017 814 748
15773 16066 2649 1384 2638 1102 2 3 26687 26394 1033 330 293
16066 17107 2638 1102 3510 933 3 2 26394 25353 -1033 330 1041
17107 17424 3510 933 3697 803 2 1 25353 25036 -1017 792 317
17424 31391 3697 803 9999 8468 1 0 25036 11069 -729 5263 13967
31391 39033 9999 8468 9999 8468 0 0 11069 11069 0 7642 0
39033 50000 9999 8468 6250 1250 0 0 11069 102 1000000000 0 10967
--------------------------------------
--------------------------------------
EV8
--------------------------------------
Num TPs served = 4
TPs served = 425 665 873 1001
Total energy used = 34394
--------------------------------------
Schedule:
0 4959 6250 1250 6250 1250 0 0 35632 35632 0 4959 0
4959 9386 6250 1250 2189 884 0 1 35632 31205 425 563 4427
9386 10513 2189 884 3221 979 1 0 31205 30078 -425 563 1127
10513 11844 3221 979 3221 979 0 0 30078 30078 0 1331 0
11844 12657 3221 979 3431 376 0 1 30078 29265 665 1178 813
12657 13601 3431 376 3431 376 1 1 29265 29265 0 944 0
13601 14774 3431 376 2515 633 1 2 29265 28092 873 3363 1173
14774 16152 2515 633 1234 536 2 1 28092 26714 -665 40 1378
16152 17947 1234 536 2898 405 1 2 26714 24919 1001 4521 1795
17947 24785 2898 405 2765 7110 2 1 24919 18081 -873 79 6838
24785 32290 2765 7110 9999 6839 1 0 18081 10576 -1001 3713 7505
32290 40662 9999 6839 9999 6839 0 0 10576 10576 0 8372 0
40662 50000 9999 6839 6250 1250 0 0 10576 1238 1000000000 0 9338
--------------------------------------
--------------------------------------
EV9
--------------------------------------
Num TPs served = 14
TPs served = 441 713 825 1593 1817 1945 2185 3801 4233 5241 5833 6057 6281 6937
Total energy used = 35598
--------------------------------------
Schedule:
0 5164 6250 1250 6250 1250 0 0 35632 35632 0 5164 0
5164 9631 6250 1250 2482 551 0 1 35632 31165 441 1023 4467
9631 11678 2482 551 4184 896 1 0 31165 29118 -441 1023 2047
11678 13650 4184 896 2380 1064 0 1 29118 27146 713 172 1972
13650 14875 2380 1064 3417 876 1 0 27146 25921 -713 172 1225
14875 15634 3417 876 4072 980 0 1 25921 25162 825 93 759
15634 18628 4072 980 2046 1948 1 0 25162 22168 -825 93 2994
18628 19382 2046 1948 2449 1597 0 1 22168 21414 1593 243 754
19382 20618 2449 1597 2930 842 1 0 21414 20178 -1593 243 1236
20618 20946 2930 842 2806 1046 0 1 20178 19850 1945 236 328
20946 21554 2806 1046 3110 742 1 0 19850 19242 -1945 236 608
21554 22349 3110 742 3011 1438 0 1 19242 18447 1817 32 795
22349 22533 3011 1438 2834 1431 1 2 18447 18263 2185 214 184
22533 24381 2834 1431 1751 666 2 1 18263 16415 -2185 214 1848
24381 26595 1751 666 78 125 1 0 16415 14201 -1817 32 2214
26595 28362 78 125 1733 237 0 1 14201 12434 3801 592 1767
28362 29426 1733 237 2439 595 1 2 12434 11370 4233 177 1064
29426 30792 2439 595 2436 1958 2 1 11370 10004 -4233 177 1366
30792 31212 2436 1958 2404 2346 1 0 10004 9584 -3801 522 420
31212 32078 2404 2346 2245 1639 0 1 9584 8718 5241 157 866
32078 32945 2245 1639 2197 820 1 0 8718 7851 -5241 157 867
32945 32962 2197 820 2197 820 0 0 7851 7851 0 17 0
32962 33403 2197 820 1915 661 0 1 7851 7410 5833 810 441
33403 34246 1915 661 2254 1165 1 2 7410 6567 6057 166 843
34246 34895 2254 1165 2826 1242 2 3 6567 5918 6281 187 649
34895 35242 2826 1242 3065 1134 3 2 5918 5571 -6057 12 347
35242 35278 3065 1134 3082 1115 2 1 5571 5535 -5833 556 36
35278 35982 3082 1115 3032 461 1 0 5535 4831 -6281 87 704
35982 36197 3032 461 3032 461 0 0 4831 4831 0 215 0
36197 36378 3032 461 3199 475 0 1 4831 4650 6937 370 181
36378 37119 3199 475 2804 821 1 0 4650 3909 -6937 370 741
37119 46125 2804 821 2804 821 0 0 3909 3909 0 9006 0
46125 50000 2804 821 6250 1250 0 0 3909 34 1000000000 0 3875
--------------------------------------
--------------------------------------
EV10
--------------------------------------
Num TPs served = 11
TPs served = 473 681 857 1225 1305 2025 3529 3753 4489 7353 9241
Total energy used = 35492
--------------------------------------
Schedule:
0 6058 6250 1250 6250 1250 0 0 35632 35632 0 6058 0
6058 10131 6250 1250 2747 1820 0 1 35632 31559 473 427 4073
10131 10986 2747 1820 2535 1177 1 0 31559 30704 -473 427 855
10986 11870 2535 1177 2535 1177 0 0 30704 30704 0 884 0
11870 12858 2535 1177 2996 1704 0 1 30704 29716 681 519 988
12858 13897 2996 1704 2847 814 1 0 29716 28677 -681 519 1039
13897 15143 2847 814 4084 823 0 1 28677 27431 857 99 1246
15143 16485 4084 823 3535 1616 1 0 27431 26089 -857 99 1342
16485 16655 3535 1616 3535 1616 0 0 26089 26089 0 170 0
16655 16955 3535 1616 3605 1386 0 1 26089 25789 1225 781 300
16955 18274 3605 1386 2385 1287 1 2 25789 24470 1305 128 1319
18274 18518 2385 1287 2169 1259 2 1 24470 24226 -1225 781 244
18518 20157 2169 1259 1136 653 1 0 24226 22587 -1305 128 1639
20157 22367 1136 653 3190 497 0 1 22587 20377 2025 332 2210
22367 25378 3190 497 469 207 1 0 20377 17366 -2025 332 3011
25378 27502 469 207 2006 794 0 1 17366 15242 3753 282 2124
27502 28310 2006 794 2630 610 1 0 15242 14434 -3753 282 808
28310 28804 2630 610 2822 912 0 1 14434 13940 3529 475 494
28804 29013 2822 912 2822 912 1 1 13940 13940 0 209 0
29013 29671 2822 912 2716 1464 1 2 13940 13282 4489 332 658
29671 30336 2716 1464 2411 1824 2 1 13282 12617 -4489 332 665
30336 34222 2411 1824 1750 5049 1 0 12617 8731 -3529 266 3886
34222 37955 1750 5049 2782 2348 0 1 8731 4998 7353 16 3733
37955 38675 2782 2348 2820 1666 1 0 4998 4278 -7353 16 720
38675 44064 2820 1666 2820 1666 0 0 4278 4278 0 5389 0
44064 44322 2820 1666 2811 1417 0 1 4278 4020 9241 172 258
44322 44667 2811 1417 2852 1113 1 0 4020 3675 -9241 172 345
44667 46465 2852 1113 2852 1113 0 0 3675 3675 0 1798 0
46465 50000 2852 1113 6250 1250 0 0 3675 140 1000000000 0 3535
--------------------------------------
--------------------------------------
EV11
--------------------------------------
Num TPs served = 15
TPs served = 505 745 841 1113 1145 1385 1513 1753 2841 3145 3465 3833 3897 4505 7961
Total energy used = 35554
--------------------------------------
Schedule:
0 6781 6250 1250 6250 1250 0 0 35632 35632 0 6781 0
6781 10561 6250 1250 2532 1312 0 1 35632 31852 505 241 3780
10561 11044 2532 1312 2780 1547 1 0 31852 31369 -505 241 483
11044 12078 2780 1547 2780 1547 0 0 31369 31369 0 1034 0
12078 13539 2780 1547 3780 1086 0 1 31369 29908 745 197 1461
13539 13935 3780 1086 3521 1223 1 0 29908 29512 -745 197 396
13935 14533 3521 1223 3256 1556 0 1 29512 28914 841 404 598
14533 15666 3256 1556 2125 1558 1 0 28914 27781 -841 404 1133
15666 15820 2125 1558 2125 1558 0 0 27781 27781 0 154 0
15820 16370 2125 1558 2369 1252 0 1 27781 27231 1113 181 550
16370 16734 2369 1252 2463 1522 1 0 27231 26867 -1113 181 364
16734 17074 2463 1522 2361 1760 0 1 26867 26527 1145 27 340
17074 17987 2361 1760 3001 1487 1 2 26527 25614 1385 210 913
17987 18091 3001 1487 3025 1407 2 1 25614 25510 -1145 27 104
18091 18787 3025 1407 2768 1846 1 0 25510 24814 -1385 2 696
18787 18889 2768 1846 2723 1903 0 1 24814 24712 1513 328 102
18889 20217 2723 1903 3013 865 1 0 24712 23384 -1513 328 1328
20217 20950 3013 865 2339 806 0 1 23384 22651 1753 143 733
20950 23319 2339 806 3816 1698 1 0 22651 20282 -1753 143 2369
23319 24695 3816 1698 3244 894 0 1 20282 18906 2841 263 1376
24695 25526 3244 894 3041 1522 1 2 18906 18075 3145 327 831
25526 25759 3041 1522 2833 1547 2 1 18075 17842 -2841 263 233
25759 26502 2833 1547 2898 869 1 0 17842 17099 -3145 147 743
26502 26772 2898 869 2728 969 0 1 17099 16829 3465 96 270
26772 27707 2728 969 2604 1780 1 0 16829 15894 -3465 96 935
27707 27740 2604 1780 2604 1780 0 0 15894 15894 0 33 0
27740 27886 2604 1780 2690 1840 0 1 15894 15748 3897 505 146
27886 28898 2690 1840 3027 1165 1 0 15748 14736 -3897 505 1012
28898 29786 3027 1165 2677 627 0 1 14736 13848 4505 668 888
29786 30148 2677 627 2457 485 1 2 13848 13486 3833 42 362
30148 31525 2457 485 1717 1122 2 1 13486 12109 -4505 384 1377
31525 35173 1717 1122 800 3853 1 0 12109 8461 -3833 42 3648
35173 39560 800 3853 2538 1204 0 1 8461 4074 7961 337 4387
39560 40420 2538 1204 3233 1369 1 0 4074 3214 -7961 337 860
40420 46864 3233 1369 3233 1369 0 0 3214 3214 0 6444 0
46864 50000 3233 1369 6250 1250 0 0 3214 78 1000000000 0 3136
--------------------------------------
--------------------------------------
EV12
--------------------------------------
Num TPs served = 11
TPs served = 761 953 1401 1417 2473 2537 3257 3417 3577 4441 9369
Total energy used = 35484
--------------------------------------
Schedule:
0 9659 6250 1250 6250 1250 0 0 35632 35632 0 9659 0
9659 13645 6250 1250 2624 1610 0 1 35632 31646 761 632 3986
13645 14910 2624 1610 2253 716 1 0 31646 30381 -761 632 1265
14910 15930 2253 716 3030 473 0 1 30381 29361 953 160 1020
15930 17440 3030 473 3306 1707 1 0 29361 27851 -953 160 1510
17440 17543 3306 1707 3306 1707 0 0 27851 27851 0 103 0
17543 18071 3306 1707 2942 1543 0 1 27851 27323 1417 136 528
18071 18345 2942 1543 2797 1672 1 0 27323 27049 -1417 136 274
18345 19027 2797 1672 3261 1454 0 1 27049 26367 1401 149 682
19027 21438 3261 1454 4343 125 1 0 26367 23956 -1401 149 2411
21438 21721 4343 125 4343 125 0 0 23956 23956 0 283 0
21721 23261 4343 125 3191 513 0 1 23956 22416 2537 384 1540
23261 23721 3191 513 2822 604 1 2 22416 21956 2473 62 460
23721 24031 2822 604 2801 893 2 1 21956 21646 -2537 384 310
24031 25263 2801 893 1912 1236 1 0 21646 20414 -2473 62 1232
25263 26217 1912 1236 2072 442 0 1 20414 19460 3257 342 954
26217 26480 2072 442 2072 442 1 1 19460 19460 0 263 0
26480 26822 2072 442 2404 432 1 2 19460 19118 3577 1007 342
26822 28076 2404 432 3287 803 2 1 19118 17864 -3257 59 1254
28076 28838 3287 803 3586 1266 1 0 17864 17102 -3577 1007 762
28838 29141 3586 1266 3535 1518 0 1 17102 16799 3417 546 303
29141 29611 3535 1518 3193 1646 1 2 16799 16329 4441 179 470
29611 30167 3193 1646 2709 1718 2 1 16329 15773 -4441 179 556
30167 35975 2709 1718 196 5013 1 0 15773 9965 -3417 546 5808
35975 40087 196 5013 196 5013 0 0 9965 9965 0 4112 0
40087 44972 196 5013 2614 2546 0 1 9965 5080 9369 652 4885
44972 46278 2614 2546 2714 1340 1 0 5080 3774 -9369 652 1306
46278 46374 2714 1340 2714 1340 0 0 3774 3774 0 96 0
46374 50000 2714 1340 6250 1250 0 0 3774 148 1000000000 0 3626
--------------------------------------
--------------------------------------
EV13
--------------------------------------
Num TPs served = 8
TPs served = 793 905 1257 1433 1449 1705 2393 2713
Total energy used = 35352
--------------------------------------
Schedule:
0 9768 6250 1250 6250 1250 0 0 35632 35632 0 9768 0
9768 13899 6250 1250 2775 1906 0 1 35632 31501 793 976 4131
13899 14278 2775 1906 2775 1906 1 1 31501 31501 0 379 0
14278 14958 2775 1906 2875 1326 1 2 31501 30821 905 110 680
14958 15180 2875 1326 2836 1143 2 1 30821 30599 -905 110 222
15180 16432 2836 1143 2009 718 1 0 30599 29347 -793 397 1252
16432 16777 2009 718 2009 718 0 0 29347 29347 0 345 0
16777 17137 2009 718 1728 797 0 1 29347 28987 1257 452 360
17137 18043 1728 797 1933 96 1 0 28987 28081 -1257 452 906
18043 18705 1933 96 1906 731 0 1 28081 27419 1449 92 662
18705 19867 1906 731 2850 949 1 0 27419 26257 -1449 92 1162
19867 20207 2850 949 2979 738 0 1 26257 25917 1705 32 340
20207 21336 2979 738 2417 171 1 0 25917 24788 -1705 32 1129
21336 22434 2417 171 3233 453 0 1 24788 23690 1433 957 1098
22434 23233 3233 453 2546 565 1 2 23690 22891 2393 261 799
23233 23438 2546 565 2546 565 2 2 22891 22891 0 205 0
23438 23945 2546 565 2288 814 2 3 22891 22384 2713 606 507
23945 25003 2288 814 2042 1626 3 2 22384 21326 -2393 56 1058
25003 25420 2042 1626 1756 1495 2 1 21326 20909 -2713 344 417
25420 33365 1756 1495 23 7707 1 0 20909 12964 -1433 490 7945
33365 37316 23 7707 23 7707 0 0 12964 12964 0 3951 0
37316 50000 23 7707 6250 1250 0 0 12964 280 1000000000 0 12684
--------------------------------------
--------------------------------------
EV14
--------------------------------------
Num TPs served = 14
TPs served = 889 985 1161 1465 1529 1801 1833 2105 2793 3817 4105 4969 5033 5961
Total energy used = 35258
--------------------------------------
Schedule:
0 11114 6250 1250 6250 1250 0 0 35632 35632 0 11114 0
11114 14851 6250 1250 3156 607 0 1 35632 31895 889 224 3737
14851 15301 3156 607 2961 352 1 0 31895 31445 -889 224 450
15301 15683 2961 352 2957 730 0 1 31445 31063 985 638 382
15683 17103 2957 730 2533 1726 1 2 31063 29643 1161 33 1420
17103 17243 2533 1726 2455 1664 2 1 29643 29503 -985 514 140
17243 18030 2455 1664 2315 1017 1 0 29503 28716 -1161 33 787
18030 18438 2315 1017 2702 1038 0 1 28716 28308 1465 10 408
18438 18719 2702 1038 2455 1004 1 0 28308 28027 -1465 10 281
18719 18965 2455 1004 2697 1008 0 1 28027 27781 1529 223 246
18965 20010 2697 1008 2315 345 1 0 27781 26736 -1529 223 1045
20010 20063 2315 345 2315 345 0 0 26736 26736 0 53 0
20063 20313 2315 345 2402 508 0 1 26736 26486 1833 550 250
20313 20645 2402 508 2223 661 1 2 26486 26154 1801 306 332
20645 21772 2223 661 2976 1035 2 1 26154 25027 -1833 192 1127
21772 22200 2976 1035 3381 1012 1 0 25027 24599 -1801 260 428
22200 22857 3381 1012 3142 1430 0 1 24599 23942 2105 212 657
22857 22960 3142 1430 3142 1430 1 1 23942 23942 0 103 0
22960 24278 3142 1430 2297 957 1 2 23942 22624 2793 275 1318
24278 24830 2297 957 1978 724 2 1 22624 22072 -2793 275 552
24830 26136 1978 724 853 543 1 0 22072 20766 -2105 109 1306
26136 27863 853 543 2071 1052 0 1 20766 19039 3817 1 1727
27863 28359 2071 1052 2297 782 1 0 19039 18543 -3817 1 496
28359 29254 2297 782 2790 1184 0 1 18543 17648 4105 199 895
29254 30939 2790 1184 1912 377 1 0 17648 15963 -4105 199 1685
30939 30953 1912 377 1912 377 0 0 15963 15963 0 14 0
30953 31204 1912 377 2083 457 0 1 15963 15712 5033 544 251
31204 32294 2083 457 3067 563 1 0 15712 14622 -5033 544 1090
32294 32625 3067 563 3067 563 0 0 14622 14622 0 331 0
32625 33725 3067 563 2430 100 0 1 14622 13522 5961 419 1100
33725 34126 2430 100 2527 404 1 2 13522 13121 4969 691 401
34126 34564 2527 404 2731 638 2 1 13121 12683 -5961 419 438
34564 42172 2731 638 9999 298 1 0 12683 5075 -4969 223 7608
42172 45299 9999 298 9999 298 0 0 5075 5075 0 3127 0
45299 50000 9999 298 6250 1250 0 0 5075 374 1000000000 0 4701
--------------------------------------
--------------------------------------
EV15
--------------------------------------
Num TPs served = 15
TPs served = 921 1049 1897 2761 3289 3337 4569 4697 5305 5881 6489 6681 7657 8393 9113
Total energy used = 35366
--------------------------------------
Schedule:
0 11281 6250 1250 6250 1250 0 0 35632 35632 0 11281 0
11281 15039 6250 1250 3053 1811 0 1 35632 31874 921 1607 3758
15039 16529 3053 1811 3406 674 1 2 31874 30384 1049 216 1490
16529 18143 3406 674 2161 305 2 1 30384 28770 -1049 216 1614
18143 18961 2161 305 1486 162 1 0 28770 27952 -921 901 818
18961 21478 1486 162 2776 1389 0 1 27952 25435 1897 175 2517
21478 23502 2776 1389 2065 76 1 0 25435 23411 -1897 175 2024
23502 24172 2065 76 2420 391 0 1 23411 22741 2761 625 670
24172 25466 2420 391 2700 1405 1 0 22741 21447 -2761 625 1294
25466 25676 2700 1405 2700 1405 0 0 21447 21447 0 210 0
25676 26017 2700 1405 2454 1500 0 1 21447 21106 3337 211 341
26017 26441 2454 1500 2540 1838 1 0 21106 20682 -3337 211 424
26441 26892 2540 1838 2467 1460 0 1 20682 20231 3289 307 451
26892 29573 2467 1460 4121 433 1 0 20231 17550 -3289 307 2681
29573 30137 4121 433 3582 408 0 1 17550 16986 4569 359 564
30137 30489 3582 408 3306 332 1 2 16986 16634 4697 655 352
30489 31396 3306 332 2971 904 2 1 16634 15727 -4569 207 907
31396 32123 2971 904 3131 1471 1 2 15727 15000 5305 78 727
32123 32563 3131 1471 3203 1839 2 1 15000 14560 -5305 78 440
32563 32851 3203 1839 3282 2048 1 0 14560 14272 -4697 33 288
32851 34053 3282 2048 2925 1203 0 1 14272 13070 5881 56 1202
34053 35221 2925 1203 2899 61 1 0 13070 11902 -5881 56 1168
35221 35689 2899 61 2771 401 0 1 11902 11434 6489 270 468
35689 36391 2771 401 2231 563 1 2 11434 10732 6681 428 702
36391 37289 2231 563 2164 1394 2 1 10732 9834 -6489 270 898
37289 38864 2164 1394 3739 1394 1 0 9834 8259 -6681 294 1575
38864 39055 3739 1394 3727 1215 0 1 8259 8068 7657 166 191
39055 40424 3727 1215 3148 2005 1 0 8068 6699 -7657 166 1369
40424 41484 3148 2005 3527 1324 0 1 6699 5639 8393 179 1060
41484 42786 3527 1324 2474 1075 1 0 5639 4337 -8393 179 1302
42786 43380 2474 1075 2474 1075 0 0 4337 4337 0 594 0
43380 43797 2474 1075 2889 1077 0 1 4337 3920 9113 265 417
43797 44329 2889 1077 3361 1017 1 0 3920 3388 -9113 265 532
44329 46878 3361 1017 3361 1017 0 0 3388 3388 0 2549 0
46878 50000 3361 1017 6250 1250 0 0 3388 266 1000000000 0 3122
--------------------------------------
--------------------------------------
EV16
--------------------------------------
Num TPs served = 15
TPs served = 937 969 1241 1337 1561 1881 2345 2505 2953 3065 4617 4825 5865 6473 6617
Total energy used = 35528
--------------------------------------
Schedule:
0 12293 6250 1250 6250 1250 0 0 35632 35632 0 12293 0
12293 15463 6250 1250 3092 1238 0 1 35632 32462 969 322 3170
15463 15598 3092 1238 3215 1250 1 2 32462 32327 937 79 135
15598 16355 3215 1250 2614 1406 2 1 32327 31570 -969 76 757
16355 16519 2614 1406 2486 1442 1 0 31570 31406 -937 79 164
16519 17005 2486 1442 2486 1442 0 0 31406 31406 0 486 0
17005 17056 2486 1442 2489 1490 0 1 31406 31355 1241 73 51
17056 17204 2489 1490 2602 1525 1 0 31355 31207 -1241 73 148
17204 17405 2602 1525 2602 1525 0 0 31207 31207 0 201 0
17405 17674 2602 1525 2659 1313 0 1 31207 30938 1337 254 269
17674 18183 2659 1313 2348 1511 1 0 30938 30429 -1337 254 509
18183 18946 2348 1511 2487 887 0 1 30429 29666 1561 547 763
18946 20263 2487 887 3793 898 1 0 29666 28349 -1561 547 1317
20263 21045 3793 898 3554 355 0 1 28349 27567 1881 56 782
21045 22134 3554 355 3520 1410 1 0 27567 26478 -1881 56 1089
22134 22667 3520 1410 3201 1624 0 1 26478 25945 2345 640 533
22667 23538 3201 1624 2971 983 1 2 25945 25074 2505 282 871
23538 24304 2971 983 2444 744 2 1 25074 24308 -2345 640 766
24304 24894 2444 744 2355 243 1 2 24308 23718 2953 1082 590
24894 25009 2355 243 2295 298 2 1 23718 23603 -2505 172 115
25009 26505 2295 298 3724 231 1 2 23603 22107 3065 101 1496
26505 27947 3724 231 3504 1453 2 1 22107 20665 -2953 388 1442
27947 29404 3504 1453 2570 1976 1 0 20665 19208 -3065 101 1457
29404 29538 2570 1976 2570 1976 0 0 19208 19208 0 134 0
29538 30076 2570 1976 2665 1533 0 1 19208 18670 4617 382 538
30076 30841 2665 1533 3165 1268 1 0 18670 17905 -4617 382 765
30841 31528 3165 1268 3082 1872 0 1 17905 17218 4825 88 687
31528 33525 3082 1872 1921 1036 1 0 17218 15221 -4825 88 1997
33525 34418 1921 1036 1921 1036 0 0 15221 15221 0 893 0
34418 35513 1921 1036 2057 1995 0 1 15221 14126 6617 877 1095
35513 35566 2057 1995 2022 1977 1 2 14126 14073 6473 427 53
35566 35765 2022 1977 2188 2010 2 3 14073 13874 5865 2333 199
35765 37404 2188 2010 2793 976 3 2 13874 12235 -6617 741 1639
37404 37520 2793 976 2845 1040 2 1 12235 12119 -6473 233 116
37520 45125 2845 1040 9999 589 1 0 12119 4514 -5865 2205 7605
45125 45590 9999 589 9999 589 0 0 4514 4514 0 465 0
45590 50000 9999 589 6250 1250 0 0 4514 104 1000000000 0 4410
--------------------------------------
--------------------------------------
EV17
--------------------------------------
Num TPs served = 9
TPs served = 1065 1129 1625 1961 2009 2249 2313 2873 3017
Total energy used = 35082
--------------------------------------
Schedule:
0 12389 6250 1250 6250 1250 0 0 35632 35632 0 12389 0
12389 16030 6250 1250 3105 754 0 1 35632 31991 1065 539 3641
16030 16550 3105 754 2984 355 1 2 31991 31471 1129 809 520
16550 17110 2984 355 2689 90 2 1 31471 30911 -1065 539 560
17110 18807 2689 90 2408 1506 1 0 30911 29214 -1129 279 1697
18807 19378 2408 1506 2577 1104 0 1 29214 28643 1625 338 571
19378 20409 2577 1104 2856 352 1 0 28643 27612 -1625 338 1031
20409 20548 2856 352 2856 352 0 0 27612 27612 0 139 0
20548 20943 2856 352 2846 737 0 1 27612 27217 1961 131 395
20943 21206 2846 737 2938 566 1 0 27217 26954 -1961 131 263
21206 21633 2938 566 3133 798 0 1 26954 26527 2009 406 427
21633 21748 3133 798 3133 798 1 1 26527 26527 0 115 0
21748 22099 3133 798 2838 742 1 2 26527 26176 2249 622 351
22099 22206 2838 742 2838 742 2 2 26176 26176 0 107 0
22206 22365 2838 742 2694 727 2 3 26176 26017 2313 179 159
22365 22725 2694 727 2571 964 3 2 26017 25657 -2313 179 360
22725 23482 2571 964 2306 1456 2 1 25657 24900 -2249 485 757
23482 23794 2306 1456 2223 1685 1 0 24900 24588 -2009 42 312
23794 24093 2223 1685 2223 1685 0 0 24588 24588 0 299 0
24093 25018 2223 1685 3078 1755 0 1 24588 23663 3017 366 925
25018 25752 3078 1755 3574 1517 1 0 23663 22929 -3017 366 734
25752 25963 3574 1517 3568 1722 0 1 22929 22718 2873 4672 211
25963 38152 3568 1722 9999 7480 1 0 22718 10529 -2873 4672 12189
38152 40021 9999 7480 9999 7480 0 0 10529 10529 0 1869 0
40021 50000 9999 7480 6250 1250 0 0 10529 550 1000000000 0 9979
--------------------------------------
--------------------------------------
EV18
--------------------------------------
Num TPs served = 19
TPs served = 1081 1193 1481 1769 1849 2137 2457 2937 3401 3993 4393 4633 5049 5257 6041 8105 8297 9129 9257
Total energy used = 35488
--------------------------------------
Schedule:
0 12377 6250 1250 6250 1250 0 0 35632 35632 0 12377 0
12377 16148 6250 1250 3320 409 0 1 35632 31861 1081 654 3771
16148 16914 3320 409 2914 769 1 2 31861 31095 1193 256 766
16914 17705 2914 769 2612 1258 2 1 31095 30304 -1193 256 791
17705 17952 2612 1258 2857 1256 1 0 30304 30057 -1081 160 247
17952 18519 2857 1256 2642 904 0 1 30057 29490 1481 317 567
18519 19430 2642 904 2870 1587 1 0 29490 28579 -1481 317 911
19430 20027 2870 1587 2917 1037 0 1 28579 27982 1769 126 597
20027 20290 2917 1037 2772 919 1 0 27982 27719 -1769 126 263
20290 20800 2772 919 2654 1311 0 1 27719 27209 1849 17 510
20800 21569 2654 1311 2112 1538 1 0 27209 26440 -1849 17 769
21569 22069 2112 1538 2601 1549 0 1 26440 25940 2137 68 500
22069 23158 2601 1549 2628 487 1 0 25940 24851 -2137 68 1089
23158 23320 2628 487 2481 502 0 1 24851 24689 2457 328 162
23320 24725 2481 502 2668 1720 1 0 24689 23284 -2457 328 1405
24725 24974 2668 1720 2787 1850 0 1 23284 23035 2937 853 249
24974 25019 2787 1850 2787 1850 1 1 23035 23035 0 45 0
25019 26203 2787 1850 2922 801 1 2 23035 21851 3401 105 1184
26203 26415 2922 801 3052 719 2 1 21851 21639 -3401 105 212
26415 27147 3052 719 3693 628 1 0 21639 20907 -2937 808 732
27147 28085 3693 628 3693 628 0 0 20907 20907 0 938 0
28085 28259 3693 628 3554 663 0 1 20907 20733 3993 572 174
28259 29622 3554 663 2424 896 1 2 20733 19370 4393 1 1363
29622 29840 2424 896 2499 753 2 1 19370 19152 -3993 136 218
29840 30112 2499 753 2625 607 1 0 19152 18880 -4393 1 272
30112 30436 2625 607 2761 795 0 1 18880 18556 4633 493 324
30436 31268 2761 795 2673 1539 1 2 18556 17724 5049 176 832
31268 31654 2673 1539 2948 1428 2 1 17724 17338 -5049 176 386
31654 32499 2948 1428 3239 1982 1 0 17338 16493 -4633 95 845
32499 33779 3239 1982 3536 999 0 1 16493 15213 5257 186 1280
33779 34503 3536 999 3155 656 1 2 15213 14489 6041 18 724
34503 35620 3155 656 2298 396 2 1 14489 13372 -6041 18 1117
35620 38007 2298 396 125 182 1 0 13372 10985 -5257 186 2387
38007 40108 125 182 2003 405 0 1 10985 8884 8105 248 2101
40108 40880 2003 405 2579 209 1 0 8884 8112 -8105 248 772
40880 41614 2579 209 1857 221 0 1 8112 7378 8297 23 734
41614 43526 1857 221 2468 1522 1 0 7378 5466 -8297 23 1912
43526 44029 2468 1522 2436 1051 0 1 5466 4963 9129 218 503
44029 44682 2436 1051 2686 648 1 2 4963 4310 9257 192 653
44682 44948 2686 648 2886 714 2 1 4310 4044 -9129 86 266
44948 45615 2886 714 3250 1017 1 0 4044 3377 -9257 192 667
45615 46767 3250 1017 3250 1017 0 0 3377 3377 0 1152 0
46767 50000 3250 1017 6250 1250 0 0 3377 144 1000000000 0 3233
--------------------------------------
--------------------------------------
EV19
--------------------------------------
Num TPs served = 10
TPs served = 1097 1177 1273 1657 2425 2729 3209 3321 3449 9449
Total energy used = 35544
--------------------------------------
Schedule:
0 12354 6250 1250 6250 1250 0 0 35632 35632 0 12354 0
12354 16260 6250 1250 2793 801 0 1 35632 31726 1097 364 3906
16260 16299 2793 801 2793 801 1 1 31726 31726 0 39 0
16299 16716 2793 801 3036 975 1 2 31726 31309 1177 265 417
16716 17084 3036 975 3376 947 2 1 31309 30941 -1097 269 368
17084 17303 3376 947 3548 994 1 0 30941 30722 -1177 209 219
17303 17432 3548 994 3633 1038 0 1 30722 30593 1273 488 129
17432 18826 3633 1038 2768 1567 1 0 30593 29199 -1273 488 1394
18826 20201 2768 1567 2829 253 0 1 29199 27824 1657 128 1375
20201 22051 2829 253 3445 1487 1 0 27824 25974 -1657 128 1850
22051 23096 3445 1487 2921 966 0 1 25974 24929 2425 133 1045
23096 23892 2921 966 2610 481 1 0 24929 24133 -2425 133 796
23892 24193 2610 481 2651 741 0 1 24133 23832 2729 281 301
24193 25118 2651 741 1855 870 1 0 23832 22907 -2729 281 925
25118 25333 1855 870 1855 870 0 0 22907 22907 0 215 0
25333 25642 1855 870 2034 740 0 1 22907 22598 3209 226 309
25642 26095 2034 740 2457 710 1 0 22598 22145 -3209 226 453
26095 26491 2457 710 2647 916 0 1 22145 21749 3321 50 396
26491 27107 2647 916 2526 1411 1 2 21749 21133 3449 3434 616
27107 27636 2526 1411 2080 1494 2 1 21133 20604 -3321 50 529
27636 35483 2080 1494 641 7902 1 0 20604 12757 -3449 3434 7847
35483 36605 641 7902 641 7902 0 0 12757 12757 0 1122 0
36605 45398 641 7902 2585 1053 0 1 12757 3964 9449 340 8793
45398 46080 2585 1053 3063 1257 1 0 3964 3282 -9449 340 682
46080 46806 3063 1257 3063 1257 0 0 3282 3282 0 726 0
46806 50000 3063 1257 6250 1250 0 0 3282 88 1000000000 0 3194
--------------------------------------
--------------------------------------
EV20
--------------------------------------
Num TPs served = 16
TPs served = 1289 1673 2121 2441 3113 3769 4713 5145 5929 6505 7065 7209 7545 7881 8921 9145
Total energy used = 35368
--------------------------------------
Schedule:
0 13565 6250 1250 6250 1250 0 0 35632 35632 0 13565 0
13565 17362 6250 1250 3132 571 0 1 35632 31835 1289 653 3797
17362 18670 3132 571 2945 1692 1 0 31835 30527 -1289 653 1308
18670 20269 2945 1692 3479 627 0 1 30527 28928 1673 32 1599
20269 21817 3479 627 2787 1483 1 0 28928 27380 -1673 32 1548
21817 22121 2787 1483 2991 1583 0 1 27380 27076 2121 22 304
22121 23355 2991 1583 2219 1121 1 0 27076 25842 -2121 22 1234
23355 23428 2219 1121 2207 1182 0 1 25842 25769 2441 11 73
23428 24512 2207 1182 1618 687 1 0 25769 24685 -2441 11 1084
24512 25700 1618 687 2204 85 0 1 24685 23497 3113 380 1188
25700 27175 2204 85 3031 733 1 0 23497 22022 -3113 380 1475
27175 27646 3031 733 3079 1156 0 1 22022 21551 3769 547 471
27646 29154 3079 1156 3560 2183 1 0 21551 20043 -3769 547 1508
29154 30667 3560 2183 4185 1295 0 1 20043 18530 4713 884 1513
30667 32000 4185 1295 3391 756 1 2 18530 17197 5145 123 1333
32000 33189 3391 756 2348 610 2 1 17197 16008 -5145 123 1189
33189 33390 2348 610 2294 757 1 0 16008 15807 -4713 590 201
33390 34109 2294 757 2278 1460 0 1 15807 15088 5929 70 719
34109 35189 2278 1460 2387 489 1 0 15088 14008 -5929 70 1080
35189 35687 2387 489 1980 398 0 1 14008 13510 6505 414 498
35687 35704 1980 398 1980 398 1 1 13510 13510 0 17 0
35704 36748 1980 398 2791 631 1 2 13510 12466 7065 507 1044
36748 37537 2791 631 2984 1227 2 1 12466 11677 -6505 397 789
37537 37936 2984 1227 3194 1416 1 2 11677 11278 7209 688 399
37936 38109 3194 1416 3059 1378 2 1 11278 11105 -7065 161 173
38109 38430 3059 1378 3091 1089 1 2 11105 10784 7545 214 321
38430 39273 3091 1089 2505 832 2 3 10784 9941 7881 220 843
39273 39337 2505 832 2508 771 3 2 9941 9877 -7545 208 64
39337 39778 2508 771 2807 629 2 1 9877 9436 -7881 220 441
39778 41468 2807 629 1390 356 1 0 9436 7746 -7209 20 1690
41468 41791 1390 356 1390 356 0 0 7746 7746 0 323 0
41791 42997 1390 356 2250 702 0 1 7746 6540 8921 814 1206
42997 44582 2250 702 2822 1715 1 2 6540 4955 9145 16 1585
44582 44851 2822 1715 2979 1603 2 1 4955 4686 -8921 590 269
44851 45908 2979 1603 3284 851 1 0 4686 3629 -9145 16 1057
45908 46635 3284 851 3284 851 0 0 3629 3629 0 727 0
46635 50000 3284 851 6250 1250 0 0 3629 264 1000000000 0 3365
--------------------------------------
--------------------------------------
EV21
--------------------------------------
Num TPs served = 22
TPs served = 1321 1577 1721 2073 2281 2329 2857 3513 4041 4313 4745 4857 5113 6073 6185 6393 6521 6697 7769 7977 8505 9097
Total energy used = 34878
--------------------------------------
Schedule:
0 13365 6250 1250 6250 1250 0 0 35632 35632 0 13365 0
13365 17559 6250 1250 2372 934 0 1 35632 31438 1321 119 4194
17559 17798 2372 934 2207 1008 1 0 31438 31199 -1321 119 239
17798 19323 2207 1008 3032 308 0 1 31199 29674 1577 273 1525
19323 19348 3032 308 3032 308 1 1 29674 29674 0 25 0
19348 19745 3032 308 3156 581 1 2 29674 29277 1721 704 397
19745 20758 3156 581 3111 1549 2 1 29277 28264 -1577 158 1013
20758 20944 3111 1549 3111 1549 1 1 28264 28264 0 186 0
20944 21351 3111 1549 3240 1827 1 2 28264 27857 2073 231 407
21351 21598 3240 1827 3009 1843 2 1 27857 27610 -1721 260 247
21598 21841 3009 1843 2779 1830 1 0 27610 27367 -2073 205 243
21841 22111 2779 1830 2779 1830 0 0 27367 27367 0 270 0
22111 22249 2779 1830 2747 1724 0 1 27367 27229 2281 680 138
22249 22885 2747 1724 2137 1698 1 2 27229 26593 2329 500 636
22885 24149 2137 1698 2406 703 2 1 26593 25329 -2281 142 1264
24149 24986 2406 703 3211 735 1 2 25329 24492 2857 260 837
24986 25148 3211 735 3144 830 2 1 24492 24330 -2329 112 162
25148 26691 3144 830 2127 304 1 0 24330 22787 -2857 70 1543
26691 27041 2127 304 2380 207 0 1 22787 22437 3513 129 350
27041 28157 2380 207 1907 850 1 0 22437 21321 -3513 129 1116
28157 28496 1907 850 1885 1167 0 1 21321 20982 4041 121 339
28496 28876 1885 1167 1973 1459 1 0 20982 20602 -4041 121 380
28876 28972 1973 1459 1973 1459 0 0 20602 20602 0 96 0
28972 29152 1973 1459 1847 1405 0 1 20602 20422 4313 885 180
29152 29623 1847 1405 1847 1405 1 1 20422 20422 0 471 0
29623 30420 1847 1405 2504 1265 1 2 20422 19625 4745 435 797
30420 30492 2504 1265 2504 1265 2 2 19625 19625 0 72 0
30492 30716 2504 1265 2452 1093 2 3 19625 19401 4857 273 224
30716 31264 2452 1093 2460 553 3 2 19401 18853 -4857 273 548
31264 31468 2460 553 2607 496 2 1 18853 18649 -4745 259 204
31468 31665 2607 496 2757 543 1 0 18649 18452 -4313 144 197
31665 32176 2757 543 3087 724 0 1 18452 17941 5113 28 511
32176 33695 3087 724 2227 1383 1 0 17941 16422 -5113 28 1519
33695 34028 2227 1383 2491 1452 0 1 16422 16089 6073 269 333
34028 34106 2491 1452 2491 1452 1 1 16089 16089 0 78 0
34106 34325 2491 1452 2527 1269 1 2 16089 15870 6185 275 219
34325 34717 2527 1269 2486 918 2 1 15870 15478 -6073 119 392
34717 34805 2486 918 2486 918 1 1 15478 15478 0 88 0
34805 34877 2486 918 2540 900 1 2 15478 15406 6393 420 72
34877 35046 2540 900 2629 820 2 1 15406 15237 -6185 105 169
35046 35896 2629 820 2216 383 1 0 15237 14387 -6393 242 850
35896 36278 2216 383 1918 299 0 1 14387 14005 6697 324 382
36278 36398 1918 299 1875 222 1 2 14005 13885 6521 346 120
36398 38324 1875 222 2411 1612 2 1 13885 11959 -6697 84 1926
38324 39324 2411 1612 3154 1869 1 2 11959 10959 7769 637 1000
39324 39445 3154 1869 3139 1975 2 1 10959 10838 -6521 316 121
39445 39774 3139 1975 2888 1897 1 2 10838 10509 7977 32 329
39774 40293 2888 1897 2747 1519 2 1 10509 9990 -7977 32 519
40293 40426 2747 1519 2747 1519 1 1 9990 9990 0 133 0
40426 41421 2747 1519 2151 1120 1 2 9990 8995 8505 729 995
41421 41797 2151 1120 1820 1075 2 1 8995 8619 -7769 292 376
41797 43542 1820 1075 3077 587 1 0 8619 6874 -8505 67 1745
43542 44112 3077 587 2957 137 0 1 6874 6304 9097 494 570
44112 45843 2957 137 3003 1822 1 0 6304 4573 -9097 494 1731
45843 46181 3003 1822 3003 1822 0 0 4573 4573 0 338 0
46181 50000 3003 1822 6250 1250 0 0 4573 754 1000000000 0 3819
--------------------------------------
--------------------------------------
EV22
--------------------------------------
Num TPs served = 19
TPs served = 1353 1609 1737 2041 2601 3129 3545 3945 4345 4537 4873 5465 7049 7641 7817 8313 9193 9401 9529
Total energy used = 35430
--------------------------------------
Schedule:
0 13625 6250 1250 6250 1250 0 0 35632 35632 0 13625 0
13625 17759 6250 1250 2548 818 0 1 35632 31498 1353 309 4134
17759 18378 2548 818 2697 1288 1 0 31498 30879 -1353 309 619
18378 18522 2697 1288 2697 1288 0 0 30879 30879 0 144 0
18522 19102 2697 1288 3061 1072 0 1 30879 30299 1609 216 580
19102 19536 3061 1072 2988 711 1 0 30299 29865 -1609 216 434
19536 19921 2988 711 2820 494 0 1 29865 29480 1737 378 385
19921 20860 2820 494 2930 1323 1 0 29480 28541 -1737 378 939
20860 21309 2930 1323 3206 1150 0 1 28541 28092 2041 601 449
21309 22603 3206 1150 2575 1813 1 0 28092 26798 -2041 601 1294
22603 23973 2575 1813 3365 1233 0 1 26798 25428 2601 178 1370
23973 25265 3365 1233 3024 282 1 0 25428 24136 -2601 178 1292
25265 25488 3024 282 3199 330 0 1 24136 23913 3129 264 223
25488 26189 3199 330 3004 836 1 0 23913 23212 -3129 264 701
26189 26941 3004 836 2881 1465 0 1 23212 22460 3545 173 752
26941 27703 2881 1465 3270 1092 1 0 22460 21698 -3545 173 762
27703 28120 3270 1092 2939 1178 0 1 21698 21281 3945 172 417
28120 28578 2939 1178 2820 1517 1 0 21281 20823 -3945 172 458
28578 29327 2820 1517 2905 853 0 1 20823 20074 4345 11 749
29327 29491 2905 853 2992 930 1 0 20074 19910 -4345 11 164
29491 30079 2992 930 3514 864 0 1 19910 19322 4537 27 588
30079 30619 3514 864 3141 1031 1 0 19322 18782 -4537 27 540
30619 31689 3141 1031 3498 1744 0 1 18782 17712 4873 111 1070
31689 32794 3498 1744 2593 1544 1 2 17712 16607 5465 870 1105
32794 33776 2593 1544 2114 1041 2 1 16607 15625 -4873 111 982
33776 35208 2114 1041 1072 651 1 0 15625 14193 -5465 870 1432
35208 36743 1072 651 2197 241 0 1 14193 12658 7049 716 1535
36743 38229 2197 241 3477 35 1 0 12658 11172 -7049 716 1486
38229 38707 3477 35 3194 230 0 1 11172 10694 7641 521 478
38707 39489 3194 230 2793 611 1 2 10694 9912 7817 88 782
39489 40224 2793 611 2088 581 2 1 9912 9177 -7641 461 735
40224 40637 2088 581 2081 987 1 0 9177 8764 -7817 28 413
40637 41639 2081 987 1871 1779 0 1 8764 7762 8313 108 1002
41639 43650 1871 1779 3187 1084 1 0 7762 5751 -8313 108 2011
43650 43691 3187 1084 3187 1084 0 0 5751 5751 0 41 0
43691 44068 3187 1084 2934 1208 0 1 5751 5374 9193 222 377
44068 44514 2934 1208 2577 1297 1 0 5374 4928 -9193 222 446
44514 44892 2577 1297 2577 1297 0 0 4928 4928 0 378 0
44892 45134 2577 1297 2611 1089 0 1 4928 4686 9401 479 242
45134 45473 2611 1089 2611 1089 1 1 4686 4686 0 339 0
45473 45881 2611 1089 2912 982 1 2 4686 4278 9529 332 408
45881 46432 2912 982 3228 747 2 1 4278 3727 -9401 140 551
46432 46858 3228 747 3498 903 1 0 3727 3301 -9529 20 426
46858 46901 3498 903 3498 903 0 0 3301 3301 0 43 0
46901 50000 3498 903 6250 1250 0 0 3301 202 1000000000 0 3099
--------------------------------------
--------------------------------------
EV23
--------------------------------------
Num TPs served = 24
TPs served = 1369 1689 1929 1993 2297 2521 2889 3673 4121 4425 4729 5321 5513 5849 6361 6601 6777 6857 7257 7689 8361 8409 8521 9497
Total energy used = 35574
--------------------------------------
Schedule:
0 13448 6250 1250 6250 1250 0 0 35632 35632 0 13448 0
13448 17838 6250 1250 2202 1592 0 1 35632 31242 1369 220 4390
17838 18280 2202 1592 2246 1194 1 0 31242 30800 -1369 220 442
18280 18492 2246 1194 2246 1194 0 0 30800 30800 0 212 0
18492 19577 2246 1194 3183 1342 0 1 30800 29715 1689 349 1085
19577 20276 3183 1342 2541 1285 1 0 29715 29016 -1689 349 699
20276 20973 2541 1285 2399 730 0 1 29016 28319 1929 128 697
20973 21135 2399 730 2424 593 1 2 28319 28157 1993 258 162
21135 21519 2424 593 2785 570 2 1 28157 27773 -1929 128 384
21519 21789 2785 570 2961 664 1 0 27773 27503 -1993 212 270
21789 22475 2961 664 3239 1072 0 1 27503 26817 2297 142 686
22475 23098 3239 1072 2744 944 1 0 26817 26194 -2297 142 623
23098 23456 2744 944 2810 652 0 1 26194 25836 2521 413 358
23456 24770 2810 652 3324 1452 1 0 25836 24522 -2521 413 1314
24770 25291 3324 1452 3630 1667 0 1 24522 24001 2889 109 521
25291 26852 3630 1667 3266 470 1 0 24001 22440 -2889 109 1561
26852 27376 3266 470 3110 838 0 1 22440 21916 3673 135 524
27376 28160 3110 838 2436 948 1 0 21916 21132 -3673 135 784
28160 28437 2436 948 2436 948 0 0 21132 21132 0 277 0
28437 28642 2436 948 2483 1106 0 1 21132 20927 4121 297 205
28642 29237 2483 1106 2885 913 1 0 20927 20332 -4121 297 595
29237 29292 2885 913 2885 913 0 0 20332 20332 0 55 0
29292 29475 2885 913 2721 932 0 1 20332 20149 4425 244 183
29475 29964 2721 932 3137 859 1 0 20149 19660 -4425 244 489
29964 30734 3137 859 2461 765 0 1 19660 18890 4729 109 770
30734 31655 2461 765 2477 1670 1 0 18890 17969 -4729 109 921
31655 32352 2477 1670 2593 1089 0 1 17969 17272 5321 158 697
32352 32680 2593 1089 2578 1402 1 2 17272 16944 5513 168 328
32680 33209 2578 1402 2976 1533 2 1 16944 16415 -5513 168 529
33209 33466 2976 1533 3179 1479 1 0 16415 16158 -5321 20 257
33466 33921 3179 1479 2885 1318 0 1 16158 15703 5849 31 455
33921 34943 2885 1318 2235 946 1 0 15703 14681 -5849 31 1022
34943 34964 2235 946 2239 929 0 1 14681 14660 6361 151 21
34964 35472 2239 929 2531 713 1 2 14660 14152 6601 168 508
35472 35727 2531 713 2727 772 2 1 14152 13897 -6361 33 255
35727 35830 2727 772 2827 769 1 0 13897 13794 -6601 162 103
35830 35937 2827 769 2839 864 0 1 13794 13687 6777 435 107
35937 36762 2839 864 3525 725 1 2 13687 12862 6857 327 825
36762 36944 3525 725 3489 579 2 1 12862 12680 -6777 363 182
36944 37355 3489 579 3091 592 1 2 12680 12269 7257 570 411
37355 38515 3091 592 2350 1011 2 1 12269 11109 -7257 570 1160
38515 38659 2350 1011 2234 1039 1 2 11109 10965 7689 548 144
38659 38920 2234 1039 1977 1043 2 1 10965 10704 -6857 35 261
38920 40319 1977 1043 2807 1612 1 0 10704 9305 -7689 34 1399
40319 40438 2807 1612 2807 1612 0 0 9305 9305 0 119 0
40438 41054 2807 1612 2744 1059 0 1 9305 8689 8409 220 616
41054 41495 2744 1059 3040 1204 1 0 8689 8248 -8409 220 441
41495 41653 3040 1204 2998 1320 0 1 8248 8090 8521 210 158
41653 41872 2998 1320 2844 1385 1 2 8090 7871 8361 35 219
41872 42509 2844 1385 2750 842 2 1 7871 7234 -8521 80 637
42509 43874 2750 842 1990 237 1 0 7234 5869 -8361 35 1365
43874 44003 1990 237 1990 237 0 0 5869 5869 0 129 0
44003 45682 1990 237 2632 1274 0 1 5869 4190 9497 122 1679
45682 45927 2632 1274 2416 1303 1 0 4190 3945 -9497 122 245
45927 46113 2416 1303 2416 1303 0 0 3945 3945 0 186 0
46113 50000 2416 1303 6250 1250 0 0 3945 58 1000000000 0 3887
--------------------------------------
--------------------------------------
EV24
--------------------------------------
Num TPs served = 7
TPs served = 1497 1785 1913 2361 2569 2969 3305
Total energy used = 33296
--------------------------------------
Schedule:
0 14873 6250 1250 6250 1250 0 0 35632 35632 0 14873 0
14873 18450 6250 1250 3131 792 0 1 35632 32055 1497 425 3577
18450 19302 3131 792 3020 1533 1 0 32055 31203 -1497 425 852
19302 19579 3020 1533 3020 1533 0 0 31203 31203 0 277 0
19579 20083 3020 1533 3311 1746 0 1 31203 30699 1785 430 504
20083 20213 3311 1746 3311 1746 1 1 30699 30699 0 130 0
20213 20728 3311 1746 3358 1278 1 2 30699 30184 1913 355 515
20728 21168 3358 1278 3125 1071 2 1 30184 29744 -1785 206 440
21168 21440 3125 1071 3101 823 1 0 29744 29472 -1913 355 272
21440 22244 3101 823 3101 823 0 0 29472 29472 0 804 0
22244 22549 3101 823 3080 1107 0 1 29472 29167 2361 125 305
22549 22801 3080 1107 3256 1183 1 0 29167 28915 -2361 125 252
22801 22981 3256 1183 3256 1183 0 0 28915 28915 0 180 0
22981 23382 3256 1183 3205 833 0 1 28915 28514 2569 549 401
23382 24482 3205 833 2241 969 1 0 28514 27414 -2569 549 1100
24482 25099 2241 969 2619 730 0 1 27414 26797 2969 167 617
25099 25936 2619 730 2278 234 1 0 26797 25960 -2969 167 837
25936 27163 2278 234 3431 308 0 1 25960 24733 3305 5280 1227
27163 40242 3431 308 9999 6819 1 0 24733 11654 -3305 5280 13079
40242 40682 9999 6819 9999 6819 0 0 11654 11654 0 440 0
40682 50000 9999 6819 6250 1250 0 0 11654 2336 1000000000 0 9318
--------------------------------------

-------------------------------------------------------------------------

TPs

-------------------------------------------------------------------------

----------------------
TP9 not allocated
----------------------

----------------------
TP25 allocated to 1
----------------------

----------------------
TP41 allocated to 2
----------------------

----------------------
TP57 not allocated
----------------------

----------------------
TP73 not allocated
----------------------

----------------------
TP89 not allocated
----------------------

----------------------
TP105 not allocated
----------------------

----------------------
TP121 not allocated
----------------------

----------------------
TP137 not allocated
----------------------

----------------------
TP153 not allocated
----------------------

----------------------
TP169 allocated to 3
----------------------

----------------------
TP185 not allocated
----------------------

----------------------
TP201 allocated to 1
----------------------

----------------------
TP217 allocated to 4
----------------------

----------------------
TP233 not allocated
----------------------

----------------------
TP249 allocated to 3
----------------------

----------------------
TP265 not allocated
----------------------

----------------------
TP281 not allocated
----------------------

----------------------
TP297 allocated to 3
----------------------

----------------------
TP313 not allocated
----------------------

----------------------
TP329 allocated to 4
----------------------

----------------------
TP345 not allocated
----------------------

----------------------
TP361 allocated to 5
----------------------

----------------------
TP377 allocated to 6
----------------------

----------------------
TP393 allocated to 6
----------------------

----------------------
TP409 allocated to 7
----------------------

----------------------
TP425 allocated to 8
----------------------

----------------------
TP441 allocated to 9
----------------------

----------------------
TP457 allocated to 6
----------------------

----------------------
TP473 allocated to 10
----------------------

----------------------
TP489 allocated to 4
----------------------

----------------------
TP505 allocated to 11
----------------------

----------------------
TP521 allocated to 5
----------------------

----------------------
TP537 allocated to 4
----------------------

----------------------
TP553 allocated to 5
----------------------

----------------------
TP569 allocated to 7
----------------------

----------------------
TP585 allocated to 4
----------------------

----------------------
TP601 allocated to 5
----------------------

----------------------
TP617 allocated to 5
----------------------

----------------------
TP633 allocated to 6
----------------------

----------------------
TP649 allocated to 7
----------------------

----------------------
TP665 allocated to 8
----------------------

----------------------
TP681 allocated to 10
----------------------

----------------------
TP697 allocated to 6
----------------------

----------------------
TP713 allocated to 9
----------------------

----------------------
TP729 allocated to 7
----------------------

----------------------
TP745 allocated to 11
----------------------

----------------------
TP761 allocated to 12
----------------------

----------------------
TP777 allocated to 4
----------------------

----------------------
TP793 allocated to 13
----------------------

----------------------
TP809 allocated to 6
----------------------

----------------------
TP825 allocated to 9
----------------------

----------------------
TP841 allocated to 11
----------------------

----------------------
TP857 allocated to 10
----------------------

----------------------
TP873 allocated to 8
----------------------

----------------------
TP889 allocated to 14
----------------------

----------------------
TP905 allocated to 13
----------------------

----------------------
TP921 allocated to 15
----------------------

----------------------
TP937 allocated to 16
----------------------

----------------------
TP953 allocated to 12
----------------------

----------------------
TP969 allocated to 16
----------------------

----------------------
TP985 allocated to 14
----------------------

----------------------
TP1001 allocated to 8
----------------------

----------------------
TP1017 allocated to 7
----------------------

----------------------
TP1033 allocated to 7
----------------------

----------------------
TP1049 allocated to 15
----------------------

----------------------
TP1065 allocated to 17
----------------------

----------------------
TP1081 allocated to 18
----------------------

----------------------
TP1097 allocated to 19
----------------------

----------------------
TP1113 allocated to 11
----------------------

----------------------
TP1129 allocated to 17
----------------------

----------------------
TP1145 allocated to 11
----------------------

----------------------
TP1161 allocated to 14
----------------------

----------------------
TP1177 allocated to 19
----------------------

----------------------
TP1193 allocated to 18
----------------------

----------------------
TP1209 allocated to 6
----------------------

----------------------
TP1225 allocated to 10
----------------------

----------------------
TP1241 allocated to 16
----------------------

----------------------
TP1257 allocated to 13
----------------------

----------------------
TP1273 allocated to 19
----------------------

----------------------
TP1289 allocated to 20
----------------------

----------------------
TP1305 allocated to 10
----------------------

----------------------
TP1321 allocated to 21
----------------------

----------------------
TP1337 allocated to 16
----------------------

----------------------
TP1353 allocated to 22
----------------------

----------------------
TP1369 allocated to 23
----------------------

----------------------
TP1385 allocated to 11
----------------------

----------------------
TP1401 allocated to 12
----------------------

----------------------
TP1417 allocated to 12
----------------------

----------------------
TP1433 allocated to 13
----------------------

----------------------
TP1449 allocated to 13
----------------------

----------------------
TP1465 allocated to 14
----------------------

----------------------
TP1481 allocated to 18
----------------------

----------------------
TP1497 allocated to 24
----------------------

----------------------
TP1513 allocated to 11
----------------------

----------------------
TP1529 allocated to 14
----------------------

----------------------
TP1545 not allocated
----------------------

----------------------
TP1561 allocated to 16
----------------------

----------------------
TP1577 allocated to 21
----------------------

----------------------
TP1593 allocated to 9
----------------------

----------------------
TP1609 allocated to 22
----------------------

----------------------
TP1625 allocated to 17
----------------------

----------------------
TP1641 not allocated
----------------------

----------------------
TP1657 allocated to 19
----------------------

----------------------
TP1673 allocated to 20
----------------------

----------------------
TP1689 allocated to 23
----------------------

----------------------
TP1705 allocated to 13
----------------------

----------------------
TP1721 allocated to 21
----------------------

----------------------
TP1737 allocated to 22
----------------------

----------------------
TP1753 allocated to 11
----------------------

----------------------
TP1769 allocated to 18
----------------------

----------------------
TP1785 allocated to 24
----------------------

----------------------
TP1801 allocated to 14
----------------------

----------------------
TP1817 allocated to 9
----------------------

----------------------
TP1833 allocated to 14
----------------------

----------------------
TP1849 allocated to 18
----------------------

----------------------
TP1865 allocated to 2
----------------------

----------------------
TP1881 allocated to 16
----------------------

----------------------
TP1897 allocated to 15
----------------------

----------------------
TP1913 allocated to 24
----------------------

----------------------
TP1929 allocated to 23
----------------------

----------------------
TP1945 allocated to 9
----------------------

----------------------
TP1961 allocated to 17
----------------------

----------------------
TP1977 not allocated
----------------------

----------------------
TP1993 allocated to 23
----------------------

----------------------
TP2009 allocated to 17
----------------------

----------------------
TP2025 allocated to 10
----------------------

----------------------
TP2041 allocated to 22
----------------------

----------------------
TP2057 not allocated
----------------------

----------------------
TP2073 allocated to 21
----------------------

----------------------
TP2089 not allocated
----------------------

----------------------
TP2105 allocated to 14
----------------------

----------------------
TP2121 allocated to 20
----------------------

----------------------
TP2137 allocated to 18
----------------------

----------------------
TP2153 not allocated
----------------------

----------------------
TP2169 not allocated
----------------------

----------------------
TP2185 allocated to 9
----------------------

----------------------
TP2201 not allocated
----------------------

----------------------
TP2217 not allocated
----------------------

----------------------
TP2233 not allocated
----------------------

----------------------
TP2249 allocated to 17
----------------------

----------------------
TP2265 not allocated
----------------------

----------------------
TP2281 allocated to 21
----------------------

----------------------
TP2297 allocated to 23
----------------------

----------------------
TP2313 allocated to 17
----------------------

----------------------
TP2329 allocated to 21
----------------------

----------------------
TP2345 allocated to 16
----------------------

----------------------
TP2361 allocated to 24
----------------------

----------------------
TP2377 allocated to 6
----------------------

----------------------
TP2393 allocated to 13
----------------------

----------------------
TP2409 not allocated
----------------------

----------------------
TP2425 allocated to 19
----------------------

----------------------
TP2441 allocated to 20
----------------------

----------------------
TP2457 allocated to 18
----------------------

----------------------
TP2473 allocated to 12
----------------------

----------------------
TP2489 not allocated
----------------------

----------------------
TP2505 allocated to 16
----------------------

----------------------
TP2521 allocated to 23
----------------------

----------------------
TP2537 allocated to 12
----------------------

----------------------
TP2553 not allocated
----------------------

----------------------
TP2569 allocated to 24
----------------------

----------------------
TP2585 not allocated
----------------------

----------------------
TP2601 allocated to 22
----------------------

----------------------
TP2617 not allocated
----------------------

----------------------
TP2633 not allocated
----------------------

----------------------
TP2649 not allocated
----------------------

----------------------
TP2665 not allocated
----------------------

----------------------
TP2681 not allocated
----------------------

----------------------
TP2697 not allocated
----------------------

----------------------
TP2713 allocated to 13
----------------------

----------------------
TP2729 allocated to 19
----------------------

----------------------
TP2745 not allocated
----------------------

----------------------
TP2761 allocated to 15
----------------------

----------------------
TP2777 allocated to 2
----------------------

----------------------
TP2793 allocated to 14
----------------------

----------------------
TP2809 not allocated
----------------------

----------------------
TP2825 allocated to 4
----------------------

----------------------
TP2841 allocated to 11
----------------------

----------------------
TP2857 allocated to 21
----------------------

----------------------
TP2873 allocated to 17
----------------------

----------------------
TP2889 allocated to 23
----------------------

----------------------
TP2905 not allocated
----------------------

----------------------
TP2921 not allocated
----------------------

----------------------
TP2937 allocated to 18
----------------------

----------------------
TP2953 allocated to 16
----------------------

----------------------
TP2969 allocated to 24
----------------------

----------------------
TP2985 not allocated
----------------------

----------------------
TP3001 not allocated
----------------------

----------------------
TP3017 allocated to 17
----------------------

----------------------
TP3033 not allocated
----------------------

----------------------
TP3049 not allocated
----------------------

----------------------
TP3065 allocated to 16
----------------------

----------------------
TP3081 not allocated
----------------------

----------------------
TP3097 not allocated
----------------------

----------------------
TP3113 allocated to 20
----------------------

----------------------
TP3129 allocated to 22
----------------------

----------------------
TP3145 allocated to 11
----------------------

----------------------
TP3161 not allocated
----------------------

----------------------
TP3177 not allocated
----------------------

----------------------
TP3193 not allocated
----------------------

----------------------
TP3209 allocated to 19
----------------------

----------------------
TP3225 allocated to 2
----------------------

----------------------
TP3241 allocated to 4
----------------------

----------------------
TP3257 allocated to 12
----------------------

----------------------
TP3273 allocated to 6
----------------------

----------------------
TP3289 allocated to 15
----------------------

----------------------
TP3305 allocated to 24
----------------------

----------------------
TP3321 allocated to 19
----------------------

----------------------
TP3337 allocated to 15
----------------------

----------------------
TP3353 not allocated
----------------------

----------------------
TP3369 not allocated
----------------------

----------------------
TP3385 not allocated
----------------------

----------------------
TP3401 allocated to 18
----------------------

----------------------
TP3417 allocated to 12
----------------------

----------------------
TP3433 not allocated
----------------------

----------------------
TP3449 allocated to 19
----------------------

----------------------
TP3465 allocated to 11
----------------------

----------------------
TP3481 not allocated
----------------------

----------------------
TP3497 allocated to 4
----------------------

----------------------
TP3513 allocated to 21
----------------------

----------------------
TP3529 allocated to 10
----------------------

----------------------
TP3545 allocated to 22
----------------------

----------------------
TP3561 not allocated
----------------------

----------------------
TP3577 allocated to 12
----------------------

----------------------
TP3593 not allocated
----------------------

----------------------
TP3609 not allocated
----------------------

----------------------
TP3625 not allocated
----------------------

----------------------
TP3641 not allocated
----------------------

----------------------
TP3657 not allocated
----------------------

----------------------
TP3673 allocated to 23
----------------------

----------------------
TP3689 not allocated
----------------------

----------------------
TP3705 not allocated
----------------------

----------------------
TP3721 allocated to 2
----------------------

----------------------
TP3737 not allocated
----------------------

----------------------
TP3753 allocated to 10
----------------------

----------------------
TP3769 allocated to 20
----------------------

----------------------
TP3785 not allocated
----------------------

----------------------
TP3801 allocated to 9
----------------------

----------------------
TP3817 allocated to 14
----------------------

----------------------
TP3833 allocated to 11
----------------------

----------------------
TP3849 not allocated
----------------------

----------------------
TP3865 not allocated
----------------------

----------------------
TP3881 not allocated
----------------------

----------------------
TP3897 allocated to 11
----------------------

----------------------
TP3913 not allocated
----------------------

----------------------
TP3929 not allocated
----------------------

----------------------
TP3945 allocated to 22
----------------------

----------------------
TP3961 not allocated
----------------------

----------------------
TP3977 allocated to 2
----------------------

----------------------
TP3993 allocated to 18
----------------------

----------------------
TP4009 not allocated
----------------------

----------------------
TP4025 not allocated
----------------------

----------------------
TP4041 allocated to 21
----------------------

----------------------
TP4057 allocated to 6
----------------------

----------------------
TP4073 allocated to 3
----------------------

----------------------
TP4089 not allocated
----------------------

----------------------
TP4105 allocated to 14
----------------------

----------------------
TP4121 allocated to 23
----------------------

----------------------
TP4137 not allocated
----------------------

----------------------
TP4153 not allocated
----------------------

----------------------
TP4169 not allocated
----------------------

----------------------
TP4185 allocated to 5
----------------------

----------------------
TP4201 not allocated
----------------------

----------------------
TP4217 allocated to 2
----------------------

----------------------
TP4233 allocated to 9
----------------------

----------------------
TP4249 allocated to 5
----------------------

----------------------
TP4265 not allocated
----------------------

----------------------
TP4281 allocated to 2
----------------------

----------------------
TP4297 allocated to 3
----------------------

----------------------
TP4313 allocated to 21
----------------------

----------------------
TP4329 not allocated
----------------------

----------------------
TP4345 allocated to 22
----------------------

----------------------
TP4361 not allocated
----------------------

----------------------
TP4377 not allocated
----------------------

----------------------
TP4393 allocated to 18
----------------------

----------------------
TP4409 not allocated
----------------------

----------------------
TP4425 allocated to 23
----------------------

----------------------
TP4441 allocated to 12
----------------------

----------------------
TP4457 allocated to 1
----------------------

----------------------
TP4473 not allocated
----------------------

----------------------
TP4489 allocated to 10
----------------------

----------------------
TP4505 allocated to 11
----------------------

----------------------
TP4521 allocated to 3
----------------------

----------------------
TP4537 allocated to 22
----------------------

----------------------
TP4553 not allocated
----------------------

----------------------
TP4569 allocated to 15
----------------------

----------------------
TP4585 not allocated
----------------------

----------------------
TP4601 not allocated
----------------------

----------------------
TP4617 allocated to 16
----------------------

----------------------
TP4633 allocated to 18
----------------------

----------------------
TP4649 not allocated
----------------------

----------------------
TP4665 not allocated
----------------------

----------------------
TP4681 not allocated
----------------------

----------------------
TP4697 allocated to 15
----------------------

----------------------
TP4713 allocated to 20
----------------------

----------------------
TP4729 allocated to 23
----------------------

----------------------
TP4745 allocated to 21
----------------------

----------------------
TP4761 not allocated
----------------------

----------------------
TP4777 not allocated
----------------------

----------------------
TP4793 not allocated
----------------------

----------------------
TP4809 not allocated
----------------------

----------------------
TP4825 allocated to 16
----------------------

----------------------
TP4841 not allocated
----------------------

----------------------
TP4857 allocated to 21
----------------------

----------------------
TP4873 allocated to 22
----------------------

----------------------
TP4889 allocated to 6
----------------------

----------------------
TP4905 not allocated
----------------------

----------------------
TP4921 allocated to 2
----------------------

----------------------
TP4937 allocated to 4
----------------------

----------------------
TP4953 not allocated
----------------------

----------------------
TP4969 allocated to 14
----------------------

----------------------
TP4985 allocated to 5
----------------------

----------------------
TP5001 not allocated
----------------------

----------------------
TP5017 not allocated
----------------------

----------------------
TP5033 allocated to 14
----------------------

----------------------
TP5049 allocated to 18
----------------------

----------------------
TP5065 not allocated
----------------------

----------------------
TP5081 not allocated
----------------------

----------------------
TP5097 not allocated
----------------------

----------------------
TP5113 allocated to 21
----------------------

----------------------
TP5129 not allocated
----------------------

----------------------
TP5145 allocated to 20
----------------------

----------------------
TP5161 allocated to 6
----------------------

----------------------
TP5177 allocated to 5
----------------------

----------------------
TP5193 not allocated
----------------------

----------------------
TP5209 not allocated
----------------------

----------------------
TP5225 not allocated
----------------------

----------------------
TP5241 allocated to 9
----------------------

----------------------
TP5257 allocated to 18
----------------------

----------------------
TP5273 not allocated
----------------------

----------------------
TP5289 allocated to 3
----------------------

----------------------
TP5305 allocated to 15
----------------------

----------------------
TP5321 allocated to 23
----------------------

----------------------
TP5337 not allocated
----------------------

----------------------
TP5353 not allocated
----------------------

----------------------
TP5369 not allocated
----------------------

----------------------
TP5385 not allocated
----------------------

----------------------
TP5401 not allocated
----------------------

----------------------
TP5417 not allocated
----------------------

----------------------
TP5433 not allocated
----------------------

----------------------
TP5449 allocated to 4
----------------------

----------------------
TP5465 allocated to 22
----------------------

----------------------
TP5481 allocated to 5
----------------------

----------------------
TP5497 not allocated
----------------------

----------------------
TP5513 allocated to 23
----------------------

----------------------
TP5529 allocated to 2
----------------------

----------------------
TP5545 not allocated
----------------------

----------------------
TP5561 not allocated
----------------------

----------------------
TP5577 not allocated
----------------------

----------------------
TP5593 not allocated
----------------------

----------------------
TP5609 not allocated
----------------------

----------------------
TP5625 not allocated
----------------------

----------------------
TP5641 not allocated
----------------------

----------------------
TP5657 not allocated
----------------------

----------------------
TP5673 allocated to 6
----------------------

----------------------
TP5689 not allocated
----------------------

----------------------
TP5705 not allocated
----------------------

----------------------
TP5721 not allocated
----------------------

----------------------
TP5737 not allocated
----------------------

----------------------
TP5753 not allocated
----------------------

----------------------
TP5769 not allocated
----------------------

----------------------
TP5785 not allocated
----------------------

----------------------
TP5801 allocated to 6
----------------------

----------------------
TP5817 not allocated
----------------------

----------------------
TP5833 allocated to 9
----------------------

----------------------
TP5849 allocated to 23
----------------------

----------------------
TP5865 allocated to 16
----------------------

----------------------
TP5881 allocated to 15
----------------------

----------------------
TP5897 not allocated
----------------------

----------------------
TP5913 allocated to 3
----------------------

----------------------
TP5929 allocated to 20
----------------------

----------------------
TP5945 not allocated
----------------------

----------------------
TP5961 allocated to 14
----------------------

----------------------
TP5977 not allocated
----------------------

----------------------
TP5993 not allocated
----------------------

----------------------
TP6009 not allocated
----------------------

----------------------
TP6025 not allocated
----------------------

----------------------
TP6041 allocated to 18
----------------------

----------------------
TP6057 allocated to 9
----------------------

----------------------
TP6073 allocated to 21
----------------------

----------------------
TP6089 not allocated
----------------------

----------------------
TP6105 not allocated
----------------------

----------------------
TP6121 not allocated
----------------------

----------------------
TP6137 not allocated
----------------------

----------------------
TP6153 not allocated
----------------------

----------------------
TP6169 not allocated
----------------------

----------------------
TP6185 allocated to 21
----------------------

----------------------
TP6201 not allocated
----------------------

----------------------
TP6217 not allocated
----------------------

----------------------
TP6233 not allocated
----------------------

----------------------
TP6249 not allocated
----------------------

----------------------
TP6265 allocated to 6
----------------------

----------------------
TP6281 allocated to 9
----------------------

----------------------
TP6297 not allocated
----------------------

----------------------
TP6313 not allocated
----------------------

----------------------
TP6329 not allocated
----------------------

----------------------
TP6345 not allocated
----------------------

----------------------
TP6361 allocated to 23
----------------------

----------------------
TP6377 not allocated
----------------------

----------------------
TP6393 allocated to 21
----------------------

----------------------
TP6409 not allocated
----------------------

----------------------
TP6425 allocated to 4
----------------------

----------------------
TP6441 not allocated
----------------------

----------------------
TP6457 not allocated
----------------------

----------------------
TP6473 allocated to 16
----------------------

----------------------
TP6489 allocated to 15
----------------------

----------------------
TP6505 allocated to 20
----------------------

----------------------
TP6521 allocated to 21
----------------------

----------------------
TP6537 not allocated
----------------------

----------------------
TP6553 not allocated
----------------------

----------------------
TP6569 not allocated
----------------------

----------------------
TP6585 not allocated
----------------------

----------------------
TP6601 allocated to 23
----------------------

----------------------
TP6617 allocated to 16
----------------------

----------------------
TP6633 not allocated
----------------------

----------------------
TP6649 not allocated
----------------------

----------------------
TP6665 not allocated
----------------------

----------------------
TP6681 allocated to 15
----------------------

----------------------
TP6697 allocated to 21
----------------------

----------------------
TP6713 allocated to 6
----------------------

----------------------
TP6729 not allocated
----------------------

----------------------
TP6745 not allocated
----------------------

----------------------
TP6761 not allocated
----------------------

----------------------
TP6777 allocated to 23
----------------------

----------------------
TP6793 not allocated
----------------------

----------------------
TP6809 not allocated
----------------------

----------------------
TP6825 not allocated
----------------------

----------------------
TP6841 not allocated
----------------------

----------------------
TP6857 allocated to 23
----------------------

----------------------
TP6873 not allocated
----------------------

----------------------
TP6889 not allocated
----------------------

----------------------
TP6905 not allocated
----------------------

----------------------
TP6921 not allocated
----------------------

----------------------
TP6937 allocated to 9
----------------------

----------------------
TP6953 not allocated
----------------------

----------------------
TP6969 allocated to 5
----------------------

----------------------
TP6985 not allocated
----------------------

----------------------
TP7001 not allocated
----------------------

----------------------
TP7017 not allocated
----------------------

----------------------
TP7033 not allocated
----------------------

----------------------
TP7049 allocated to 22
----------------------

----------------------
TP7065 allocated to 20
----------------------

----------------------
TP7081 not allocated
----------------------

----------------------
TP7097 not allocated
----------------------

----------------------
TP7113 not allocated
----------------------

----------------------
TP7129 not allocated
----------------------

----------------------
TP7145 not allocated
----------------------

----------------------
TP7161 not allocated
----------------------

----------------------
TP7177 not allocated
----------------------

----------------------
TP7193 not allocated
----------------------

----------------------
TP7209 allocated to 20
----------------------

----------------------
TP7225 not allocated
----------------------

----------------------
TP7241 not allocated
----------------------

----------------------
TP7257 allocated to 23
----------------------

----------------------
TP7273 not allocated
----------------------

----------------------
TP7289 not allocated
----------------------

----------------------
TP7305 not allocated
----------------------

----------------------
TP7321 not allocated
----------------------

----------------------
TP7337 allocated to 1
----------------------

----------------------
TP7353 allocated to 10
----------------------

----------------------
TP7369 not allocated
----------------------

----------------------
TP7385 not allocated
----------------------

----------------------
TP7401 not allocated
----------------------

----------------------
TP7417 not allocated
----------------------

----------------------
TP7433 not allocated
----------------------

----------------------
TP7449 not allocated
----------------------

----------------------
TP7465 not allocated
----------------------

----------------------
TP7481 not allocated
----------------------

----------------------
TP7497 not allocated
----------------------

----------------------
TP7513 not allocated
----------------------

----------------------
TP7529 not allocated
----------------------

----------------------
TP7545 allocated to 20
----------------------

----------------------
TP7561 not allocated
----------------------

----------------------
TP7577 not allocated
----------------------

----------------------
TP7593 not allocated
----------------------

----------------------
TP7609 not allocated
----------------------

----------------------
TP7625 not allocated
----------------------

----------------------
TP7641 allocated to 22
----------------------

----------------------
TP7657 allocated to 15
----------------------

----------------------
TP7673 not allocated
----------------------

----------------------
TP7689 allocated to 23
----------------------

----------------------
TP7705 not allocated
----------------------

----------------------
TP7721 not allocated
----------------------

----------------------
TP7737 not allocated
----------------------

----------------------
TP7753 not allocated
----------------------

----------------------
TP7769 allocated to 21
----------------------

----------------------
TP7785 not allocated
----------------------

----------------------
TP7801 allocated to 6
----------------------

----------------------
TP7817 allocated to 22
----------------------

----------------------
TP7833 not allocated
----------------------

----------------------
TP7849 not allocated
----------------------

----------------------
TP7865 not allocated
----------------------

----------------------
TP7881 allocated to 20
----------------------

----------------------
TP7897 not allocated
----------------------

----------------------
TP7913 not allocated
----------------------

----------------------
TP7929 not allocated
----------------------

----------------------
TP7945 not allocated
----------------------

----------------------
TP7961 allocated to 11
----------------------

----------------------
TP7977 allocated to 21
----------------------

----------------------
TP7993 not allocated
----------------------

----------------------
TP8009 not allocated
----------------------

----------------------
TP8025 not allocated
----------------------

----------------------
TP8041 not allocated
----------------------

----------------------
TP8057 not allocated
----------------------

----------------------
TP8073 not allocated
----------------------

----------------------
TP8089 not allocated
----------------------

----------------------
TP8105 allocated to 18
----------------------

----------------------
TP8121 not allocated
----------------------

----------------------
TP8137 not allocated
----------------------

----------------------
TP8153 not allocated
----------------------

----------------------
TP8169 not allocated
----------------------

----------------------
TP8185 not allocated
----------------------

----------------------
TP8201 not allocated
----------------------

----------------------
TP8217 not allocated
----------------------

----------------------
TP8233 not allocated
----------------------

----------------------
TP8249 not allocated
----------------------

----------------------
TP8265 not allocated
----------------------

----------------------
TP8281 not allocated
----------------------

----------------------
TP8297 allocated to 18
----------------------

----------------------
TP8313 allocated to 22
----------------------

----------------------
TP8329 not allocated
----------------------

----------------------
TP8345 not allocated
----------------------

----------------------
TP8361 allocated to 23
----------------------

----------------------
TP8377 not allocated
----------------------

----------------------
TP8393 allocated to 15
----------------------

----------------------
TP8409 allocated to 23
----------------------

----------------------
TP8425 not allocated
----------------------

----------------------
TP8441 not allocated
----------------------

----------------------
TP8457 not allocated
----------------------

----------------------
TP8473 not allocated
----------------------

----------------------
TP8489 not allocated
----------------------

----------------------
TP8505 allocated to 21
----------------------

----------------------
TP8521 allocated to 23
----------------------

----------------------
TP8537 not allocated
----------------------

----------------------
TP8553 not allocated
----------------------

----------------------
TP8569 not allocated
----------------------

----------------------
TP8585 not allocated
----------------------

----------------------
TP8601 not allocated
----------------------

----------------------
TP8617 not allocated
----------------------

----------------------
TP8633 not allocated
----------------------

----------------------
TP8649 not allocated
----------------------

----------------------
TP8665 not allocated
----------------------

----------------------
TP8681 not allocated
----------------------

----------------------
TP8697 not allocated
----------------------

----------------------
TP8713 not allocated
----------------------

----------------------
TP8729 not allocated
----------------------

----------------------
TP8745 not allocated
----------------------

----------------------
TP8761 not allocated
----------------------

----------------------
TP8777 not allocated
----------------------

----------------------
TP8793 not allocated
----------------------

----------------------
TP8809 not allocated
----------------------

----------------------
TP8825 not allocated
----------------------

----------------------
TP8841 not allocated
----------------------

----------------------
TP8857 not allocated
----------------------

----------------------
TP8873 not allocated
----------------------

----------------------
TP8889 not allocated
----------------------

----------------------
TP8905 not allocated
----------------------

----------------------
TP8921 allocated to 20
----------------------

----------------------
TP8937 not allocated
----------------------

----------------------
TP8953 not allocated
----------------------

----------------------
TP8969 not allocated
----------------------

----------------------
TP8985 not allocated
----------------------

----------------------
TP9001 not allocated
----------------------

----------------------
TP9017 not allocated
----------------------

----------------------
TP9033 not allocated
----------------------

----------------------
TP9049 not allocated
----------------------

----------------------
TP9065 not allocated
----------------------

----------------------
TP9081 not allocated
----------------------

----------------------
TP9097 allocated to 21
----------------------

----------------------
TP9113 allocated to 15
----------------------

----------------------
TP9129 allocated to 18
----------------------

----------------------
TP9145 allocated to 20
----------------------

----------------------
TP9161 not allocated
----------------------

----------------------
TP9177 not allocated
----------------------

----------------------
TP9193 allocated to 22
----------------------

----------------------
TP9209 not allocated
----------------------

----------------------
TP9225 not allocated
----------------------

----------------------
TP9241 allocated to 10
----------------------

----------------------
TP9257 allocated to 18
----------------------

----------------------
TP9273 not allocated
----------------------

----------------------
TP9289 not allocated
----------------------

----------------------
TP9305 not allocated
----------------------

----------------------
TP9321 not allocated
----------------------

----------------------
TP9337 allocated to 5
----------------------

----------------------
TP9353 not allocated
----------------------

----------------------
TP9369 allocated to 12
----------------------

----------------------
TP9385 not allocated
----------------------

----------------------
TP9401 allocated to 22
----------------------

----------------------
TP9417 not allocated
----------------------

----------------------
TP9433 not allocated
----------------------

----------------------
TP9449 allocated to 19
----------------------

----------------------
TP9465 not allocated
----------------------

----------------------
TP9481 not allocated
----------------------

----------------------
TP9497 allocated to 23
----------------------

----------------------
TP9513 not allocated
----------------------

----------------------
TP9529 allocated to 22
----------------------

----------------------
TP9545 not allocated
----------------------

----------------------
TP9561 not allocated
----------------------

----------------------
TP9577 not allocated
----------------------

----------------------
TP9593 not allocated
----------------------

----------------------
TP9609 not allocated
----------------------

----------------------
TP9625 not allocated
----------------------

----------------------
TP9641 not allocated
----------------------

----------------------
TP9657 not allocated
----------------------

----------------------
TP9673 not allocated
----------------------

----------------------
TP9689 not allocated
----------------------

----------------------
TP9705 not allocated
----------------------

----------------------
TP9721 not allocated
----------------------

----------------------
TP9737 not allocated
----------------------

----------------------
TP9753 not allocated
----------------------

----------------------
TP9769 not allocated
----------------------

----------------------
TP9785 not allocated
----------------------

----------------------
TP9801 not allocated
----------------------

----------------------
TP9817 not allocated
----------------------

----------------------
TP9833 not allocated
----------------------

----------------------
TP9849 not allocated
----------------------

----------------------
TP9865 not allocated
----------------------

----------------------
TP9881 not allocated
----------------------

----------------------
TP9897 not allocated
----------------------

----------------------
TP9913 not allocated
----------------------

----------------------
TP9929 not allocated
----------------------

----------------------
TP9945 not allocated
----------------------

----------------------
TP9961 not allocated
----------------------

----------------------
TP9977 not allocated
----------------------

----------------------
TP9993 not allocated
----------------------

-------------------------------------------------------------------------

Ride-sharing vs Individual Mode - Num Vehicles and Distance Comparisson 

-------------------------------------------------------------------------
Individual Mode = 625 vehicles.
Ride-sharing Mode = 347 vehicles. The 24 ride-sharing vehicles + 323 vehicles of the individuals not served by the ride-sharing service.
-------------------------------------------------------------------------
Individual Mode = 874971 distance.
Ride-sharing Mode = 1192345 distance. 847084 from the EV fleet + 345261 from the distance of the trips not covered individuals had to do with their own vehicle.
-------------------------------------------------------------------------
