-------------------------------------------------------------------------
TPs satisfied = 223; Total TPs = 625; Percentage Satisfied + 35.699999999999996%
-------------------------------------------------------------------------

-------------------------------------------------------------------------

EVs

-------------------------------------------------------------------------
--------------------------------------
EV1
--------------------------------------
Num TPs served = 2
TPs served = 344 728
Total energy used = 33238
--------------------------------------
Schedule:
0 3912 3750 8750 3750 8750 0 0 35632 35632 0 3912 0
3912 13188 3750 8750 2236 988 0 1 35632 26356 344 2687 9276
13188 14285 2236 988 2819 474 1 2 26356 25259 728 287 1097
14285 16755 2819 474 3792 1971 2 1 25259 22789 -728 287 2470
16755 30321 3792 1971 9999 9330 1 0 22789 9223 -344 1659 13566
30321 43171 9999 9330 9999 9330 0 0 9223 9223 0 12850 0
43171 50000 9999 9330 3750 8750 0 0 9223 2394 1000000000 0 6829
--------------------------------------
--------------------------------------
EV2
--------------------------------------
Num TPs served = 6
TPs served = 840 1000 5480 5720 6440 7000
Total energy used = 35474
--------------------------------------
Schedule:
0 7178 3750 8750 3750 8750 0 0 35632 35632 0 7178 0
7178 15555 3750 8750 3009 1114 0 1 35632 27255 840 2566 8377
15555 16062 3009 1114 2609 1007 1 2 27255 26748 1000 29 507
16062 16845 2609 1007 1936 897 2 1 26748 25965 -1000 29 783
16845 25232 1936 897 9999 573 1 0 25965 17578 -840 420 8387
25232 25947 9999 573 9999 573 0 0 17578 17578 0 715 0
25947 32491 9999 573 3645 763 0 1 17578 11034 5480 525 6544
32491 33264 3645 763 3146 489 1 2 11034 10261 5720 470 773
33264 33855 3146 489 2711 645 2 1 10261 9670 -5480 213 591
33855 34482 2711 645 2532 1093 1 0 9670 9043 -5720 470 627
34482 34660 2532 1093 2532 1093 0 0 9043 9043 0 178 0
34660 35001 2532 1093 2617 1349 0 1 9043 8702 6440 292 341
35001 35587 2617 1349 2614 1932 1 0 8702 8116 -6440 292 586
35587 35987 2614 1932 2614 1932 0 0 8116 8116 0 400 0
35987 36560 2614 1932 3185 1930 0 1 8116 7543 7000 465 573
36560 37491 3185 1930 3397 2649 1 0 7543 6612 -7000 465 931
37491 43546 3397 2649 3397 2649 0 0 6612 6612 0 6055 0
43546 50000 3397 2649 3750 8750 0 0 6612 158 1000000000 0 6454
--------------------------------------
--------------------------------------
EV3
--------------------------------------
Num TPs served = 3
TPs served = 856 5848 7048
Total energy used = 35236
--------------------------------------
Schedule:
0 7280 3750 8750 3750 8750 0 0 35632 35632 0 7280 0
7280 17523 3750 8750 2067 190 0 1 35632 25389 856 1096 10243
17523 25645 2067 190 9999 0 1 0 25389 17267 -856 1096 8122
25645 25740 9999 0 9999 0 0 0 17267 17267 0 95 0
25740 33440 9999 0 2956 657 0 1 17267 9567 5848 442 7700
33440 34326 2956 657 3459 1040 1 0 9567 8681 -5848 442 886
34326 36112 3459 1040 3459 1040 0 0 8681 8681 0 1786 0
36112 36711 3459 1040 3317 1497 0 1 8681 8082 7048 384 599
36711 37481 3317 1497 3597 1987 1 0 8082 7312 -7048 384 770
37481 43084 3597 1987 3597 1987 0 0 7312 7312 0 5603 0
43084 50000 3597 1987 3750 8750 0 0 7312 396 1000000000 0 6916
--------------------------------------
--------------------------------------
EV4
--------------------------------------
Num TPs served = 5
TPs served = 872 1496 1544 1640 1864
Total energy used = 34182
--------------------------------------
Schedule:
0 7382 3750 8750 3750 8750 0 0 35632 35632 0 7382 0
7382 15504 3750 8750 2732 1646 0 1 35632 27510 872 442 8122
15504 17871 2732 1646 1526 485 1 0 27510 25143 -872 442 2367
17871 17885 1526 485 1526 485 0 0 25143 25143 0 14 0
17885 18443 1526 485 2000 569 0 1 25143 24585 1496 474 558
18443 18446 2000 569 2000 569 1 1 24585 24585 0 3 0
18446 19304 2000 569 2542 885 1 2 24585 23727 1640 868 858
19304 19798 2542 885 2835 684 2 1 23727 23233 -1496 69 494
19798 19830 2835 684 2835 684 1 1 23233 23233 0 32 0
19830 20463 2835 684 3323 829 1 2 23233 22600 1864 96 633
20463 20656 3323 829 3202 901 2 1 22600 22407 -1864 96 193
20656 20786 3202 901 3301 870 1 2 22407 22277 1544 3320 130
20786 21780 3301 870 4172 993 2 1 22277 21283 -1640 130 994
21780 31499 4172 993 9999 4885 1 0 21283 11564 -1544 3320 9719
31499 39886 9999 4885 9999 4885 0 0 11564 11564 0 8387 0
39886 50000 9999 4885 3750 8750 0 0 11564 1450 1000000000 0 10114
--------------------------------------
--------------------------------------
EV5
--------------------------------------
Num TPs served = 9
TPs served = 968 1272 1816 2008 2264 2280 2712 2856 2952
Total energy used = 30744
--------------------------------------
Schedule:
0 7732 3750 8750 3750 8750 0 0 35632 35632 0 7732 0
7732 16209 3750 8750 2341 1682 0 1 35632 27155 968 312 8477
16209 16485 2341 1682 2341 1682 1 1 27155 27155 0 276 0
16485 17213 2341 1682 2760 1373 1 2 27155 26427 1272 1176 728
17213 18601 2760 1373 3902 1127 2 1 26427 25039 -968 36 1388
18601 19566 3902 1127 4052 312 1 0 25039 24074 -1272 1176 965
19566 20780 4052 312 2947 203 0 1 24074 22860 1816 124 1214
20780 21282 2947 203 2692 450 1 2 22860 22358 2008 409 502
21282 22070 2692 450 2606 1152 2 1 22358 21570 -1816 124 788
22070 22383 2606 1152 2580 1439 1 0 21570 21257 -2008 409 313
22383 22589 2580 1439 2541 1606 0 1 21257 21051 2280 600 206
22589 24030 2541 1606 3106 730 1 2 21051 19610 2712 46 1441
24030 24297 3106 730 3028 541 2 1 19610 19343 -2712 46 267
24297 24752 3028 541 3429 487 1 2 19343 18888 2856 299 455
24752 24995 3429 487 3246 427 2 1 18888 18645 -2280 78 243
24995 26102 3246 427 3291 1489 1 0 18645 17538 -2856 89 1107
26102 26161 3291 1489 3297 1436 0 1 17538 17479 2264 111 59
26161 27420 3297 1436 2337 1735 1 2 17479 16220 2952 1157 1259
27420 34334 2337 1735 1370 7682 2 1 16220 9306 -2264 111 6914
34334 34979 1370 7682 885 7842 1 0 9306 8661 -2952 1157 645
34979 46227 885 7842 885 7842 0 0 8661 8661 0 11248 0
46227 50000 885 7842 3750 8750 0 0 8661 4888 1000000000 0 3773
--------------------------------------
--------------------------------------
EV6
--------------------------------------
Num TPs served = 4
TPs served = 1016 1112 1336 1576
Total energy used = 35166
--------------------------------------
Schedule:
0 7880 3750 8750 3750 8750 0 0 35632 35632 0 7880 0
7880 15892 3750 8750 3405 1083 0 1 35632 27620 1016 482 8012
15892 15947 3405 1083 3405 1083 1 1 27620 27620 0 55 0
15947 16360 3405 1083 3299 1390 1 2 27620 27207 1112 802 413
16360 17178 3299 1390 2660 1569 2 1 27207 26389 -1016 427 818
17178 17691 2660 1569 2888 1854 1 2 26389 25876 1336 4433 513
17691 18421 2888 1854 2367 2063 2 1 25876 25146 -1112 346 730
18421 19383 2367 2063 2316 1152 1 2 25146 24184 1576 539 962
19383 21366 2316 1152 3672 525 2 1 24184 22201 -1576 539 1983
21366 28160 3672 525 9999 58 1 0 22201 15407 -1336 2871 6794
28160 35059 9999 58 9999 58 0 0 15407 15407 0 6899 0
35059 50000 9999 58 3750 8750 0 0 15407 466 1000000000 0 14941
--------------------------------------
--------------------------------------
EV7
--------------------------------------
Num TPs served = 14
TPs served = 1080 1240 1400 1656 1928 1976 2632 2808 3176 3880 4856 5800 5928 6184
Total energy used = 35558
--------------------------------------
Schedule:
0 8065 3750 8750 3750 8750 0 0 35632 35632 0 8065 0
8065 16179 3750 8750 3542 844 0 1 35632 27518 1080 673 8114
16179 16369 3542 844 3542 844 1 1 27518 27518 0 190 0
16369 17051 3542 844 3421 1405 1 2 27518 26836 1240 336 682
17051 17724 3421 1405 2845 1308 2 1 26836 26163 -1240 336 673
17724 18009 2845 1308 2628 1376 1 0 26163 25878 -1080 289 285
18009 18384 2628 1376 2463 1166 0 1 25878 25503 1400 91 375
18384 19392 2463 1166 2900 595 1 0 25503 24495 -1400 91 1008
19392 19907 2900 595 2430 550 0 1 24495 23980 1656 12 515
19907 20948 2430 550 3273 748 1 0 23980 22939 -1656 12 1041
20948 21034 3273 748 3218 717 0 1 22939 22853 1976 876 86
21034 21435 3218 717 3070 970 1 2 22853 22452 1928 27 401
21435 22721 3070 970 3882 1444 2 1 22452 21166 -1928 27 1286
22721 23118 3882 1444 4128 1595 1 0 21166 20769 -1976 580 397
23118 23164 4128 1595 4128 1595 0 0 20769 20769 0 46 0
23164 23631 4128 1595 3801 1455 0 1 20769 20302 2632 463 467
23631 24564 3801 1455 2887 1474 1 2 20302 19369 2808 260 933
24564 24855 2887 1474 3016 1312 2 1 19369 19078 -2632 167 291
24855 25856 3016 1312 2692 635 1 0 19078 18077 -2808 2 1001
25856 26331 2692 635 2276 694 0 1 18077 17602 3176 319 475
26331 26579 2276 694 2276 694 1 1 17602 17602 0 248 0
26579 27843 2276 694 3070 1164 1 2 17602 16338 3880 793 1264
27843 28780 3070 1164 3604 1567 2 1 16338 15401 -3176 71 937
28780 29666 3604 1567 3486 2335 1 0 15401 14515 -3880 557 886
29666 31328 3486 2335 3753 940 0 1 14515 12853 4856 308 1662
31328 33174 3753 940 1957 990 1 0 12853 11007 -4856 308 1846
33174 33713 1957 990 2060 1426 0 1 11007 10468 5928 994 539
33713 34071 2060 1426 2227 1617 1 2 10468 10110 5800 56 358
34071 34448 2227 1617 2419 1432 2 3 10110 9733 6184 94 377
34448 34884 2419 1432 2545 1122 3 2 9733 9297 -6184 94 436
34884 35698 2545 1122 3295 1058 2 1 9297 8483 -5800 56 814
35698 36230 3295 1058 3696 927 1 0 8483 7951 -5928 612 532
36230 42123 3696 927 3696 927 0 0 7951 7951 0 5893 0
42123 50000 3696 927 3750 8750 0 0 7951 74 1000000000 0 7877
--------------------------------------
--------------------------------------
EV8
--------------------------------------
Num TPs served = 7
TPs served = 1128 1144 1624 1752 2040 2328 2504
Total energy used = 35494
--------------------------------------
Schedule:
0 8244 3750 8750 3750 8750 0 0 35632 35632 0 8244 0
8244 16610 3750 8750 2881 1253 0 1 35632 27266 1128 427 8366
16610 16934 2881 1253 2936 984 1 2 27266 26942 1144 382 324
16934 17822 2936 984 2624 408 2 1 26942 26054 -1128 317 888
17822 18389 2624 408 2212 253 1 0 26054 25487 -1144 382 567
18389 18441 2212 253 2212 253 0 0 25487 25487 0 52 0
18441 19186 2212 253 2532 678 0 1 25487 24742 1624 383 745
19186 19953 2532 678 2497 1410 1 0 24742 23975 -1624 383 767
19953 20714 2497 1410 2497 1410 0 0 23975 23975 0 761 0
20714 21260 2497 1410 2150 1609 0 1 23975 23429 2040 771 546
21260 21510 2150 1609 2158 1367 1 2 23429 23179 1752 6303 250
21510 21740 2158 1367 2158 1367 2 2 23179 23179 0 230 0
21740 22446 2158 1367 2720 1223 2 3 23179 22473 2328 174 706
22446 22796 2720 1223 3022 1175 3 2 22473 22123 -2328 174 350
22796 23089 3022 1175 3287 1203 2 1 22123 21830 -2040 485 293
23089 23233 3287 1203 3284 1344 1 2 21830 21686 2504 208 144
23233 23851 3284 1344 3493 1753 2 1 21686 21068 -2504 208 618
23851 37943 3493 1753 9999 9339 1 0 21068 6976 -1752 5683 14092
37943 43162 9999 9339 9999 9339 0 0 6976 6976 0 5219 0
43162 50000 9999 9339 3750 8750 0 0 6976 138 1000000000 0 6838
--------------------------------------
--------------------------------------
EV9
--------------------------------------
Num TPs served = 12
TPs served = 1160 1352 1768 1960 2072 2456 3304 3832 3864 4264 5112 5336
Total energy used = 35468
--------------------------------------
Schedule:
0 9589 3750 8750 3750 8750 0 0 35632 35632 0 9589 0
9589 16666 3750 8750 3435 1988 0 1 35632 28555 1160 1233 7077
16666 16752 3435 1988 3435 1988 1 1 28555 28555 0 86 0
16752 17755 3435 1988 3440 990 1 2 28555 27552 1352 342 1003
17755 18441 3440 990 2996 1232 2 1 27552 26866 -1352 342 686
18441 18575 2996 1232 2996 1232 1 1 26866 26866 0 134 0
18575 20000 2996 1232 1821 982 1 2 26866 25441 1768 398 1425
20000 20153 1821 982 1836 1120 2 1 25441 25288 -1160 213 153
20153 20798 1836 1120 2389 1212 1 0 25288 24643 -1768 398 645
20798 20910 2389 1212 2389 1212 0 0 24643 24643 0 112 0
20910 21351 2389 1212 2803 1239 0 1 24643 24202 2072 104 441
21351 21560 2803 1239 2771 1416 1 0 24202 23993 -2072 104 209
21560 21678 2771 1416 2729 1492 0 1 23993 23875 1960 0 118
21678 23148 2729 1492 2049 702 1 0 23875 22405 -1960 0 1470
23148 23883 2049 702 1449 837 0 1 22405 21670 2456 107 735
23883 25982 1449 837 2880 1505 1 0 21670 19571 -2456 107 2099
25982 26526 2880 1505 3145 1226 0 1 19571 19027 3304 109 544
26526 27991 3145 1226 2465 441 1 0 19027 17562 -3304 109 1465
27991 28183 2465 441 2587 371 0 1 17562 17370 3864 229 192
28183 28473 2587 371 2846 340 1 2 17370 17080 3832 86 290
28473 29517 2846 340 2887 1343 2 1 17080 16036 -3864 167 1044
29517 30241 2887 1343 3449 1505 1 0 16036 15312 -3832 86 724
30241 30263 3449 1505 3449 1505 0 0 15312 15312 0 22 0
30263 31445 3449 1505 2703 1069 0 1 15312 14130 5112 191 1182
31445 31829 2703 1069 2432 1182 1 0 14130 13746 -5112 191 384
31829 32199 2432 1182 2095 1215 0 1 13746 13376 5336 41 370
32199 32519 2095 1215 2237 1037 1 0 13376 13056 -5336 41 320
32519 32996 2237 1037 1821 976 0 1 13056 12579 4264 103 477
32996 41176 1821 976 465 7800 1 0 12579 4399 -4264 103 8180
41176 45765 465 7800 465 7800 0 0 4399 4399 0 4589 0
45765 50000 465 7800 3750 8750 0 0 4399 164 1000000000 0 4235
--------------------------------------
--------------------------------------
EV10
--------------------------------------
Num TPs served = 12
TPs served = 1224 1480 1944 2024 2216 3336 4424 4888 5144 5736 6280 7224
Total energy used = 35462
--------------------------------------
Schedule:
0 8478 3750 8750 3750 8750 0 0 35632 35632 0 8478 0
8478 17437 3750 8750 2227 1314 0 1 35632 26673 1224 151 8959
17437 18703 2227 1314 3131 952 1 0 26673 25407 -1224 151 1266
18703 18994 3131 952 3173 703 0 1 25407 25116 1480 155 291
18994 20539 3173 703 2983 2058 1 0 25116 23571 -1480 155 1545
20539 20942 2983 2058 2832 1806 0 1 23571 23168 1944 346 403
20942 21821 2832 1806 2966 1061 1 2 23168 22289 2024 732 879
21821 21875 2966 1061 2922 1071 2 1 22289 22235 -1944 238 54
21875 22223 2922 1071 3262 1079 1 2 22235 21887 2216 403 348
22223 23554 3262 1079 2144 866 2 1 21887 20556 -2216 403 1331
23554 25259 2144 866 826 479 1 0 20556 18851 -2024 16 1705
25259 26980 826 479 2250 776 0 1 18851 17130 3336 88 1721
26980 29085 2250 776 2718 2413 1 0 17130 15025 -3336 88 2105
29085 29815 2718 2413 2982 1947 0 1 15025 14295 4424 199 730
29815 30902 2982 1947 3390 1268 1 0 14295 13208 -4424 199 1087
30902 31379 3390 1268 3691 1092 0 1 13208 12731 4888 183 477
31379 31654 3691 1092 3461 1047 1 2 12731 12456 5144 293 275
31654 32493 3461 1047 2804 865 2 1 12456 11617 -5144 293 839
32493 33007 2804 865 2850 397 1 0 11617 11103 -4888 91 514
33007 33494 2850 397 2475 285 0 1 11103 10616 5736 83 487
33494 34313 2475 285 2605 974 1 0 10616 9797 -5736 83 819
34313 34676 2605 974 2797 803 0 1 9797 9434 6280 71 363
34676 34993 2797 803 2672 995 1 0 9434 9117 -6280 71 317
34993 37076 2672 995 2672 995 0 0 9117 9117 0 2083 0
37076 37248 2672 995 2615 1110 0 1 9117 8945 7224 693 172
37248 38635 2615 1110 3233 1879 1 0 8945 7558 -7224 693 1387
38635 42612 3233 1879 3233 1879 0 0 7558 7558 0 3977 0
42612 50000 3233 1879 3750 8750 0 0 7558 170 1000000000 0 7388
--------------------------------------
--------------------------------------
EV11
--------------------------------------
Num TPs served = 14
TPs served = 1304 1592 1800 2136 2840 3032 3400 3704 4280 4376 6072 6616 6856 7944
Total energy used = 35478
--------------------------------------
Schedule:
0 10411 3750 8750 3750 8750 0 0 35632 35632 0 10411 0
10411 17453 3750 8750 3366 2092 0 1 35632 28590 1304 1081 7042
17453 18005 3366 2092 3366 2092 1 1 28590 28590 0 552 0
18005 19002 3366 2092 3001 1460 1 2 28590 27593 1592 514 997
19002 20032 3001 1460 3135 564 2 1 27593 26563 -1592 514 1030
20032 20437 3135 564 2900 394 1 0 26563 26158 -1304 261 405
20437 21131 2900 394 2351 249 0 1 26158 25464 1800 120 694
21131 21641 2351 249 2420 690 1 2 25464 24954 2136 936 510
21641 23246 2420 690 3304 1411 2 1 24954 23349 -1800 120 1605
23246 23691 3304 1411 3277 1829 1 0 23349 22904 -2136 882 445
23691 23747 3277 1829 3277 1829 0 0 22904 22904 0 56 0
23747 24426 3277 1829 2985 1442 0 1 22904 22225 2840 174 679
24426 24775 2985 1442 2692 1498 1 0 22225 21876 -2840 174 349
24775 26010 2692 1498 3856 1569 0 1 21876 20641 3032 309 1235
26010 26062 3856 1569 3856 1569 1 1 20641 20641 0 52 0
26062 26201 3856 1569 3811 1475 1 2 20641 20502 3400 707 139
26201 26379 3811 1475 3811 1475 2 2 20502 20502 0 178 0
26379 27226 3811 1475 2998 1441 2 3 20502 19655 3704 685 847
27226 27794 2998 1441 2609 1262 3 2 19655 19087 -3400 529 568
27794 28743 2609 1262 2531 391 2 1 19087 18138 -3032 79 949
28743 29277 2531 391 2337 731 1 0 18138 17604 -3704 5 534
29277 29857 2337 731 2001 487 0 1 17604 17024 4376 244 580
29857 30478 2001 487 2542 567 1 2 17024 16403 4280 133 621
30478 31373 2542 567 3191 813 2 1 16403 15508 -4376 244 895
31373 33596 3191 813 4572 1655 1 0 15508 13285 -4280 133 2223
33596 34330 4572 1655 4571 922 0 1 13285 12551 6072 873 734
34330 35808 4571 922 3299 1128 1 2 12551 11073 6616 250 1478
35808 35967 3299 1128 3299 1128 2 2 11073 11073 0 159 0
35967 36158 3299 1128 3155 1175 2 3 11073 10882 6856 637 191
36158 37084 3155 1175 2241 1163 3 2 10882 9956 -6616 67 926
37084 37301 2241 1163 2453 1168 2 1 9956 9739 -6072 266 217
37301 37986 2453 1168 2505 1801 1 0 9739 9054 -6856 85 685
37986 39202 2505 1801 2505 1801 0 0 9054 9054 0 1216 0
39202 39422 2505 1801 2719 1807 0 1 9054 8834 7944 276 220
39422 39976 2719 1807 2920 1454 1 0 8834 8280 -7944 276 554
39976 41874 2920 1454 2920 1454 0 0 8280 8280 0 1898 0
41874 50000 2920 1454 3750 8750 0 0 8280 154 1000000000 0 8126
--------------------------------------
--------------------------------------
EV12
--------------------------------------
Num TPs served = 16
TPs served = 1320 1416 1784 1896 2296 2408 2648 2792 3208 3512 4056 4216 4872 5880 6328 6472
Total energy used = 35148
--------------------------------------
Schedule:
0 9075 3750 8750 3750 8750 0 0 35632 35632 0 9075 0
9075 17555 3750 8750 3801 321 0 1 35632 27152 1320 986 8480
17555 18268 3801 321 3266 499 1 2 27152 26439 1416 110 713
18268 18896 3266 499 3151 1012 2 1 26439 25811 -1416 110 628
18896 18936 3151 1012 3151 1012 1 1 25811 25811 0 40 0
18936 20083 3151 1012 2347 669 1 2 25811 24664 1784 874 1147
20083 20254 2347 669 2243 736 2 1 24664 24493 -1320 260 171
20254 20776 2243 736 2736 707 1 2 24493 23971 1896 224 522
20776 21503 2736 707 2889 1281 2 1 23971 23244 -1896 224 727
21503 21669 2889 1281 2889 1281 1 1 23244 23244 0 166 0
21669 22305 2889 1281 3194 1612 1 2 23244 22608 2296 118 636
22305 22542 3194 1612 3110 1765 2 1 22608 22371 -2296 118 237
22542 22652 3110 1765 3079 1686 1 0 22371 22261 -1784 54 110
22652 22996 3079 1686 3265 1528 0 1 22261 21917 2408 379 344
22996 23749 3265 1528 2660 1380 1 2 21917 21164 2648 496 753
23749 24250 2660 1380 2647 892 2 1 21164 20663 -2408 379 501
24250 24470 2647 892 2633 686 1 2 20663 20443 2792 747 220
24470 24937 2633 686 3067 653 2 1 20443 19976 -2648 442 467
24937 25084 3067 653 3067 653 1 1 19976 19976 0 147 0
25084 25640 3067 653 2888 1030 1 2 19976 19420 3208 41 556
25640 25723 2888 1030 2937 996 2 1 19420 19337 -3208 41 83
25723 26664 2937 996 3026 1848 1 2 19337 18396 3512 708 941
26664 26997 3026 1848 3106 2101 2 1 18396 18063 -2792 108 333
26997 28604 3106 2101 2913 687 1 2 18063 16456 4056 416 1607
28604 28851 2913 687 2795 558 2 1 16456 16209 -3512 42 247
28851 29177 2795 558 2860 819 1 2 16209 15883 4216 648 326
29177 30106 2860 819 2261 1149 2 1 15883 14954 -4056 28 929
30106 30857 2261 1149 2203 1842 1 2 14954 14203 4872 862 751
30857 31488 2203 1842 2421 2255 2 1 14203 13572 -4216 212 631
31488 33612 2421 2255 2952 662 1 0 13572 11448 -4872 36 2124
33612 34250 2952 662 2879 97 0 1 11448 10810 5880 445 638
34250 34313 2879 97 2879 97 1 1 10810 10810 0 63 0
34313 34734 2879 97 2901 496 1 2 10810 10389 6328 804 421
34734 35344 2901 496 2682 887 2 3 10389 9779 6472 27 610
35344 35868 2682 887 2628 1357 3 2 9779 9255 -6472 27 524
35868 36565 2628 1357 2739 1943 2 1 9255 8558 -6328 582 697
36565 36920 2739 1943 2611 2170 1 0 8558 8203 -5880 116 355
36920 42281 2611 2170 2611 2170 0 0 8203 8203 0 5361 0
42281 50000 2611 2170 3750 8750 0 0 8203 484 1000000000 0 7719
--------------------------------------
--------------------------------------
EV13
--------------------------------------
Num TPs served = 13
TPs served = 1368 1720 2056 2312 2728 3240 3944 4520 4664 5064 5464 5944 6600
Total energy used = 35186
--------------------------------------
Schedule:
0 8917 3750 8750 3750 8750 0 0 35632 35632 0 8917 0
8917 18198 3750 8750 2647 572 0 1 35632 26351 1368 513 9281
18198 18355 2647 572 2647 572 1 1 26351 26351 0 157 0
18355 19736 2647 572 3240 1360 1 2 26351 24970 1720 462 1381
19736 20113 3240 1360 3561 1416 2 1 24970 24593 -1368 356 377
20113 20774 3561 1416 3597 791 1 0 24593 23932 -1720 350 661
20774 21383 3597 791 4107 692 0 1 23932 23323 2056 1291 609
21383 21667 4107 692 4107 692 1 1 23323 23323 0 284 0
21667 22362 4107 692 3771 333 1 2 23323 22628 2312 859 695
22362 24010 3771 333 2233 443 2 3 22628 20980 2728 369 1648
24010 24081 2233 443 2172 453 3 2 20980 20909 -2312 859 71
24081 24766 2172 453 1990 956 2 1 20909 20224 -2728 369 685
24766 25381 1990 956 2113 1448 1 0 20224 19609 -2056 43 615
25381 26398 2113 1448 2524 842 0 1 19609 18592 3240 88 1017
26398 27932 2524 842 1875 1727 1 0 18592 17058 -3240 88 1534
27932 28459 1875 1727 1797 1278 0 1 17058 16531 3944 104 527
28459 29465 1797 1278 2307 1774 1 0 16531 15525 -3944 104 1006
29465 29871 2307 1774 2560 1621 0 1 15525 15119 4520 311 406
29871 30629 2560 1621 2906 1209 1 2 15119 14361 4664 463 758
30629 30891 2906 1209 2783 1070 2 1 14361 14099 -4520 65 262
30891 31454 2783 1070 2712 578 1 2 14099 13536 5064 204 563
31454 32143 2712 578 2559 42 2 1 13536 12847 -5064 204 689
32143 32380 2559 42 2559 42 1 1 12847 12847 0 237 0
32380 32455 2559 42 2568 108 1 2 12847 12772 5464 843 75
32455 32814 2568 108 2222 95 2 1 12772 12413 -4664 76 359
32814 33995 2222 95 2179 1233 1 2 12413 11232 5944 707 1181
33995 34946 2179 1233 2969 1394 2 1 11232 10281 -5464 39 951
34946 35220 2969 1394 2969 1394 1 1 10281 10281 0 274 0
35220 35459 2969 1394 3109 1295 1 2 10281 10042 6600 490 239
35459 36440 3109 1295 3340 545 2 1 10042 9061 -6600 490 981
36440 36736 3340 545 3588 593 1 0 9061 8765 -5944 15 296
36736 41681 3588 593 3588 593 0 0 8765 8765 0 4945 0
41681 50000 3588 593 3750 8750 0 0 8765 446 1000000000 0 8319
--------------------------------------
--------------------------------------
EV14
--------------------------------------
Num TPs served = 13
TPs served = 1384 1560 1736 2168 2680 3128 3560 4040 4360 4760 5176 6024 6808
Total energy used = 35512
--------------------------------------
Schedule:
0 9145 3750 8750 3750 8750 0 0 35632 35632 0 9145 0
9145 17902 3750 8750 2912 831 0 1 35632 26875 1384 622 8757
17902 17996 2912 831 2912 831 1 1 26875 26875 0 94 0
17996 18834 2912 831 3150 1431 1 2 26875 26037 1560 409 838
18834 19512 3150 1431 3693 1296 2 1 26037 25359 -1384 258 678
19512 19789 3693 1296 3902 1364 1 0 25359 25082 -1560 273 277
19789 20407 3902 1364 3389 1259 0 1 25082 24464 1736 148 618
20407 20418 3389 1259 3389 1259 1 1 24464 24464 0 11 0
20418 21767 3389 1259 2970 2189 1 2 24464 23115 2168 814 1349
21767 21877 2970 2189 2872 2201 2 1 23115 23005 -1736 137 110
21877 23421 2872 2201 2791 738 1 0 23005 21461 -2168 790 1544
23421 24255 2791 738 3011 1352 0 1 21461 20627 2680 77 834
24255 25281 3011 1352 3835 1150 1 0 20627 19601 -2680 77 1026
25281 25644 3835 1150 4184 1136 0 1 19601 19238 3128 294 363
25644 26743 4184 1136 3185 1236 1 0 19238 18139 -3128 294 1099
26743 27291 3185 1236 3013 1612 0 1 18139 17591 3560 12 548
27291 28364 3013 1612 2241 1311 1 0 17591 16518 -3560 12 1073
28364 29109 2241 1311 1631 1176 0 1 16518 15773 4040 240 745
29109 29699 1631 1176 1972 927 1 2 15773 15183 4360 515 590
29699 29746 1972 927 1972 927 2 2 15183 15183 0 47 0
29746 30469 1972 927 2545 777 2 3 15183 14460 4760 120 723
30469 30710 2545 777 2724 839 3 2 14460 14219 -4760 120 241
30710 31162 2724 839 3159 856 2 1 14219 13767 -4040 35 452
31162 31873 3159 856 3231 1495 1 0 13767 13056 -4360 168 711
31873 32191 3231 1495 3065 1647 0 1 13056 12738 5176 180 318
32191 33736 3065 1647 2361 806 1 0 12738 11193 -5176 180 1545
33736 34423 2361 806 2980 738 0 1 11193 10506 6024 21 687
34423 35459 2980 738 2443 1237 1 0 10506 9470 -6024 21 1036
35459 35745 2443 1237 2443 1237 0 0 9470 9470 0 286 0
35745 36010 2443 1237 2435 980 0 1 9470 9205 6808 421 265
36010 36854 2435 980 3161 1098 1 0 9205 8361 -6808 421 844
36854 41759 3161 1098 3161 1098 0 0 8361 8361 0 4905 0
41759 50000 3161 1098 3750 8750 0 0 8361 120 1000000000 0 8241
--------------------------------------
--------------------------------------
EV15
--------------------------------------
Num TPs served = 13
TPs served = 1432 1704 1848 2152 2360 2824 3048 4072 4616 4904 5448 6088 6760
Total energy used = 35610
--------------------------------------
Schedule:
0 9293 3750 8750 3750 8750 0 0 35632 35632 0 9293 0
9293 18154 3750 8750 2341 1298 0 1 35632 26771 1432 440 8861
18154 19035 2341 1298 2344 420 1 0 26771 25890 -1432 440 881
19035 19280 2344 420 2344 420 0 0 25890 25890 0 245 0
19280 19669 2344 420 2515 638 0 1 25890 25501 1704 73 389
19669 19817 2515 638 2512 493 1 0 25501 25353 -1704 73 148
19817 20064 2512 493 2512 493 0 0 25353 25353 0 247 0
20064 20418 2512 493 2843 516 0 1 25353 24999 1848 619 354
20418 20492 2843 516 2843 516 1 1 24999 24999 0 74 0
20492 21674 2843 516 2451 1306 1 2 24999 23817 2152 143 1182
21674 21962 2451 1306 2261 1208 2 1 23817 23529 -2152 143 288
21962 22269 2261 1208 2125 1037 1 0 23529 23222 -1848 7 307
22269 22992 2125 1037 2070 369 0 1 23222 22499 2360 385 723
22992 23021 2070 369 2070 369 1 1 22499 22499 0 29 0
23021 24375 2070 369 2936 857 1 2 22499 21145 2824 355 1354
24375 24678 2936 857 3026 1070 2 1 21145 20842 -2360 356 303
24678 25266 3026 1070 2826 1458 1 0 20842 20254 -2824 175 588
25266 25700 2826 1458 3009 1207 0 1 20254 19820 3048 103 434
25700 27082 3009 1207 4040 856 1 0 19820 18438 -3048 103 1382
27082 28640 4040 856 2586 960 0 1 18438 16880 4072 459 1558
28640 29803 2586 960 1780 603 1 0 16880 15717 -4072 459 1163
29803 30296 1780 603 2068 808 0 1 15717 15224 4616 579 493
30296 31190 2068 808 2687 533 1 2 15224 14330 4904 156 894
31190 32221 2687 533 3113 1138 2 1 14330 13299 -4904 156 1031
32221 32447 3113 1138 3247 1230 1 0 13299 13073 -4616 29 226
32447 33189 3247 1230 3148 1873 0 1 13073 12331 5448 404 742
33189 34358 3148 1873 2712 1140 1 2 12331 11162 6088 261 1169
34358 35484 2712 1140 2117 609 2 1 11162 10036 -6088 261 1126
35484 35600 2117 609 2014 596 1 0 10036 9920 -5448 404 116
35600 35866 2014 596 2276 592 0 1 9920 9654 6760 571 266
35866 37035 2276 592 2335 1702 1 0 9654 8485 -6760 571 1169
37035 41537 2335 1702 2335 1702 0 0 8485 8485 0 4502 0
41537 50000 2335 1702 3750 8750 0 0 8485 22 1000000000 0 8463
--------------------------------------
--------------------------------------
EV16
--------------------------------------
Num TPs served = 11
TPs served = 1448 1832 2104 2440 3192 3432 4152 4568 5208 5992 6824
Total energy used = 35230
--------------------------------------
Schedule:
0 9322 3750 8750 3750 8750 0 0 35632 35632 0 9322 0
9322 18214 3750 8750 2894 714 0 1 35632 26740 1448 451 8892
18214 19117 2894 714 2298 1021 1 0 26740 25837 -1448 451 903
19117 20394 2298 1021 3463 909 0 1 25837 24560 1832 331 1277
20394 21221 3463 909 2652 893 1 0 24560 23733 -1832 331 827
21221 22218 2652 893 3138 382 0 1 23733 22736 2104 113 997
22218 23048 3138 382 2762 836 1 2 22736 21906 2440 512 830
23048 23925 2762 836 2354 1305 2 1 21906 21029 -2104 113 877
23925 24867 2354 1305 2589 2012 1 0 21029 20087 -2440 42 942
24867 25130 2589 2012 2589 2012 0 0 20087 20087 0 263 0
25130 25589 2589 2012 2987 1951 0 1 20087 19628 3192 215 459
25589 26020 2987 1951 2632 1875 1 0 19628 19197 -3192 215 431
26020 26871 2632 1875 2441 1215 0 1 19197 18346 3432 120 851
26871 28246 2441 1215 2773 172 1 0 18346 16971 -3432 120 1375
28246 28925 2773 172 2665 743 0 1 16971 16292 4152 359 679
28925 29177 2665 743 2665 743 1 1 16292 16292 0 252 0
29177 29943 2665 743 3101 1073 1 2 16292 15526 4568 793 766
29943 30305 3101 1073 3255 1281 2 1 15526 15164 -4152 107 362
30305 32115 3255 1281 2612 114 1 2 15164 13354 5208 360 1810
32115 32255 2612 114 2578 8 2 1 13354 13214 -4568 69 140
32255 33932 2578 8 3310 953 1 0 13214 11537 -5208 80 1677
33932 34384 3310 953 3596 787 0 1 11537 11085 5992 94 452
34384 35717 3596 787 2794 1318 1 0 11085 9752 -5992 94 1333
35717 36076 2794 1318 2564 1189 0 1 9752 9393 6824 693 359
36076 37485 2564 1189 3872 1290 1 0 9393 7984 -6824 693 1409
37485 42418 3872 1290 3872 1290 0 0 7984 7984 0 4933 0
42418 50000 3872 1290 3750 8750 0 0 7984 402 1000000000 0 7582
--------------------------------------
--------------------------------------
EV17
--------------------------------------
Num TPs served = 15
TPs served = 1464 1688 2232 2584 2696 2760 3896 4184 4696 5000 5128 6152 6312 7032 7544
Total energy used = 35610
--------------------------------------
Schedule:
0 9578 3750 8750 3750 8750 0 0 35632 35632 0 9578 0
9578 18291 3750 8750 2547 1240 0 1 35632 26919 1464 207 8713
18291 18706 2547 1240 2175 1197 1 0 26919 26504 -1464 207 415
18706 20037 2175 1197 1914 2267 0 1 26504 25173 1688 83 1331
20037 21130 1914 2267 2509 1769 1 0 25173 24080 -1688 83 1093
21130 22285 2509 1769 2393 730 0 1 24080 22925 2232 238 1155
22285 23257 2393 730 3305 670 1 0 22925 21953 -2232 238 972
23257 23279 3305 670 3305 670 0 0 21953 21953 0 22 0
23279 23433 3305 670 3184 703 0 1 21953 21799 2584 221 154
23433 23876 3184 703 2909 871 1 0 21799 21356 -2584 221 443
23876 23941 2909 871 2909 871 0 0 21356 21356 0 65 0
23941 24147 2909 871 3082 904 0 1 21356 21150 2760 284 206
24147 24717 3082 904 3402 654 1 0 21150 20580 -2760 284 570
24717 25063 3402 654 3417 323 0 1 20580 20234 2696 115 346
25063 27609 3417 323 1589 1041 1 0 20234 17688 -2696 115 2546
27609 28192 1589 1041 2168 1037 0 1 17688 17105 3896 113 583
28192 29036 2168 1037 2845 870 1 0 17105 16261 -3896 113 844
29036 29154 2845 870 2897 804 0 1 16261 16143 4184 128 118
29154 30109 2897 804 2628 1490 1 0 16143 15188 -4184 128 955
30109 30664 2628 1490 2275 1692 0 1 15188 14633 4696 136 555
30664 31317 2275 1692 2647 1411 1 2 14633 13980 5000 898 653
31317 31389 2647 1411 2647 1411 2 2 13980 13980 0 72 0
31389 31484 2647 1411 2728 1425 2 3 13980 13885 5128 316 95
31484 31814 2728 1425 2911 1278 3 2 13885 13555 -4696 36 330
31814 32223 2911 1278 2858 922 2 1 13555 13146 -5128 210 409
32223 33701 2858 922 3572 158 1 0 13146 11668 -5000 692 1478
33701 33790 3572 158 3572 158 0 0 11668 11668 0 89 0
33790 34243 3572 158 3759 424 0 1 11668 11215 6152 615 453
34243 34861 3759 424 3494 777 1 2 11215 10597 6312 159 618
34861 35541 3494 777 3090 1053 2 1 10597 9917 -6312 159 680
35541 35681 3090 1053 3193 1090 1 0 9917 9777 -6152 409 140
35681 36366 3193 1090 3193 1090 0 0 9777 9777 0 685 0
36366 36671 3193 1090 3276 1312 0 1 9777 9472 7032 281 305
36671 37234 3276 1312 2775 1374 1 0 9472 8909 -7032 281 563
37234 37917 2775 1374 2775 1374 0 0 8909 8909 0 683 0
37917 38185 2775 1374 2683 1198 0 1 8909 8641 7544 264 268
38185 38715 2683 1198 3174 1237 1 0 8641 8111 -7544 264 530
38715 41911 3174 1237 3174 1237 0 0 8111 8111 0 3196 0
41911 50000 3174 1237 3750 8750 0 0 8111 22 1000000000 0 8089
--------------------------------------
--------------------------------------
EV18
--------------------------------------
Num TPs served = 13
TPs served = 1512 1912 2248 2520 3224 3736 4440 4712 5160 5768 6136 6680 7928
Total energy used = 35572
--------------------------------------
Schedule:
0 9402 3750 8750 3750 8750 0 0 35632 35632 0 9402 0
9402 18549 3750 8750 3126 227 0 1 35632 26485 1512 406 9147
18549 19363 3126 227 2384 299 1 0 26485 25671 -1512 406 814
19363 20515 2384 299 2384 299 0 0 25671 25671 0 1152 0
20515 20722 2384 299 2259 381 0 1 25671 25464 1912 537 207
20722 21797 2259 381 2299 1416 1 0 25464 24389 -1912 537 1075
21797 22394 2299 1416 2784 1528 0 1 24389 23792 2248 143 597
22394 23274 2784 1528 2026 1650 1 0 23792 22912 -2248 143 880
23274 23762 2026 1650 2192 1328 0 1 22912 22424 2520 215 488
23762 25291 2192 1328 3661 1388 1 0 22424 20895 -2520 215 1529
25291 26031 3661 1388 3100 1209 0 1 20895 20155 3224 140 740
26031 27041 3100 1209 3281 2038 1 0 20155 19145 -3224 140 1010
27041 27863 3281 2038 3262 1235 0 1 19145 18323 3736 25 822
27863 28983 3262 1235 2962 415 1 0 18323 17203 -3736 25 1120
28983 29642 2962 415 3013 1023 0 1 17203 16544 4440 428 659
29642 30633 3013 1023 2106 939 1 2 16544 15553 4712 356 991
30633 30926 2106 939 1982 1108 2 1 15553 15260 -4440 260 293
30926 32102 1982 1108 2850 1416 1 2 15260 14084 5160 44 1176
32102 32226 2850 1416 2831 1521 2 1 14084 13960 -4712 70 124
32226 33301 2831 1521 3661 1766 1 0 13960 12885 -5160 6 1075
33301 34026 3661 1766 3140 1562 0 1 12885 12160 5768 27 725
34026 34402 3140 1562 3116 1210 1 2 12160 11784 6136 44 376
34402 34892 3116 1210 3043 793 2 1 11784 11294 -6136 44 490
34892 35647 3043 793 2596 485 1 0 11294 10539 -5768 27 755
35647 35958 2596 485 2834 558 0 1 10539 10228 6680 276 311
35958 37143 2834 558 2957 1620 1 0 10228 9043 -6680 276 1185
37143 38612 2957 1620 2957 1620 0 0 9043 9043 0 1469 0
38612 39367 2957 1620 3379 1287 0 1 9043 8288 7928 390 755
39367 40148 3379 1287 3182 1871 1 0 8288 7507 -7928 390 781
40148 42553 3182 1871 3182 1871 0 0 7507 7507 0 2405 0
42553 50000 3182 1871 3750 8750 0 0 7507 60 1000000000 0 7447
--------------------------------------
--------------------------------------
EV19
--------------------------------------
Num TPs served = 14
TPs served = 1528 1992 2200 2872 3320 3352 4776 5400 5432 6120 6568 7064 7256 7992
Total energy used = 35496
--------------------------------------
Schedule:
0 9769 3750 8750 3750 8750 0 0 35632 35632 0 9769 0
9769 18662 3750 8750 2524 1083 0 1 35632 26739 1528 434 8893
18662 19531 2524 1083 2376 362 1 0 26739 25870 -1528 434 869
19531 20000 2376 362 2376 362 0 0 25870 25870 0 469 0
20000 21088 2376 362 2499 1327 0 1 25870 24782 1992 386 1088
21088 21861 2499 1327 2168 885 1 0 24782 24009 -1992 386 773
21861 22578 2168 885 1670 666 0 1 24009 23292 2200 312 717
22578 24504 1670 666 3441 821 1 0 23292 21366 -2200 312 1926
24504 24850 3441 821 3113 839 0 1 21366 21020 2872 216 346
24850 25901 3113 839 3628 303 1 0 21020 19969 -2872 216 1051
25901 26601 3628 303 3518 893 0 1 19969 19269 3352 198 700
26601 26899 3518 893 3278 835 1 2 19269 18971 3320 221 298
26899 28205 3278 835 3129 1992 2 1 18971 17665 -3352 82 1306
28205 29443 3129 1992 1996 1887 1 0 17665 16427 -3320 11 1238
29443 30291 1996 1887 1996 1887 0 0 16427 16427 0 848 0
30291 30508 1996 1887 2073 1747 0 1 16427 16210 4776 569 217
30508 31648 2073 1747 3122 1656 1 0 16210 15070 -4776 569 1140
31648 31713 3122 1656 3122 1656 0 0 15070 15070 0 65 0
31713 32338 3122 1656 2529 1688 0 1 15070 14445 5432 490 625
32338 32575 2529 1688 2427 1553 1 2 14445 14208 5400 412 237
32575 33496 2427 1553 2515 720 2 1 14208 13287 -5432 314 921
33496 33509 2515 720 2515 720 1 1 13287 13287 0 13 0
33509 34150 2515 720 3041 605 1 2 13287 12646 6120 488 641
34150 34303 3041 605 2923 570 2 1 12646 12493 -5400 163 153
34303 35433 2923 570 3419 1204 1 0 12493 11363 -6120 182 1130
35433 35734 3419 1204 3298 1384 0 1 11363 11062 6568 156 301
35734 36767 3298 1384 2768 881 1 0 11062 10029 -6568 156 1033
36767 36955 2768 881 2694 767 0 1 10029 9841 7064 254 188
36955 36962 2694 767 2694 767 1 1 9841 9841 0 7 0
36962 37346 2694 767 3057 746 1 2 9841 9457 7256 333 384
37346 38013 3057 746 3146 1324 2 1 9457 8790 -7256 333 667
38013 38092 3146 1324 3088 1303 1 0 8790 8711 -7064 47 79
38092 39390 3088 1303 3088 1303 0 0 8711 8711 0 1298 0
39390 39586 3088 1303 3235 1352 0 1 8711 8515 7992 186 196
39586 39960 3235 1352 3002 1493 1 0 8515 8141 -7992 186 374
39960 41995 3002 1493 3002 1493 0 0 8141 8141 0 2035 0
41995 50000 3002 1493 3750 8750 0 0 8141 136 1000000000 0 8005
--------------------------------------
--------------------------------------
EV20
--------------------------------------
Num TPs served = 15
TPs served = 1608 1880 2120 2344 2392 2744 2984 3448 4168 4248 4680 5224 5512 6344 7832
Total energy used = 35496
--------------------------------------
Schedule:
0 10568 3750 8750 3750 8750 0 0 35632 35632 0 10568 0
10568 19084 3750 8750 2980 1004 0 1 35632 27116 1608 250 8516
19084 19585 2980 1004 2703 1228 1 0 27116 26615 -1608 250 501
19585 20081 2703 1228 2703 1228 0 0 26615 26615 0 496 0
20081 20558 2703 1228 2604 1606 0 1 26615 26138 1880 130 477
20558 20819 2604 1606 2540 1803 1 0 26138 25877 -1880 130 261
20819 21566 2540 1803 2635 1151 0 1 25877 25130 2120 91 747
21566 21827 2635 1151 2809 1238 1 0 25130 24869 -2120 91 261
21827 22013 2809 1238 2809 1238 0 0 24869 24869 0 186 0
22013 22488 2809 1238 2864 818 0 1 24869 24394 2344 429 475
22488 22930 2864 818 2598 994 1 2 24394 23952 2392 226 442
22930 23347 2598 994 2468 1281 2 1 23952 23535 -2344 429 417
23347 23843 2468 1281 2209 1518 1 0 23535 23039 -2392 226 496
23843 24690 2209 1518 1372 1528 0 1 23039 22192 2744 357 847
24690 25470 1372 1528 1752 1128 1 2 22192 21412 2984 535 780
25470 25612 1752 1128 1752 1128 2 2 21412 21412 0 142 0
25612 26352 1752 1128 2442 1178 2 3 21412 20672 3448 195 740
26352 26744 2442 1178 2708 1052 3 2 20672 20280 -3448 195 392
26744 26857 2708 1052 2733 964 2 1 20280 20167 -2744 115 113
26857 27892 2733 964 2814 10 1 0 20167 19132 -2984 293 1035
27892 28438 2814 10 2814 10 0 0 19132 19132 0 546 0
28438 28960 2814 10 2462 180 0 1 19132 18610 4248 419 522
28960 29512 2462 180 1910 180 1 2 18610 18058 4168 199 552
29512 29799 1910 180 1879 436 2 1 18058 17771 -4248 419 287
29799 30536 1879 436 2213 839 1 2 17771 17034 4680 27 737
30536 31170 2213 839 2828 820 2 1 17034 16400 -4680 27 634
31170 31547 2828 820 2920 1105 1 0 16400 16023 -4168 99 377
31547 31794 2920 1105 3097 1035 0 1 16023 15776 5224 356 247
31794 32592 3097 1035 2488 846 1 0 15776 14978 -5224 356 798
32592 33323 2488 846 1851 752 0 1 14978 14247 5512 47 731
33323 34901 1851 752 2778 101 1 0 14247 12669 -5512 47 1578
34901 35419 2778 101 2305 146 0 1 12669 12151 6344 579 518
35419 37888 2305 146 3886 1034 1 0 12151 9682 -6344 579 2469
37888 38311 3886 1034 3886 1034 0 0 9682 9682 0 423 0
38311 39093 3886 1034 3859 1789 0 1 9682 8900 7832 477 782
39093 40049 3859 1789 3546 1146 1 0 8900 7944 -7832 477 956
40049 42192 3546 1146 3546 1146 0 0 7944 7944 0 2143 0
42192 50000 3546 1146 3750 8750 0 0 7944 136 1000000000 0 7808
--------------------------------------
--------------------------------------
EV21
--------------------------------------
Num TPs served = 12
TPs served = 1672 2088 2376 2472 3016 3464 4088 4728 5592 5784 6408 7128
Total energy used = 35130
--------------------------------------
Schedule:
0 11885 3750 8750 3750 8750 0 0 35632 35632 0 11885 0
11885 19526 3750 8750 3482 1377 0 1 35632 27991 1672 455 7641
19526 20438 3482 1377 2979 1786 1 0 27991 27079 -1672 455 912
20438 21513 2979 1786 2760 930 0 1 27079 26004 2088 55 1075
21513 21863 2760 930 2759 1279 1 0 26004 25654 -2088 55 350
21863 21906 2759 1279 2759 1279 0 0 25654 25654 0 43 0
21906 22623 2759 1279 2882 685 0 1 25654 24937 2376 78 717
22623 22780 2882 685 2826 584 1 0 24937 24780 -2376 78 157
22780 23401 2826 584 3041 990 0 1 24780 24159 2472 109 621
23401 24412 3041 990 2953 67 1 0 24159 23148 -2472 109 1011
24412 25250 2953 67 2238 190 0 1 23148 22310 3016 751 838
25250 25322 2238 190 2238 190 1 1 22310 22310 0 72 0
25322 26396 2238 190 3080 422 1 2 22310 21236 3464 483 1074
26396 27363 3080 422 3271 1198 2 1 21236 20269 -3464 483 967
27363 27933 3271 1198 3521 878 1 0 20269 19699 -3016 39 570
27933 28966 3521 878 3061 1451 0 1 19699 18666 4088 256 1033
28966 30282 3061 1451 3351 425 1 0 18666 17350 -4088 256 1316
30282 31236 3351 425 3943 63 0 1 17350 16396 4728 306 954
31236 33087 3943 63 3350 1321 1 2 16396 14545 5592 612 1851
33087 33490 3350 1321 2979 1353 2 3 14545 14142 5784 151 403
33490 33557 2979 1353 2922 1363 3 2 14142 14075 -4728 306 67
33557 34208 2922 1363 2272 1364 2 1 14075 13424 -5784 151 651
34208 34995 2272 1364 2162 687 1 0 13424 12637 -5592 526 787
34995 35400 2162 687 1970 474 0 1 12637 12232 6408 240 405
35400 36817 1970 474 3116 745 1 0 12232 10815 -6408 240 1417
36817 37612 3116 745 3387 221 0 1 10815 10020 7128 224 795
37612 39432 3387 221 3074 1728 1 0 10020 8200 -7128 224 1820
39432 42302 3074 1728 3074 1728 0 0 8200 8200 0 2870 0
42302 50000 3074 1728 3750 8750 0 0 8200 502 1000000000 0 7698
--------------------------------------

-------------------------------------------------------------------------

TPs

-------------------------------------------------------------------------

----------------------
TP8 not allocated
----------------------

----------------------
TP24 not allocated
----------------------

----------------------
TP40 not allocated
----------------------

----------------------
TP56 not allocated
----------------------

----------------------
TP72 not allocated
----------------------

----------------------
TP88 not allocated
----------------------

----------------------
TP104 not allocated
----------------------

----------------------
TP120 not allocated
----------------------

----------------------
TP136 not allocated
----------------------

----------------------
TP152 not allocated
----------------------

----------------------
TP168 not allocated
----------------------

----------------------
TP184 not allocated
----------------------

----------------------
TP200 not allocated
----------------------

----------------------
TP216 not allocated
----------------------

----------------------
TP232 not allocated
----------------------

----------------------
TP248 not allocated
----------------------

----------------------
TP264 not allocated
----------------------

----------------------
TP280 not allocated
----------------------

----------------------
TP296 not allocated
----------------------

----------------------
TP312 not allocated
----------------------

----------------------
TP328 not allocated
----------------------

----------------------
TP344 allocated to 1
----------------------

----------------------
TP360 not allocated
----------------------

----------------------
TP376 not allocated
----------------------

----------------------
TP392 not allocated
----------------------

----------------------
TP408 not allocated
----------------------

----------------------
TP424 not allocated
----------------------

----------------------
TP440 not allocated
----------------------

----------------------
TP456 not allocated
----------------------

----------------------
TP472 not allocated
----------------------

----------------------
TP488 not allocated
----------------------

----------------------
TP504 not allocated
----------------------

----------------------
TP520 not allocated
----------------------

----------------------
TP536 not allocated
----------------------

----------------------
TP552 not allocated
----------------------

----------------------
TP568 not allocated
----------------------

----------------------
TP584 not allocated
----------------------

----------------------
TP600 not allocated
----------------------

----------------------
TP616 not allocated
----------------------

----------------------
TP632 not allocated
----------------------

----------------------
TP648 not allocated
----------------------

----------------------
TP664 not allocated
----------------------

----------------------
TP680 not allocated
----------------------

----------------------
TP696 not allocated
----------------------

----------------------
TP712 not allocated
----------------------

----------------------
TP728 allocated to 1
----------------------

----------------------
TP744 not allocated
----------------------

----------------------
TP760 not allocated
----------------------

----------------------
TP776 not allocated
----------------------

----------------------
TP792 not allocated
----------------------

----------------------
TP808 not allocated
----------------------

----------------------
TP824 not allocated
----------------------

----------------------
TP840 allocated to 2
----------------------

----------------------
TP856 allocated to 3
----------------------

----------------------
TP872 allocated to 4
----------------------

----------------------
TP888 not allocated
----------------------

----------------------
TP904 not allocated
----------------------

----------------------
TP920 not allocated
----------------------

----------------------
TP936 not allocated
----------------------

----------------------
TP952 not allocated
----------------------

----------------------
TP968 allocated to 5
----------------------

----------------------
TP984 not allocated
----------------------

----------------------
TP1000 allocated to 2
----------------------

----------------------
TP1016 allocated to 6
----------------------

----------------------
TP1032 not allocated
----------------------

----------------------
TP1048 not allocated
----------------------

----------------------
TP1064 not allocated
----------------------

----------------------
TP1080 allocated to 7
----------------------

----------------------
TP1096 not allocated
----------------------

----------------------
TP1112 allocated to 6
----------------------

----------------------
TP1128 allocated to 8
----------------------

----------------------
TP1144 allocated to 8
----------------------

----------------------
TP1160 allocated to 9
----------------------

----------------------
TP1176 not allocated
----------------------

----------------------
TP1192 not allocated
----------------------

----------------------
TP1208 not allocated
----------------------

----------------------
TP1224 allocated to 10
----------------------

----------------------
TP1240 allocated to 7
----------------------

----------------------
TP1256 not allocated
----------------------

----------------------
TP1272 allocated to 5
----------------------

----------------------
TP1288 not allocated
----------------------

----------------------
TP1304 allocated to 11
----------------------

----------------------
TP1320 allocated to 12
----------------------

----------------------
TP1336 allocated to 6
----------------------

----------------------
TP1352 allocated to 9
----------------------

----------------------
TP1368 allocated to 13
----------------------

----------------------
TP1384 allocated to 14
----------------------

----------------------
TP1400 allocated to 7
----------------------

----------------------
TP1416 allocated to 12
----------------------

----------------------
TP1432 allocated to 15
----------------------

----------------------
TP1448 allocated to 16
----------------------

----------------------
TP1464 allocated to 17
----------------------

----------------------
TP1480 allocated to 10
----------------------

----------------------
TP1496 allocated to 4
----------------------

----------------------
TP1512 allocated to 18
----------------------

----------------------
TP1528 allocated to 19
----------------------

----------------------
TP1544 allocated to 4
----------------------

----------------------
TP1560 allocated to 14
----------------------

----------------------
TP1576 allocated to 6
----------------------

----------------------
TP1592 allocated to 11
----------------------

----------------------
TP1608 allocated to 20
----------------------

----------------------
TP1624 allocated to 8
----------------------

----------------------
TP1640 allocated to 4
----------------------

----------------------
TP1656 allocated to 7
----------------------

----------------------
TP1672 allocated to 21
----------------------

----------------------
TP1688 allocated to 17
----------------------

----------------------
TP1704 allocated to 15
----------------------

----------------------
TP1720 allocated to 13
----------------------

----------------------
TP1736 allocated to 14
----------------------

----------------------
TP1752 allocated to 8
----------------------

----------------------
TP1768 allocated to 9
----------------------

----------------------
TP1784 allocated to 12
----------------------

----------------------
TP1800 allocated to 11
----------------------

----------------------
TP1816 allocated to 5
----------------------

----------------------
TP1832 allocated to 16
----------------------

----------------------
TP1848 allocated to 15
----------------------

----------------------
TP1864 allocated to 4
----------------------

----------------------
TP1880 allocated to 20
----------------------

----------------------
TP1896 allocated to 12
----------------------

----------------------
TP1912 allocated to 18
----------------------

----------------------
TP1928 allocated to 7
----------------------

----------------------
TP1944 allocated to 10
----------------------

----------------------
TP1960 allocated to 9
----------------------

----------------------
TP1976 allocated to 7
----------------------

----------------------
TP1992 allocated to 19
----------------------

----------------------
TP2008 allocated to 5
----------------------

----------------------
TP2024 allocated to 10
----------------------

----------------------
TP2040 allocated to 8
----------------------

----------------------
TP2056 allocated to 13
----------------------

----------------------
TP2072 allocated to 9
----------------------

----------------------
TP2088 allocated to 21
----------------------

----------------------
TP2104 allocated to 16
----------------------

----------------------
TP2120 allocated to 20
----------------------

----------------------
TP2136 allocated to 11
----------------------

----------------------
TP2152 allocated to 15
----------------------

----------------------
TP2168 allocated to 14
----------------------

----------------------
TP2184 not allocated
----------------------

----------------------
TP2200 allocated to 19
----------------------

----------------------
TP2216 allocated to 10
----------------------

----------------------
TP2232 allocated to 17
----------------------

----------------------
TP2248 allocated to 18
----------------------

----------------------
TP2264 allocated to 5
----------------------

----------------------
TP2280 allocated to 5
----------------------

----------------------
TP2296 allocated to 12
----------------------

----------------------
TP2312 allocated to 13
----------------------

----------------------
TP2328 allocated to 8
----------------------

----------------------
TP2344 allocated to 20
----------------------

----------------------
TP2360 allocated to 15
----------------------

----------------------
TP2376 allocated to 21
----------------------

----------------------
TP2392 allocated to 20
----------------------

----------------------
TP2408 allocated to 12
----------------------

----------------------
TP2424 not allocated
----------------------

----------------------
TP2440 allocated to 16
----------------------

----------------------
TP2456 allocated to 9
----------------------

----------------------
TP2472 allocated to 21
----------------------

----------------------
TP2488 not allocated
----------------------

----------------------
TP2504 allocated to 8
----------------------

----------------------
TP2520 allocated to 18
----------------------

----------------------
TP2536 not allocated
----------------------

----------------------
TP2552 not allocated
----------------------

----------------------
TP2568 not allocated
----------------------

----------------------
TP2584 allocated to 17
----------------------

----------------------
TP2600 not allocated
----------------------

----------------------
TP2616 not allocated
----------------------

----------------------
TP2632 allocated to 7
----------------------

----------------------
TP2648 allocated to 12
----------------------

----------------------
TP2664 not allocated
----------------------

----------------------
TP2680 allocated to 14
----------------------

----------------------
TP2696 allocated to 17
----------------------

----------------------
TP2712 allocated to 5
----------------------

----------------------
TP2728 allocated to 13
----------------------

----------------------
TP2744 allocated to 20
----------------------

----------------------
TP2760 allocated to 17
----------------------

----------------------
TP2776 not allocated
----------------------

----------------------
TP2792 allocated to 12
----------------------

----------------------
TP2808 allocated to 7
----------------------

----------------------
TP2824 allocated to 15
----------------------

----------------------
TP2840 allocated to 11
----------------------

----------------------
TP2856 allocated to 5
----------------------

----------------------
TP2872 allocated to 19
----------------------

----------------------
TP2888 not allocated
----------------------

----------------------
TP2904 not allocated
----------------------

----------------------
TP2920 not allocated
----------------------

----------------------
TP2936 not allocated
----------------------

----------------------
TP2952 allocated to 5
----------------------

----------------------
TP2968 not allocated
----------------------

----------------------
TP2984 allocated to 20
----------------------

----------------------
TP3000 not allocated
----------------------

----------------------
TP3016 allocated to 21
----------------------

----------------------
TP3032 allocated to 11
----------------------

----------------------
TP3048 allocated to 15
----------------------

----------------------
TP3064 not allocated
----------------------

----------------------
TP3080 not allocated
----------------------

----------------------
TP3096 not allocated
----------------------

----------------------
TP3112 not allocated
----------------------

----------------------
TP3128 allocated to 14
----------------------

----------------------
TP3144 not allocated
----------------------

----------------------
TP3160 not allocated
----------------------

----------------------
TP3176 allocated to 7
----------------------

----------------------
TP3192 allocated to 16
----------------------

----------------------
TP3208 allocated to 12
----------------------

----------------------
TP3224 allocated to 18
----------------------

----------------------
TP3240 allocated to 13
----------------------

----------------------
TP3256 not allocated
----------------------

----------------------
TP3272 not allocated
----------------------

----------------------
TP3288 not allocated
----------------------

----------------------
TP3304 allocated to 9
----------------------

----------------------
TP3320 allocated to 19
----------------------

----------------------
TP3336 allocated to 10
----------------------

----------------------
TP3352 allocated to 19
----------------------

----------------------
TP3368 not allocated
----------------------

----------------------
TP3384 not allocated
----------------------

----------------------
TP3400 allocated to 11
----------------------

----------------------
TP3416 not allocated
----------------------

----------------------
TP3432 allocated to 16
----------------------

----------------------
TP3448 allocated to 20
----------------------

----------------------
TP3464 allocated to 21
----------------------

----------------------
TP3480 not allocated
----------------------

----------------------
TP3496 not allocated
----------------------

----------------------
TP3512 allocated to 12
----------------------

----------------------
TP3528 not allocated
----------------------

----------------------
TP3544 not allocated
----------------------

----------------------
TP3560 allocated to 14
----------------------

----------------------
TP3576 not allocated
----------------------

----------------------
TP3592 not allocated
----------------------

----------------------
TP3608 not allocated
----------------------

----------------------
TP3624 not allocated
----------------------

----------------------
TP3640 not allocated
----------------------

----------------------
TP3656 not allocated
----------------------

----------------------
TP3672 not allocated
----------------------

----------------------
TP3688 not allocated
----------------------

----------------------
TP3704 allocated to 11
----------------------

----------------------
TP3720 not allocated
----------------------

----------------------
TP3736 allocated to 18
----------------------

----------------------
TP3752 not allocated
----------------------

----------------------
TP3768 not allocated
----------------------

----------------------
TP3784 not allocated
----------------------

----------------------
TP3800 not allocated
----------------------

----------------------
TP3816 not allocated
----------------------

----------------------
TP3832 allocated to 9
----------------------

----------------------
TP3848 not allocated
----------------------

----------------------
TP3864 allocated to 9
----------------------

----------------------
TP3880 allocated to 7
----------------------

----------------------
TP3896 allocated to 17
----------------------

----------------------
TP3912 not allocated
----------------------

----------------------
TP3928 not allocated
----------------------

----------------------
TP3944 allocated to 13
----------------------

----------------------
TP3960 not allocated
----------------------

----------------------
TP3976 not allocated
----------------------

----------------------
TP3992 not allocated
----------------------

----------------------
TP4008 not allocated
----------------------

----------------------
TP4024 not allocated
----------------------

----------------------
TP4040 allocated to 14
----------------------

----------------------
TP4056 allocated to 12
----------------------

----------------------
TP4072 allocated to 15
----------------------

----------------------
TP4088 allocated to 21
----------------------

----------------------
TP4104 not allocated
----------------------

----------------------
TP4120 not allocated
----------------------

----------------------
TP4136 not allocated
----------------------

----------------------
TP4152 allocated to 16
----------------------

----------------------
TP4168 allocated to 20
----------------------

----------------------
TP4184 allocated to 17
----------------------

----------------------
TP4200 not allocated
----------------------

----------------------
TP4216 allocated to 12
----------------------

----------------------
TP4232 not allocated
----------------------

----------------------
TP4248 allocated to 20
----------------------

----------------------
TP4264 allocated to 9
----------------------

----------------------
TP4280 allocated to 11
----------------------

----------------------
TP4296 not allocated
----------------------

----------------------
TP4312 not allocated
----------------------

----------------------
TP4328 not allocated
----------------------

----------------------
TP4344 not allocated
----------------------

----------------------
TP4360 allocated to 14
----------------------

----------------------
TP4376 allocated to 11
----------------------

----------------------
TP4392 not allocated
----------------------

----------------------
TP4408 not allocated
----------------------

----------------------
TP4424 allocated to 10
----------------------

----------------------
TP4440 allocated to 18
----------------------

----------------------
TP4456 not allocated
----------------------

----------------------
TP4472 not allocated
----------------------

----------------------
TP4488 not allocated
----------------------

----------------------
TP4504 not allocated
----------------------

----------------------
TP4520 allocated to 13
----------------------

----------------------
TP4536 not allocated
----------------------

----------------------
TP4552 not allocated
----------------------

----------------------
TP4568 allocated to 16
----------------------

----------------------
TP4584 not allocated
----------------------

----------------------
TP4600 not allocated
----------------------

----------------------
TP4616 allocated to 15
----------------------

----------------------
TP4632 not allocated
----------------------

----------------------
TP4648 not allocated
----------------------

----------------------
TP4664 allocated to 13
----------------------

----------------------
TP4680 allocated to 20
----------------------

----------------------
TP4696 allocated to 17
----------------------

----------------------
TP4712 allocated to 18
----------------------

----------------------
TP4728 allocated to 21
----------------------

----------------------
TP4744 not allocated
----------------------

----------------------
TP4760 allocated to 14
----------------------

----------------------
TP4776 allocated to 19
----------------------

----------------------
TP4792 not allocated
----------------------

----------------------
TP4808 not allocated
----------------------

----------------------
TP4824 not allocated
----------------------

----------------------
TP4840 not allocated
----------------------

----------------------
TP4856 allocated to 7
----------------------

----------------------
TP4872 allocated to 12
----------------------

----------------------
TP4888 allocated to 10
----------------------

----------------------
TP4904 allocated to 15
----------------------

----------------------
TP4920 not allocated
----------------------

----------------------
TP4936 not allocated
----------------------

----------------------
TP4952 not allocated
----------------------

----------------------
TP4968 not allocated
----------------------

----------------------
TP4984 not allocated
----------------------

----------------------
TP5000 allocated to 17
----------------------

----------------------
TP5016 not allocated
----------------------

----------------------
TP5032 not allocated
----------------------

----------------------
TP5048 not allocated
----------------------

----------------------
TP5064 allocated to 13
----------------------

----------------------
TP5080 not allocated
----------------------

----------------------
TP5096 not allocated
----------------------

----------------------
TP5112 allocated to 9
----------------------

----------------------
TP5128 allocated to 17
----------------------

----------------------
TP5144 allocated to 10
----------------------

----------------------
TP5160 allocated to 18
----------------------

----------------------
TP5176 allocated to 14
----------------------

----------------------
TP5192 not allocated
----------------------

----------------------
TP5208 allocated to 16
----------------------

----------------------
TP5224 allocated to 20
----------------------

----------------------
TP5240 not allocated
----------------------

----------------------
TP5256 not allocated
----------------------

----------------------
TP5272 not allocated
----------------------

----------------------
TP5288 not allocated
----------------------

----------------------
TP5304 not allocated
----------------------

----------------------
TP5320 not allocated
----------------------

----------------------
TP5336 allocated to 9
----------------------

----------------------
TP5352 not allocated
----------------------

----------------------
TP5368 not allocated
----------------------

----------------------
TP5384 not allocated
----------------------

----------------------
TP5400 allocated to 19
----------------------

----------------------
TP5416 not allocated
----------------------

----------------------
TP5432 allocated to 19
----------------------

----------------------
TP5448 allocated to 15
----------------------

----------------------
TP5464 allocated to 13
----------------------

----------------------
TP5480 allocated to 2
----------------------

----------------------
TP5496 not allocated
----------------------

----------------------
TP5512 allocated to 20
----------------------

----------------------
TP5528 not allocated
----------------------

----------------------
TP5544 not allocated
----------------------

----------------------
TP5560 not allocated
----------------------

----------------------
TP5576 not allocated
----------------------

----------------------
TP5592 allocated to 21
----------------------

----------------------
TP5608 not allocated
----------------------

----------------------
TP5624 not allocated
----------------------

----------------------
TP5640 not allocated
----------------------

----------------------
TP5656 not allocated
----------------------

----------------------
TP5672 not allocated
----------------------

----------------------
TP5688 not allocated
----------------------

----------------------
TP5704 not allocated
----------------------

----------------------
TP5720 allocated to 2
----------------------

----------------------
TP5736 allocated to 10
----------------------

----------------------
TP5752 not allocated
----------------------

----------------------
TP5768 allocated to 18
----------------------

----------------------
TP5784 allocated to 21
----------------------

----------------------
TP5800 allocated to 7
----------------------

----------------------
TP5816 not allocated
----------------------

----------------------
TP5832 not allocated
----------------------

----------------------
TP5848 allocated to 3
----------------------

----------------------
TP5864 not allocated
----------------------

----------------------
TP5880 allocated to 12
----------------------

----------------------
TP5896 not allocated
----------------------

----------------------
TP5912 not allocated
----------------------

----------------------
TP5928 allocated to 7
----------------------

----------------------
TP5944 allocated to 13
----------------------

----------------------
TP5960 not allocated
----------------------

----------------------
TP5976 not allocated
----------------------

----------------------
TP5992 allocated to 16
----------------------

----------------------
TP6008 not allocated
----------------------

----------------------
TP6024 allocated to 14
----------------------

----------------------
TP6040 not allocated
----------------------

----------------------
TP6056 not allocated
----------------------

----------------------
TP6072 allocated to 11
----------------------

----------------------
TP6088 allocated to 15
----------------------

----------------------
TP6104 not allocated
----------------------

----------------------
TP6120 allocated to 19
----------------------

----------------------
TP6136 allocated to 18
----------------------

----------------------
TP6152 allocated to 17
----------------------

----------------------
TP6168 not allocated
----------------------

----------------------
TP6184 allocated to 7
----------------------

----------------------
TP6200 not allocated
----------------------

----------------------
TP6216 not allocated
----------------------

----------------------
TP6232 not allocated
----------------------

----------------------
TP6248 not allocated
----------------------

----------------------
TP6264 not allocated
----------------------

----------------------
TP6280 allocated to 10
----------------------

----------------------
TP6296 not allocated
----------------------

----------------------
TP6312 allocated to 17
----------------------

----------------------
TP6328 allocated to 12
----------------------

----------------------
TP6344 allocated to 20
----------------------

----------------------
TP6360 not allocated
----------------------

----------------------
TP6376 not allocated
----------------------

----------------------
TP6392 not allocated
----------------------

----------------------
TP6408 allocated to 21
----------------------

----------------------
TP6424 not allocated
----------------------

----------------------
TP6440 allocated to 2
----------------------

----------------------
TP6456 not allocated
----------------------

----------------------
TP6472 allocated to 12
----------------------

----------------------
TP6488 not allocated
----------------------

----------------------
TP6504 not allocated
----------------------

----------------------
TP6520 not allocated
----------------------

----------------------
TP6536 not allocated
----------------------

----------------------
TP6552 not allocated
----------------------

----------------------
TP6568 allocated to 19
----------------------

----------------------
TP6584 not allocated
----------------------

----------------------
TP6600 allocated to 13
----------------------

----------------------
TP6616 allocated to 11
----------------------

----------------------
TP6632 not allocated
----------------------

----------------------
TP6648 not allocated
----------------------

----------------------
TP6664 not allocated
----------------------

----------------------
TP6680 allocated to 18
----------------------

----------------------
TP6696 not allocated
----------------------

----------------------
TP6712 not allocated
----------------------

----------------------
TP6728 not allocated
----------------------

----------------------
TP6744 not allocated
----------------------

----------------------
TP6760 allocated to 15
----------------------

----------------------
TP6776 not allocated
----------------------

----------------------
TP6792 not allocated
----------------------

----------------------
TP6808 allocated to 14
----------------------

----------------------
TP6824 allocated to 16
----------------------

----------------------
TP6840 not allocated
----------------------

----------------------
TP6856 allocated to 11
----------------------

----------------------
TP6872 not allocated
----------------------

----------------------
TP6888 not allocated
----------------------

----------------------
TP6904 not allocated
----------------------

----------------------
TP6920 not allocated
----------------------

----------------------
TP6936 not allocated
----------------------

----------------------
TP6952 not allocated
----------------------

----------------------
TP6968 not allocated
----------------------

----------------------
TP6984 not allocated
----------------------

----------------------
TP7000 allocated to 2
----------------------

----------------------
TP7016 not allocated
----------------------

----------------------
TP7032 allocated to 17
----------------------

----------------------
TP7048 allocated to 3
----------------------

----------------------
TP7064 allocated to 19
----------------------

----------------------
TP7080 not allocated
----------------------

----------------------
TP7096 not allocated
----------------------

----------------------
TP7112 not allocated
----------------------

----------------------
TP7128 allocated to 21
----------------------

----------------------
TP7144 not allocated
----------------------

----------------------
TP7160 not allocated
----------------------

----------------------
TP7176 not allocated
----------------------

----------------------
TP7192 not allocated
----------------------

----------------------
TP7208 not allocated
----------------------

----------------------
TP7224 allocated to 10
----------------------

----------------------
TP7240 not allocated
----------------------

----------------------
TP7256 allocated to 19
----------------------

----------------------
TP7272 not allocated
----------------------

----------------------
TP7288 not allocated
----------------------

----------------------
TP7304 not allocated
----------------------

----------------------
TP7320 not allocated
----------------------

----------------------
TP7336 not allocated
----------------------

----------------------
TP7352 not allocated
----------------------

----------------------
TP7368 not allocated
----------------------

----------------------
TP7384 not allocated
----------------------

----------------------
TP7400 not allocated
----------------------

----------------------
TP7416 not allocated
----------------------

----------------------
TP7432 not allocated
----------------------

----------------------
TP7448 not allocated
----------------------

----------------------
TP7464 not allocated
----------------------

----------------------
TP7480 not allocated
----------------------

----------------------
TP7496 not allocated
----------------------

----------------------
TP7512 not allocated
----------------------

----------------------
TP7528 not allocated
----------------------

----------------------
TP7544 allocated to 17
----------------------

----------------------
TP7560 not allocated
----------------------

----------------------
TP7576 not allocated
----------------------

----------------------
TP7592 not allocated
----------------------

----------------------
TP7608 not allocated
----------------------

----------------------
TP7624 not allocated
----------------------

----------------------
TP7640 not allocated
----------------------

----------------------
TP7656 not allocated
----------------------

----------------------
TP7672 not allocated
----------------------

----------------------
TP7688 not allocated
----------------------

----------------------
TP7704 not allocated
----------------------

----------------------
TP7720 not allocated
----------------------

----------------------
TP7736 not allocated
----------------------

----------------------
TP7752 not allocated
----------------------

----------------------
TP7768 not allocated
----------------------

----------------------
TP7784 not allocated
----------------------

----------------------
TP7800 not allocated
----------------------

----------------------
TP7816 not allocated
----------------------

----------------------
TP7832 allocated to 20
----------------------

----------------------
TP7848 not allocated
----------------------

----------------------
TP7864 not allocated
----------------------

----------------------
TP7880 not allocated
----------------------

----------------------
TP7896 not allocated
----------------------

----------------------
TP7912 not allocated
----------------------

----------------------
TP7928 allocated to 18
----------------------

----------------------
TP7944 allocated to 11
----------------------

----------------------
TP7960 not allocated
----------------------

----------------------
TP7976 not allocated
----------------------

----------------------
TP7992 allocated to 19
----------------------

----------------------
TP8008 not allocated
----------------------

----------------------
TP8024 not allocated
----------------------

----------------------
TP8040 not allocated
----------------------

----------------------
TP8056 not allocated
----------------------

----------------------
TP8072 not allocated
----------------------

----------------------
TP8088 not allocated
----------------------

----------------------
TP8104 not allocated
----------------------

----------------------
TP8120 not allocated
----------------------

----------------------
TP8136 not allocated
----------------------

----------------------
TP8152 not allocated
----------------------

----------------------
TP8168 not allocated
----------------------

----------------------
TP8184 not allocated
----------------------

----------------------
TP8200 not allocated
----------------------

----------------------
TP8216 not allocated
----------------------

----------------------
TP8232 not allocated
----------------------

----------------------
TP8248 not allocated
----------------------

----------------------
TP8264 not allocated
----------------------

----------------------
TP8280 not allocated
----------------------

----------------------
TP8296 not allocated
----------------------

----------------------
TP8312 not allocated
----------------------

----------------------
TP8328 not allocated
----------------------

----------------------
TP8344 not allocated
----------------------

----------------------
TP8360 not allocated
----------------------

----------------------
TP8376 not allocated
----------------------

----------------------
TP8392 not allocated
----------------------

----------------------
TP8408 not allocated
----------------------

----------------------
TP8424 not allocated
----------------------

----------------------
TP8440 not allocated
----------------------

----------------------
TP8456 not allocated
----------------------

----------------------
TP8472 not allocated
----------------------

----------------------
TP8488 not allocated
----------------------

----------------------
TP8504 not allocated
----------------------

----------------------
TP8520 not allocated
----------------------

----------------------
TP8536 not allocated
----------------------

----------------------
TP8552 not allocated
----------------------

----------------------
TP8568 not allocated
----------------------

----------------------
TP8584 not allocated
----------------------

----------------------
TP8600 not allocated
----------------------

----------------------
TP8616 not allocated
----------------------

----------------------
TP8632 not allocated
----------------------

----------------------
TP8648 not allocated
----------------------

----------------------
TP8664 not allocated
----------------------

----------------------
TP8680 not allocated
----------------------

----------------------
TP8696 not allocated
----------------------

----------------------
TP8712 not allocated
----------------------

----------------------
TP8728 not allocated
----------------------

----------------------
TP8744 not allocated
----------------------

----------------------
TP8760 not allocated
----------------------

----------------------
TP8776 not allocated
----------------------

----------------------
TP8792 not allocated
----------------------

----------------------
TP8808 not allocated
----------------------

----------------------
TP8824 not allocated
----------------------

----------------------
TP8840 not allocated
----------------------

----------------------
TP8856 not allocated
----------------------

----------------------
TP8872 not allocated
----------------------

----------------------
TP8888 not allocated
----------------------

----------------------
TP8904 not allocated
----------------------

----------------------
TP8920 not allocated
----------------------

----------------------
TP8936 not allocated
----------------------

----------------------
TP8952 not allocated
----------------------

----------------------
TP8968 not allocated
----------------------

----------------------
TP8984 not allocated
----------------------

----------------------
TP9000 not allocated
----------------------

----------------------
TP9016 not allocated
----------------------

----------------------
TP9032 not allocated
----------------------

----------------------
TP9048 not allocated
----------------------

----------------------
TP9064 not allocated
----------------------

----------------------
TP9080 not allocated
----------------------

----------------------
TP9096 not allocated
----------------------

----------------------
TP9112 not allocated
----------------------

----------------------
TP9128 not allocated
----------------------

----------------------
TP9144 not allocated
----------------------

----------------------
TP9160 not allocated
----------------------

----------------------
TP9176 not allocated
----------------------

----------------------
TP9192 not allocated
----------------------

----------------------
TP9208 not allocated
----------------------

----------------------
TP9224 not allocated
----------------------

----------------------
TP9240 not allocated
----------------------

----------------------
TP9256 not allocated
----------------------

----------------------
TP9272 not allocated
----------------------

----------------------
TP9288 not allocated
----------------------

----------------------
TP9304 not allocated
----------------------

----------------------
TP9320 not allocated
----------------------

----------------------
TP9336 not allocated
----------------------

----------------------
TP9352 not allocated
----------------------

----------------------
TP9368 not allocated
----------------------

----------------------
TP9384 not allocated
----------------------

----------------------
TP9400 not allocated
----------------------

----------------------
TP9416 not allocated
----------------------

----------------------
TP9432 not allocated
----------------------

----------------------
TP9448 not allocated
----------------------

----------------------
TP9464 not allocated
----------------------

----------------------
TP9480 not allocated
----------------------

----------------------
TP9496 not allocated
----------------------

----------------------
TP9512 not allocated
----------------------

----------------------
TP9528 not allocated
----------------------

----------------------
TP9544 not allocated
----------------------

----------------------
TP9560 not allocated
----------------------

----------------------
TP9576 not allocated
----------------------

----------------------
TP9592 not allocated
----------------------

----------------------
TP9608 not allocated
----------------------

----------------------
TP9624 not allocated
----------------------

----------------------
TP9640 not allocated
----------------------

----------------------
TP9656 not allocated
----------------------

----------------------
TP9672 not allocated
----------------------

----------------------
TP9688 not allocated
----------------------

----------------------
TP9704 not allocated
----------------------

----------------------
TP9720 not allocated
----------------------

----------------------
TP9736 not allocated
----------------------

----------------------
TP9752 not allocated
----------------------

----------------------
TP9768 not allocated
----------------------

----------------------
TP9784 not allocated
----------------------

----------------------
TP9800 not allocated
----------------------

----------------------
TP9816 not allocated
----------------------

----------------------
TP9832 not allocated
----------------------

----------------------
TP9848 not allocated
----------------------

----------------------
TP9864 not allocated
----------------------

----------------------
TP9880 not allocated
----------------------

----------------------
TP9896 not allocated
----------------------

----------------------
TP9912 not allocated
----------------------

----------------------
TP9928 not allocated
----------------------

----------------------
TP9944 not allocated
----------------------

----------------------
TP9960 not allocated
----------------------

----------------------
TP9976 not allocated
----------------------

----------------------
TP9992 not allocated
----------------------

-------------------------------------------------------------------------

Ride-sharing vs Individual Mode - Num Vehicles and Distance Comparisson 

-------------------------------------------------------------------------
Individual Mode = 625 vehicles.
Ride-sharing Mode = 423 vehicles. The 21 ride-sharing vehicles + 402 vehicles of the individuals not served by the ride-sharing service.
-------------------------------------------------------------------------
Individual Mode = 941747 distance.
Ride-sharing Mode = 1321569 distance. 735490 from the EV fleet + 586079 from the distance of the trips not covered individuals had to do with their own vehicle.
-------------------------------------------------------------------------
