-------------------------------------------------------------------------
TPs satisfied = 224; Total TPs = 625; Percentage Satisfied + 35.8%
-------------------------------------------------------------------------

-------------------------------------------------------------------------

EVs

-------------------------------------------------------------------------
--------------------------------------
EV1
--------------------------------------
Num TPs served = 14
TPs served = 99 195 243 275 307 467 595 675 707 883 4947 5411 5683 6995
Total energy used = 35632
--------------------------------------
Schedule:
0 477 3750 1250 3750 1250 0 0 35632 35632 0 477 0
477 1874 3750 1250 3260 2157 0 1 35632 34235 99 21 1397
1874 3759 3260 2157 2744 788 1 0 34235 32350 -99 21 1885
3759 4582 2744 788 2588 1455 0 1 32350 31527 195 246 823
4582 5278 2588 1455 3092 1263 1 0 31527 30831 -195 246 696
5278 5558 3092 1263 3092 1263 0 0 30831 30831 0 280 0
5558 5654 3092 1263 3006 1253 0 1 30831 30735 243 200 96
5654 6055 3006 1253 2779 1427 1 0 30735 30334 -243 200 401
6055 6149 2779 1427 2779 1427 0 0 30334 30334 0 94 0
6149 6501 2779 1427 2546 1546 0 1 30334 29982 275 535 352
6501 6826 2546 1546 2546 1546 1 1 29982 29982 0 325 0
6826 7101 2546 1546 2738 1629 1 2 29982 29707 307 850 275
7101 8052 2738 1629 3612 1552 2 1 29707 28756 -275 56 951
8052 9541 3612 1552 3243 432 1 0 28756 27267 -307 112 1489
9541 10151 3243 432 2641 440 0 1 27267 26657 467 403 610
10151 11407 2641 440 2703 1634 1 0 26657 25401 -467 403 1256
11407 12295 2703 1634 2581 868 0 1 25401 24513 595 134 888
12295 12361 2581 868 2581 868 1 1 24513 24513 0 66 0
12361 12788 2581 868 2807 1069 1 2 24513 24086 675 347 427
12788 13519 2807 1069 3366 1241 2 1 24086 23355 -595 68 731
13519 13828 3366 1241 3476 1042 1 0 23355 23046 -675 3 309
13828 15243 3476 1042 2186 917 0 1 23046 21631 883 96 1415
15243 16255 2186 917 3154 961 1 0 21631 20619 -883 96 1012
16255 16730 3154 961 3591 923 0 1 20619 20144 707 47 475
16730 24015 3591 923 9999 46 1 0 20144 12859 -707 47 7285
24015 31263 9999 46 3116 411 0 1 12859 5611 4947 648 7248
31263 31332 3116 411 3116 411 1 1 5611 5611 0 69 0
31332 32279 3116 411 3206 1268 1 2 5611 4664 5411 195 947
32279 32670 3206 1268 3400 1071 2 1 4664 4273 -5411 195 391
32670 33457 3400 1071 3712 1546 1 2 4273 3486 5683 307 787
33457 33627 3712 1546 3817 1611 2 1 3486 3316 -4947 185 170
33627 35138 3817 1611 2448 1753 1 0 3316 1805 -5683 97 1511
35138 36135 2448 1753 2448 1753 0 0 1805 1805 0 997 0
36135 36554 2448 1753 2838 1724 0 1 1805 1386 6995 272 419
36554 37099 2838 1724 2914 1255 1 0 1386 841 -6995 272 545
37099 49159 2914 1255 2914 1255 0 0 841 841 0 12060 0
49159 50000 2914 1255 3750 1250 0 0 841 0 1000000000 0 841
--------------------------------------
--------------------------------------
EV2
--------------------------------------
Num TPs served = 23
TPs served = 115 131 163 371 499 563 787 947 1315 1555 1715 1955 2483 2723 3219 3971 4419 4643 4851 5043 5603 5667 8355
Total energy used = 35538
--------------------------------------
Schedule:
0 1068 3750 1250 3750 1250 0 0 35632 35632 0 1068 0
1068 1634 3750 1250 3292 1142 0 1 35632 35066 115 235 566
1634 2106 3292 1142 2880 1202 1 0 35066 34594 -115 235 472
2106 2648 2880 1202 2793 747 0 1 34594 34052 131 442 542
2648 4020 2793 747 3407 1505 1 0 34052 32680 -131 442 1372
4020 4674 3407 1505 3336 2088 0 1 32680 32026 163 163 654
4674 7283 3336 2088 2075 740 1 0 32026 29417 -163 163 2609
7283 8585 2075 740 2929 292 0 1 29417 28115 371 396 1302
8585 9919 2929 292 3130 1425 1 0 28115 26781 -371 396 1334
9919 9943 3130 1425 3130 1425 0 0 26781 26781 0 24 0
9943 10515 3130 1425 2694 1289 0 1 26781 26209 499 717 572
10515 10528 2694 1289 2694 1289 1 1 26209 26209 0 13 0
10528 11389 2694 1289 2426 696 1 2 26209 25348 563 981 861
11389 12499 2426 696 3302 462 2 1 25348 24238 -499 168 1110
12499 13821 3302 462 3400 1686 1 0 24238 22916 -563 513 1322
13821 14441 3400 1686 2786 1692 0 1 22916 22296 787 300 620
14441 15574 2786 1692 2304 1041 1 2 22296 21163 947 306 1133
15574 16201 2304 1041 1696 1022 2 1 21163 20536 -787 300 627
16201 16729 1696 1022 1607 1461 1 0 20536 20008 -947 268 528
16729 17611 1607 1461 2396 1368 0 1 20008 19126 1315 500 882
17611 18799 2396 1368 3116 900 1 0 19126 17938 -1315 500 1188
18799 19429 3116 900 3478 1168 0 1 17938 17308 1555 195 630
19429 19900 3478 1168 3069 1106 1 2 17308 16837 1715 943 471
19900 20015 3069 1106 3069 1106 2 2 16837 16837 0 115 0
20015 20915 3069 1106 2226 1049 2 3 16837 15937 1955 52 900
20915 21021 2226 1049 2134 1063 3 2 15937 15831 -1955 52 106
21021 21200 2134 1063 1997 1021 2 1 15831 15652 -1555 52 179
21200 22274 1997 1021 1934 10 1 0 15652 14578 -1715 800 1074
22274 23658 1934 10 2052 1276 0 1 14578 13194 2483 387 1384
23658 23677 2052 1276 2052 1276 1 1 13194 13194 0 19 0
23677 23975 2052 1276 2191 1435 1 2 13194 12896 2723 487 298
23975 24950 2191 1435 2877 1724 2 1 12896 11921 -2723 487 975
24950 25643 2877 1724 2924 2370 1 0 11921 11228 -2483 368 693
25643 26460 2924 2370 2642 1835 0 1 11228 10411 3219 34 817
26460 28138 2642 1835 2010 789 1 0 10411 8733 -3219 34 1678
28138 28461 2010 789 2320 776 0 1 8733 8410 3971 144 323
28461 29307 2320 776 2722 332 1 0 8410 7564 -3971 144 846
29307 29668 2722 332 2779 636 0 1 7564 7203 4419 120 361
29668 30343 2779 636 2876 1214 1 0 7203 6528 -4419 120 675
30343 30369 2876 1214 2876 1214 0 0 6528 6528 0 26 0
30369 30700 2876 1214 3120 1301 0 1 6528 6197 4851 487 331
30700 30889 3120 1301 3102 1472 1 2 6197 6008 4643 108 189
30889 30945 3102 1472 3102 1472 2 2 6008 6008 0 56 0
30945 31232 3102 1472 2893 1394 2 3 6008 5721 5043 788 287
31232 32074 2893 1394 2653 792 3 2 5721 4879 -4851 89 842
32074 32657 2653 792 2370 492 2 1 4879 4296 -4643 52 583
32657 32903 2370 492 2171 539 1 0 4296 4050 -5043 694 246
32903 33204 2171 539 2099 768 0 1 4050 3749 5667 903 301
33204 33384 2099 768 2042 891 1 2 3749 3569 5603 85 180
33384 34719 2042 891 3206 1062 2 1 3569 2234 -5603 85 1335
34719 35569 3206 1062 3739 1379 1 0 2234 1384 -5667 789 850
35569 40766 3739 1379 3739 1379 0 0 1384 1384 0 5197 0
40766 40886 3739 1379 3851 1371 0 1 1384 1264 8355 287 120
40886 41461 3851 1371 3365 1460 1 0 1264 689 -8355 287 575
41461 49405 3365 1460 3365 1460 0 0 689 689 0 7944 0
49405 50000 3365 1460 3750 1250 0 0 689 94 1000000000 0 595
--------------------------------------
--------------------------------------
EV3
--------------------------------------
Num TPs served = 12
TPs served = 147 339 403 515 611 755 819 1219 1283 1587 2243 6835
Total energy used = 35482
--------------------------------------
Schedule:
0 1553 3750 1250 3750 1250 0 0 35632 35632 0 1553 0
1553 3724 3750 1250 1913 916 0 1 35632 33461 147 571 2171
3724 6103 1913 916 3924 548 1 0 33461 31082 -147 571 2379
6103 6603 3924 548 3924 548 0 0 31082 31082 0 500 0
6603 7758 3924 548 2782 535 0 1 31082 29927 339 278 1155
7758 8315 2782 535 2430 740 1 0 29927 29370 -339 278 557
8315 9140 2430 740 2375 1510 0 1 29370 28545 403 65 825
9140 9566 2375 1510 2087 1648 1 0 28545 28119 -403 65 426
9566 10123 2087 1648 2087 1648 0 0 28119 28119 0 557 0
10123 10707 2087 1648 2170 1147 0 1 28119 27535 515 395 584
10707 11498 2170 1147 2053 473 1 0 27535 26744 -515 395 791
11498 12308 2053 473 2822 432 0 1 26744 25934 611 25 810
12308 12789 2822 432 2494 585 1 0 25934 25453 -611 25 481
12789 13459 2494 585 2494 585 0 0 25453 25453 0 670 0
13459 13624 2494 585 2578 666 0 1 25453 25288 755 303 165
13624 14232 2578 666 2060 576 1 0 25288 24680 -755 303 608
14232 14885 2060 576 2244 1045 0 1 24680 24027 819 152 653
14885 16606 2244 1045 3223 1787 1 0 24027 22306 -819 152 1721
16606 17560 3223 1787 3132 924 0 1 22306 21352 1283 331 954
17560 18649 3132 924 2511 456 1 0 21352 20263 -1283 331 1089
18649 19213 2511 456 2444 953 0 1 20263 19699 1587 12 564
19213 19716 2444 953 2647 653 1 0 19699 19196 -1587 12 503
19716 20436 2647 653 2782 68 0 1 19196 18476 1219 1123 720
20436 20671 2782 68 2782 68 1 1 18476 18476 0 235 0
20671 22083 2782 68 2719 1417 1 2 18476 17064 2243 227 1412
22083 22538 2719 1417 2369 1522 2 1 17064 16609 -2243 227 455
22538 29941 2369 1522 936 7492 1 0 16609 9206 -1219 888 7403
29941 36676 936 7492 2400 2221 0 1 9206 2471 6835 26 6735
36676 37898 2400 2221 3129 1728 1 0 2471 1249 -6835 26 1222
37898 48901 3129 1728 3129 1728 0 0 1249 1249 0 11003 0
48901 50000 3129 1728 3750 1250 0 0 1249 150 1000000000 0 1099
--------------------------------------
--------------------------------------
EV4
--------------------------------------
Num TPs served = 21
TPs served = 179 355 419 547 643 867 995 1059 2275 2627 3155 3267 3651 4307 4579 5459 5811 6371 6707 7187 8339
Total energy used = 35628
--------------------------------------
Schedule:
0 2064 3750 1250 3750 1250 0 0 35632 35632 0 2064 0
2064 4581 3750 1250 1671 1688 0 1 35632 33115 179 742 2517
4581 6973 1671 1688 2932 557 1 0 33115 30723 -179 742 2392
6973 7389 2932 557 2932 557 0 0 30723 30723 0 416 0
7389 8071 2932 557 3128 1043 0 1 30723 30041 355 367 682
8071 8807 3128 1043 2447 988 1 0 30041 29305 -355 367 736
8807 9134 2447 988 2447 988 0 0 29305 29305 0 327 0
9134 9323 2447 988 2444 1174 0 1 29305 29116 419 677 189
9323 10679 2444 1174 2958 332 1 0 29116 27760 -419 677 1356
10679 11436 2958 332 3129 918 0 1 27760 27003 547 204 757
11436 12505 3129 918 2138 996 1 0 27003 25934 -547 204 1069
12505 12779 2138 996 2408 992 0 1 25934 25660 643 120 274
12779 13601 2408 992 2852 1370 1 0 25660 24838 -643 120 822
13601 13867 2852 1370 2852 1370 0 0 24838 24838 0 266 0
13867 14717 2852 1370 2532 840 0 1 24838 23988 867 403 850
14717 15524 2532 840 2132 1247 1 0 23988 23181 -867 403 807
15524 15558 2132 1247 2132 1247 0 0 23181 23181 0 34 0
15558 16005 2132 1247 2509 1317 0 1 23181 22734 1059 228 447
16005 16463 2509 1317 2537 1747 1 0 22734 22276 -1059 228 458
16463 17171 2537 1747 2396 1180 0 1 22276 21568 995 21 708
17171 20203 2396 1180 421 123 1 0 21568 18536 -995 21 3032
20203 23097 421 123 2221 1217 0 1 18536 15642 2275 71 2894
23097 23141 2221 1217 2221 1217 1 1 15642 15642 0 44 0
23141 23628 2221 1217 2476 985 1 2 15642 15155 2627 755 487
23628 25015 2476 985 3175 297 2 1 15155 13768 -2275 27 1387
25015 25503 3175 297 3481 479 1 0 13768 13280 -2627 391 488
25503 25547 3481 479 3481 479 0 0 13280 13280 0 44 0
25547 25797 3481 479 3570 640 0 1 13280 13030 3267 611 250
25797 25970 3570 640 3587 796 1 2 13030 12857 3155 270 173
25970 27054 3587 796 2512 805 2 1 12857 11773 -3267 577 1084
27054 27313 2512 805 2516 1060 1 2 11773 11514 3651 573 259
27313 27609 2516 1060 2577 1295 2 1 11514 11218 -3155 140 296
27609 29466 2577 1295 3795 656 1 0 11218 9361 -3651 103 1857
29466 29995 3795 656 3703 219 0 1 9361 8832 4579 366 529
29995 30298 3703 219 3550 69 1 2 8832 8529 4307 48 303
30298 30978 3550 69 2969 168 2 1 8529 7849 -4579 168 680
30978 32726 2969 168 2214 1161 1 0 7849 6101 -4307 48 1748
32726 33016 2214 1161 2280 1385 0 1 6101 5811 5459 6 290
33016 33406 2280 1385 2607 1322 1 2 5811 5421 5811 616 390
33406 34186 2607 1322 3250 1185 2 1 5421 4641 -5459 6 780
34186 34377 3250 1185 3250 1185 1 1 4641 4641 0 191 0
34377 34814 3250 1185 3363 861 1 2 4641 4204 6371 772 437
34814 34947 3363 861 3441 806 2 1 4204 4071 -5811 425 133
34947 35844 3441 806 2835 515 1 2 4071 3174 6707 225 897
35844 36546 2835 515 2147 501 2 1 3174 2472 -6707 225 702
36546 36673 2147 501 2226 453 1 0 2472 2345 -6371 458 127
36673 36780 2226 453 2226 453 0 0 2345 2345 0 107 0
36780 37112 2226 453 2476 535 0 1 2345 2013 7187 467 332
37112 38047 2476 535 2979 967 1 0 2013 1078 -7187 467 935
38047 40462 2979 967 2979 967 0 0 1078 1078 0 2415 0
40462 40822 2979 967 3329 957 0 1 1078 718 8339 209 360
40822 41241 3329 957 3657 1048 1 0 718 299 -8339 209 419
41241 49705 3657 1048 3657 1048 0 0 299 299 0 8464 0
49705 50000 3657 1048 3750 1250 0 0 299 4 1000000000 0 295
--------------------------------------
--------------------------------------
EV5
--------------------------------------
Num TPs served = 22
TPs served = 211 259 291 483 579 691 771 979 1203 1475 1971 3091 3683 3811 4867 5123 5299 5651 6115 6243 7619 8115
Total energy used = 35538
--------------------------------------
Schedule:
0 2446 3750 1250 3750 1250 0 0 35632 35632 0 2446 0
2446 4972 3750 1250 1978 496 0 1 35632 33106 211 132 2526
4972 5397 1978 496 2377 470 1 0 33106 32681 -211 132 425
5397 6532 2377 470 2377 470 0 0 32681 32681 0 1135 0
6532 6813 2377 470 2384 196 0 1 32681 32400 291 548 281
6813 7074 2384 196 2308 11 1 2 32400 32139 259 47 261
7074 8433 2308 11 3080 598 2 1 32139 30780 -291 26 1359
8433 9272 3080 598 3070 1427 1 0 30780 29941 -259 27 839
9272 9613 3070 1427 3070 1427 0 0 29941 29941 0 341 0
9613 10317 3070 1427 3007 786 0 1 29941 29237 483 290 704
10317 10898 3007 786 2504 708 1 0 29237 28656 -483 290 581
10898 11187 2504 708 2504 708 0 0 28656 28656 0 289 0
11187 11662 2504 708 2810 877 0 1 28656 28181 579 415 475
11662 12494 2810 877 3086 321 1 0 28181 27349 -579 415 832
12494 12629 3086 321 3086 321 0 0 27349 27349 0 135 0
12629 12945 3086 321 3021 572 0 1 27349 27033 691 296 316
12945 13538 3021 572 2541 685 1 0 27033 26440 -691 296 593
13538 13859 2541 685 2379 844 0 1 26440 26119 771 667 321
13859 15479 2379 844 3868 713 1 0 26119 24499 -771 667 1620
15479 16374 3868 713 3192 494 0 1 24499 23604 979 121 895
16374 16975 3192 494 2596 489 1 2 23604 23003 1203 282 601
16975 17827 2596 489 2650 1287 2 1 23003 22151 -1203 282 852
17827 18377 2650 1287 2440 1627 1 0 22151 21601 -979 3 550
18377 18809 2440 1627 2863 1618 0 1 21601 21169 1475 444 432
18809 20601 2863 1618 3778 741 1 0 21169 19377 -1475 444 1792
20601 21778 3778 741 2779 563 0 1 19377 18200 1971 538 1177
21778 24427 2779 563 272 705 1 0 18200 15551 -1971 538 2649
24427 25780 272 705 1480 850 0 1 15551 14198 3091 172 1353
25780 27202 1480 850 2777 975 1 0 14198 12776 -3091 172 1422
27202 27651 2777 975 2549 754 0 1 12776 12327 3683 277 449
27651 28038 2549 754 2526 1118 1 2 12327 11940 3811 525 387
28038 29242 2526 1118 2858 1990 2 1 11940 10736 -3683 231 1204
29242 30380 2858 1990 3786 1780 1 0 10736 9598 -3811 105 1138
30380 31328 3786 1780 3340 1278 0 1 9598 8650 4867 242 948
31328 31556 3340 1278 3119 1285 1 2 8650 8422 5123 230 228
31556 32031 3119 1285 2822 1107 2 3 8422 7947 5299 15 475
32031 32201 2822 1107 2701 1058 3 2 7947 7777 -5299 15 170
32201 32348 2701 1058 2639 1143 2 1 7777 7630 -5123 60 147
32348 33178 2639 1143 2551 401 1 0 7630 6800 -4867 58 830
33178 33440 2551 401 2641 229 0 1 6800 6538 5651 332 262
33440 34409 2641 229 1838 395 1 2 6538 5569 6115 1069 969
34409 34832 1838 395 1779 759 2 3 5569 5146 6243 606 423
34832 35470 1779 759 1943 1233 3 2 5146 4508 -5651 4 638
35470 36950 1943 1233 3298 1108 2 1 4508 3028 -6243 356 1480
36950 37458 3298 1108 3721 1193 1 0 3028 2520 -6115 701 508
37458 38427 3721 1193 3721 1193 0 0 2520 2520 0 969 0
38427 38441 3721 1193 3723 1205 0 1 2520 2506 7619 384 14
38441 39210 3723 1205 3046 1113 1 0 2506 1737 -7619 384 769
39210 39272 3046 1113 3046 1113 0 0 1737 1737 0 62 0
39272 39990 3046 1113 3488 837 0 1 1737 1019 8115 261 718
39990 40514 3488 837 3875 974 1 0 1019 495 -8115 261 524
40514 49599 3875 974 3875 974 0 0 495 495 0 9085 0
49599 50000 3875 974 3750 1250 0 0 495 94 1000000000 0 401
--------------------------------------
--------------------------------------
EV6
--------------------------------------
Num TPs served = 12
TPs served = 227 323 451 531 851 899 1043 1235 1427 1619 2451 9427
Total energy used = 35600
--------------------------------------
Schedule:
0 3607 3750 1250 3750 1250 0 0 35632 35632 0 3607 0
3607 5219 3750 1250 2962 426 0 1 35632 34020 227 533 1612
5219 6286 2962 426 2360 891 1 0 34020 32953 -227 533 1067
6286 7497 2360 891 2681 1781 0 1 32953 31742 323 428 1211
7497 8774 2681 1781 3088 911 1 0 31742 30465 -323 428 1277
8774 9447 3088 911 3088 911 0 0 30465 30465 0 673 0
9447 9748 3088 911 2960 738 0 1 30465 30164 451 198 301
9748 10146 2960 738 3104 992 1 0 30164 29766 -451 198 398
10146 11426 3104 992 3652 1724 0 1 29766 28486 531 590 1280
11426 13559 3652 1724 2951 292 1 0 28486 26353 -531 590 2133
13559 14091 2951 292 2951 292 0 0 26353 26353 0 532 0
14091 14487 2951 292 3236 403 0 1 26353 25957 851 214 396
14487 14916 3236 403 2995 591 1 0 25957 25528 -851 214 429
14916 15413 2995 591 2700 793 0 1 25528 25031 899 19 497
15413 16420 2700 793 3161 1339 1 0 25031 24024 -899 19 1007
16420 16560 3161 1339 3072 1390 0 1 24024 23884 1043 217 140
16560 17277 3072 1390 3112 713 1 2 23884 23167 1235 122 717
17277 18019 3112 713 3384 243 2 1 23167 22425 -1235 122 742
18019 18274 3384 243 3561 165 1 0 22425 22170 -1043 217 255
18274 19084 3561 165 2761 175 0 1 22170 21360 1427 165 810
19084 20771 2761 175 3220 1403 1 2 21360 19673 1619 2781 1687
20771 21295 3220 1403 3384 1763 2 1 19673 19149 -1427 165 524
21295 22458 3384 1763 3384 1763 1 1 19149 19149 0 1163 0
22458 22923 3384 1763 3334 1348 1 2 19149 18684 2451 471 465
22923 23867 3334 1348 2475 1263 2 1 18684 17740 -2451 471 944
23867 32062 2475 1263 917 7900 1 0 17740 9545 -1619 290 8195
32062 36886 917 7900 917 7900 0 0 9545 9545 0 4824 0
36886 45297 917 7900 2823 1395 0 1 9545 1134 9427 234 8411
45297 45766 2823 1395 3277 1410 1 0 1134 665 -9427 234 469
45766 49367 3277 1410 3277 1410 0 0 665 665 0 3601 0
49367 50000 3277 1410 3750 1250 0 0 665 32 1000000000 0 633
--------------------------------------
--------------------------------------
EV7
--------------------------------------
Num TPs served = 6
TPs served = 387 627 723 739 915 1011
Total energy used = 35460
--------------------------------------
Schedule:
0 8362 3750 1250 3750 1250 0 0 35632 35632 0 8362 0
8362 8652 3750 1250 3477 1233 0 1 35632 35342 387 624 290
8652 9902 3477 1233 2747 713 1 0 35342 34092 -387 624 1250
9902 11417 2747 713 2747 713 0 0 34092 34092 0 1515 0
11417 12298 2747 713 3070 1271 0 1 34092 33211 627 106 881
12298 12512 3070 1271 3230 1217 1 0 33211 32997 -627 106 214
12512 13071 3230 1217 3230 1217 0 0 32997 32997 0 559 0
13071 13305 3230 1217 3132 1353 0 1 32997 32763 723 536 234
13305 14210 3132 1353 2628 952 1 2 32763 31858 739 7268 905
14210 14378 2628 952 2477 935 2 1 31858 31690 -723 536 168
14378 15372 2477 935 2477 935 1 1 31690 31690 0 994 0
15372 15748 2477 935 2700 782 1 2 31690 31314 1011 611 376
15748 16549 2700 782 3033 1250 2 3 31314 30513 915 4964 801
16549 17367 3033 1250 2835 1870 3 2 30513 29695 -1011 215 818
17367 29974 2835 1870 9999 7313 2 1 29695 17088 -915 4568 12607
29974 32276 9999 7313 9999 9615 1 0 17088 14786 -739 5236 2302
32276 35386 9999 9615 9999 9615 0 0 14786 14786 0 3110 0
35386 50000 9999 9615 3750 1250 0 0 14786 172 1000000000 0 14614
--------------------------------------
--------------------------------------
EV8
--------------------------------------
Num TPs served = 10
TPs served = 435 659 931 1139 1155 1523 1683 1699 3395 4003
Total energy used = 35446
--------------------------------------
Schedule:
0 6992 3750 1250 3750 1250 0 0 35632 35632 0 6992 0
6992 9546 3750 1250 1524 1578 0 1 35632 33078 435 526 2554
9546 10599 1524 1578 1994 995 1 0 33078 32025 -435 526 1053
10599 11628 1994 995 1994 995 0 0 32025 32025 0 1029 0
11628 12595 1994 995 2235 269 0 1 32025 31058 659 646 967
12595 13888 2235 269 2686 1111 1 0 31058 29765 -659 646 1293
13888 14038 2686 1111 2686 1111 0 0 29765 29765 0 150 0
14038 15151 2686 1111 2123 1661 0 1 29765 28652 931 586 1113
15151 16325 2123 1661 2831 1195 1 0 28652 27478 -931 586 1174
16325 16755 2831 1195 3260 1194 0 1 27478 27048 1155 300 430
16755 17033 3260 1194 3129 1341 1 2 27048 26770 1139 103 278
17033 17610 3129 1341 2744 1533 2 1 26770 26193 -1155 300 577
17610 18192 2744 1533 2287 1658 1 0 26193 25611 -1139 103 582
18192 19094 2287 1658 2153 890 0 1 25611 24709 1523 89 902
19094 20030 2153 890 3088 891 1 2 24709 23773 1683 43 936
20030 20247 3088 891 3067 1087 2 1 23773 23556 -1523 47 217
20247 21057 3067 1087 2675 1505 1 0 23556 22746 -1683 43 810
21057 21682 2675 1505 3131 1674 0 1 22746 22121 1699 60 625
21682 25923 3131 1674 89 475 1 0 22121 17880 -1699 60 4241
25923 28466 89 475 2512 595 0 1 17880 15337 4003 156 2543
28466 29098 2512 595 3051 688 1 0 15337 14705 -4003 156 632
29098 29635 3051 688 3328 428 0 1 14705 14168 3395 362 537
29635 37248 3328 428 9999 1370 1 0 14168 6555 -3395 362 7613
37248 43631 9999 1370 9999 1370 0 0 6555 6555 0 6383 0
43631 50000 9999 1370 3750 1250 0 0 6555 186 1000000000 0 6369
--------------------------------------
--------------------------------------
EV9
--------------------------------------
Num TPs served = 13
TPs served = 803 963 1171 1651 1987 2435 2563 2771 3363 8435 9235 9347 9875
Total energy used = 34992
--------------------------------------
Schedule:
0 13268 3750 1250 3750 1250 0 0 35632 35632 0 13268 0
13268 14002 3750 1250 3557 709 0 1 35632 34898 803 219 734
14002 14441 3557 709 3235 826 1 0 34898 34459 -803 219 439
14441 14557 3235 826 3235 826 0 0 34459 34459 0 116 0
14557 15421 3235 826 3081 1536 0 1 34459 33595 963 584 864
15421 16590 3081 1536 2466 982 1 0 33595 32426 -963 584 1169
16590 17471 2466 982 1819 748 0 1 32426 31545 1171 125 881
17471 19263 1819 748 3503 856 1 0 31545 29753 -1171 125 1792
19263 19778 3503 856 3362 482 0 1 29753 29238 1651 73 515
19778 20759 3362 482 2496 367 1 0 29238 28257 -1651 73 981
20759 21484 2496 367 3004 584 0 1 28257 27532 1987 247 725
21484 22809 3004 584 2096 1001 1 0 27532 26207 -1987 247 1325
22809 23200 2096 1001 2464 978 0 1 26207 25816 2435 133 391
23200 24133 2464 978 3073 1302 1 0 25816 24883 -2435 133 933
24133 24539 3073 1302 2838 1131 0 1 24883 24477 2771 30 406
24539 25332 2838 1131 3590 1090 1 0 24477 23684 -2771 30 793
25332 25552 3590 1090 3590 1090 0 0 23684 23684 0 220 0
25552 26098 3590 1090 3395 739 0 1 23684 23138 3363 311 546
26098 26721 3395 739 3128 1095 1 0 23138 22515 -3363 311 623
26721 27146 3128 1095 3238 1410 0 1 22515 22090 2563 61 425
27146 34868 3238 1410 9999 449 1 0 22090 14368 -2563 61 7722
34868 41823 9999 449 3344 149 0 1 14368 7413 8435 405 6955
41823 43976 3344 149 3666 1980 1 0 7413 5260 -8435 405 2153
43976 44851 3666 1980 3887 1326 0 1 5260 4385 9235 440 875
44851 45283 3887 1326 3811 970 1 2 4385 3953 9347 166 432
45283 46487 3811 970 2609 972 2 1 3953 2749 -9347 166 1204
46487 46844 2609 972 2621 627 1 0 2749 2392 -9235 412 357
46844 46959 2621 627 2621 627 0 0 2392 2392 0 115 0
46959 47975 2621 627 3400 864 0 1 2392 1376 9875 112 1016
47975 48200 3400 864 3456 1033 1 0 1376 1151 -9875 112 225
48200 49489 3456 1033 3456 1033 0 0 1151 1151 0 1289 0
49489 50000 3456 1033 3750 1250 0 0 1151 640 1000000000 0 511
--------------------------------------
--------------------------------------
EV10
--------------------------------------
Num TPs served = 14
TPs served = 835 1027 1075 1507 1843 2323 2675 2883 3491 3795 3907 4339 4499 5283
Total energy used = 34818
--------------------------------------
Schedule:
0 11894 3750 1250 3750 1250 0 0 35632 35632 0 11894 0
11894 14328 3750 1250 1956 610 0 1 35632 33198 835 282 2434
14328 14894 1956 610 2050 1082 1 0 33198 32632 -835 282 566
14894 15888 2050 1082 2966 1004 0 1 32632 31638 1027 66 994
15888 16183 2966 1004 2976 719 1 0 31638 31343 -1027 66 295
16183 16631 2976 719 3054 349 0 1 31343 30895 1075 229 448
16631 18171 3054 349 3025 1860 1 0 30895 29355 -1075 229 1540
18171 18856 3025 1860 3022 1178 0 1 29355 28670 1507 412 685
18856 20323 3022 1178 2293 1916 1 0 28670 27203 -1507 412 1467
20323 21006 2293 1916 2963 1903 0 1 27203 26520 1843 122 683
21006 22524 2963 1903 3218 640 1 0 26520 25002 -1843 122 1518
22524 22740 3218 640 3318 524 0 1 25002 24786 2323 131 216
22740 23676 3318 524 2810 952 1 0 24786 23850 -2323 131 936
23676 24089 2810 952 2861 1314 0 1 23850 23437 2675 3 413
24089 24661 2861 1314 2549 1574 1 0 23437 22865 -2675 3 572
24661 25205 2549 1574 2249 1330 0 1 22865 22321 2883 84 544
25205 26636 2249 1330 3371 1021 1 0 22321 20890 -2883 84 1431
26636 26700 3371 1021 3392 978 0 1 20890 20826 3491 498 64
26700 27004 3392 978 3392 978 1 1 20826 20826 0 304 0
27004 27536 3392 978 2897 941 1 2 20826 20294 3795 487 532
27536 28379 2897 941 2745 250 2 1 20294 19451 -3491 194 843
28379 28658 2745 250 2535 319 1 2 19451 19172 3907 3139 279
28658 28996 2535 319 2708 154 2 1 19172 18834 -3795 3 338
28996 29010 2708 154 2708 154 1 1 18834 18834 0 14 0
29010 29235 2708 154 2814 35 1 2 18834 18609 4339 274 225
29235 29785 2814 35 3211 188 2 1 18609 18059 -4339 274 550
29785 30337 3211 188 3160 689 1 2 18059 17507 4499 18 552
30337 31632 3160 689 2411 143 2 1 17507 16212 -4499 18 1295
31632 31935 2411 143 2612 245 1 2 16212 15909 5283 404 303
31935 32770 2612 245 3359 157 2 1 15909 15074 -5283 404 835
32770 39549 3359 157 9999 18 1 0 15074 8295 -3907 13 6779
39549 42519 9999 18 9999 18 0 0 8295 8295 0 2970 0
42519 50000 9999 18 3750 1250 0 0 8295 814 1000000000 0 7481
--------------------------------------
--------------------------------------
EV11
--------------------------------------
Num TPs served = 15
TPs served = 1091 1267 1459 1731 1827 2067 2371 2707 2819 2979 3475 4099 4803 4995 5635
Total energy used = 34542
--------------------------------------
Schedule:
0 14721 3750 1250 3750 1250 0 0 35632 35632 0 14721 0
14721 16230 3750 1250 2836 655 0 1 35632 34123 1091 220 1509
16230 16672 2836 655 2721 982 1 0 34123 33681 -1091 220 442
16672 17384 2721 982 3176 725 0 1 33681 32969 1267 152 712
17384 18082 3176 725 3040 1287 1 0 32969 32271 -1267 152 698
18082 18539 3040 1287 2811 1515 0 1 32271 31814 1459 100 457
18539 19305 2811 1515 2595 965 1 0 31814 31048 -1459 100 766
19305 19564 2595 965 2595 965 0 0 31048 31048 0 259 0
19564 19800 2595 965 2744 1052 0 1 31048 30812 1731 515 236
19800 20353 2744 1052 3135 890 1 2 30812 30259 1827 52 553
20353 20566 3135 890 3261 977 2 1 30259 30046 -1827 52 213
20566 21051 3261 977 3238 515 1 0 30046 29561 -1731 295 485
21051 21753 3238 515 2660 639 0 1 29561 28859 2067 14 702
21753 22606 2660 639 3014 1138 1 0 28859 28006 -2067 14 853
22606 22914 3014 1138 3149 965 0 1 28006 27698 2371 318 308
22914 24110 3149 965 2378 540 1 2 27698 26502 2707 306 1196
24110 24199 2378 540 2391 464 2 1 26502 26413 -2371 292 89
24199 24553 2391 464 2516 693 1 2 26413 26059 2819 136 354
24553 25205 2516 693 2966 895 2 1 26059 25407 -2819 136 652
25205 25268 2966 895 2957 949 1 2 25407 25344 2979 243 63
25268 25345 2957 949 2909 978 2 1 25344 25267 -2707 40 77
25345 26714 2909 978 4205 905 1 0 25267 23898 -2979 89 1369
26714 27657 4205 905 4321 1732 0 1 23898 22955 3475 43 943
27657 29217 4321 1732 2949 1544 1 2 22955 21395 4099 84 1560
29217 30190 2949 1544 2321 1199 2 1 21395 20422 -3475 43 973
30190 30634 2321 1199 2052 1024 1 0 20422 19978 -4099 84 444
30634 31074 2052 1024 1877 759 0 1 19978 19538 4803 112 440
31074 32309 1877 759 2569 216 1 0 19538 18303 -4803 112 1235
32309 33232 2569 216 2634 1074 0 1 18303 17380 5635 45 923
33232 34065 2634 1074 2932 1609 1 0 17380 16547 -5635 45 833
34065 34833 2932 1609 3301 1210 0 1 16547 15779 4995 55 768
34833 42382 3301 1210 9999 359 1 0 15779 8230 -4995 55 7549
42382 42860 9999 359 9999 359 0 0 8230 8230 0 478 0
42860 50000 9999 359 3750 1250 0 0 8230 1090 1000000000 0 7140
--------------------------------------
--------------------------------------
EV12
--------------------------------------
Num TPs served = 19
TPs served = 1107 1299 1539 1747 1923 2195 2787 3827 4627 4931 5891 7139 8147 8499 8867 9075 9155 9731 9811
Total energy used = 33494
--------------------------------------
Schedule:
0 15572 3750 1250 3750 1250 0 0 35632 35632 0 15572 0
15572 16338 3750 1250 3284 950 0 1 35632 34866 1107 480 766
16338 17300 3284 950 2853 1481 1 0 34866 33904 -1107 480 962
17300 17699 2853 1481 2888 1117 0 1 33904 33505 1299 28 399
17699 18293 2888 1117 2379 1032 1 0 33505 32911 -1299 28 594
18293 18506 2379 1032 2379 1032 0 0 32911 32911 0 213 0
18506 18718 2379 1032 2264 935 0 1 32911 32699 1539 277 212
18718 19274 2264 935 2609 724 1 0 32699 32143 -1539 277 556
19274 19579 2609 724 2609 724 0 0 32143 32143 0 305 0
19579 19867 2609 724 2466 869 0 1 32143 31855 1747 366 288
19867 20600 2466 869 2741 1327 1 0 31855 31122 -1747 366 733
20600 21438 2741 1327 1907 1323 0 1 31122 30284 1923 316 838
21438 22048 1907 1323 2205 1635 1 2 30284 29674 2195 153 610
22048 22692 2205 1635 2761 1547 2 1 29674 29030 -2195 153 644
22692 23561 2761 1547 3272 1905 1 0 29030 28161 -1923 140 869
23561 25306 3272 1905 3513 401 0 1 28161 26416 2787 6 1745
25306 27428 3513 401 2334 1344 1 0 26416 24294 -2787 6 2122
27428 28286 2334 1344 2743 1793 0 1 24294 23436 3827 153 858
28286 29847 2743 1793 3207 696 1 0 23436 21875 -3827 153 1561
29847 30204 3207 696 3028 874 0 1 21875 21518 4627 315 357
30204 31059 3028 874 2514 533 1 0 21518 20663 -4627 315 855
31059 31872 2514 533 2946 914 0 1 20663 19850 4931 0 813
31872 33833 2946 914 3201 2620 1 0 19850 17889 -4931 0 1961
33833 34589 3201 2620 2988 2077 0 1 17889 17133 5891 80 756
34589 36831 2988 2077 2279 544 1 0 17133 14891 -5891 80 2242
36831 37470 2279 544 2150 1054 0 1 14891 14252 7139 257 639
37470 39003 2150 1054 2104 2541 1 0 14252 12719 -7139 257 1533
39003 40692 2104 2541 3228 1976 0 1 12719 11030 8147 557 1689
40692 40733 3228 1976 3228 1976 1 1 11030 11030 0 41 0
40733 41410 3228 1976 3261 1332 1 2 11030 10353 8499 841 677
41410 41435 3261 1332 3261 1332 2 2 10353 10353 0 25 0
41435 42762 3261 1332 3033 233 2 3 10353 9026 8867 1192 1327
42762 43119 3033 233 2779 130 3 2 9026 8669 -8499 816 357
43119 43387 2779 130 2658 277 2 1 8669 8401 -8147 131 268
43387 43615 2658 277 2658 277 1 1 8401 8401 0 228 0
43615 43647 2658 277 2661 306 1 2 8401 8369 9075 662 32
43647 44043 2661 306 2926 437 2 3 8369 7973 9155 335 396
44043 44877 2926 437 2988 1209 3 2 7973 7139 -9155 335 834
44877 45627 2988 1209 2349 1320 2 1 7139 6389 -9075 8 750
45627 46241 2349 1320 2090 1675 1 0 6389 5775 -8867 98 614
46241 46291 2090 1675 2090 1675 0 0 5775 5775 0 50 0
46291 47096 2090 1675 2633 1413 0 1 5775 4970 9731 192 805
47096 47482 2633 1413 3016 1416 1 0 4970 4584 -9731 192 386
47482 47814 3016 1416 3168 1236 0 1 4584 4252 9811 149 332
47814 48573 3168 1236 2720 925 1 0 4252 3493 -9811 149 759
48573 48645 2720 925 2720 925 0 0 3493 3493 0 72 0
48645 50000 2720 925 3750 1250 0 0 3493 2138 1000000000 0 1355
--------------------------------------
--------------------------------------
EV13
--------------------------------------
Num TPs served = 19
TPs served = 1123 1395 1571 1875 2163 2963 3955 4963 5059 6323 6435 7059 7459 8563 8771 9011 9491 9619 9635
Total energy used = 33300
--------------------------------------
Schedule:
0 14640 3750 1250 3750 1250 0 0 35632 35632 0 14640 0
14640 16442 3750 1250 2635 563 0 1 35632 33830 1123 467 1802
16442 17377 2635 563 3007 1126 1 0 33830 32895 -1123 467 935
17377 17837 3007 1126 3007 1126 0 0 32895 32895 0 460 0
17837 17955 3007 1126 2995 1020 0 1 32895 32777 1395 378 118
17955 18712 2995 1020 3387 655 1 0 32777 32020 -1395 378 757
18712 19317 3387 655 2955 482 0 1 32020 31415 1571 160 605
19317 20511 2955 482 2636 1357 1 0 31415 30221 -1571 160 1194
20511 21092 2636 1357 2234 1178 0 1 30221 29640 1875 66 581
21092 22353 2234 1178 3247 930 1 0 29640 28379 -1875 66 1261
22353 22737 3247 930 3491 790 0 1 28379 27995 2163 58 384
22737 24900 3491 790 2248 1710 1 0 27995 25832 -2163 58 2163
24900 25816 2248 1710 2839 2035 0 1 25832 24916 2963 19 916
25816 27823 2839 2035 2969 158 1 0 24916 22909 -2963 19 2007
27823 28628 2969 158 3049 883 0 1 22909 22104 3955 47 805
28628 29748 3049 883 3602 316 1 0 22104 20984 -3955 47 1120
29748 30115 3602 316 3602 316 0 0 20984 20984 0 367 0
30115 31015 3602 316 3036 650 0 1 20984 20084 4963 78 900
31015 31173 3036 650 3103 741 1 0 20084 19926 -4963 78 158
31173 32180 3103 741 2127 772 0 1 19926 18919 5059 18 1007
32180 33974 2127 772 2639 2054 1 0 18919 17125 -5059 18 1794
33974 34834 2639 2054 2612 1221 0 1 17125 16265 6323 279 860
34834 35408 2612 1221 2634 669 1 2 16265 15691 6435 291 574
35408 35611 2634 669 2692 524 2 1 15691 15488 -6323 279 203
35611 36774 2692 524 3287 1092 1 2 15488 14325 7059 746 1163
36774 37124 3287 1092 3494 1235 2 1 14325 13975 -6435 1 350
37124 38042 3494 1235 2593 1218 1 2 13975 13057 7459 837 918
38042 39041 2593 1218 2286 526 2 1 13057 12058 -7059 46 999
39041 40573 2286 526 3324 32 1 0 12058 10526 -7459 223 1532
40573 41068 3324 32 3324 32 0 0 10526 10526 0 495 0
41068 41628 3324 32 3125 393 0 1 10526 9966 8563 825 560
41628 42028 3125 393 3125 393 1 1 9966 9966 0 400 0
42028 42402 3125 393 3099 741 1 2 9966 9592 8771 698 374
42402 43759 3099 741 2604 1603 2 3 9592 8235 9011 342 1357
43759 43799 2604 1603 2586 1625 3 2 8235 8195 -8771 698 40
43799 43918 2586 1625 2632 1552 2 1 8195 8076 -8563 187 119
43918 45216 2632 1552 3153 775 1 0 8076 6778 -9011 262 1298
45216 45837 3153 775 2677 920 0 1 6778 6157 9491 31 621
45837 46256 2677 920 2353 1015 1 0 6157 5738 -9491 31 419
46256 46526 2353 1015 2407 1231 0 1 5738 5468 9619 74 270
46526 46927 2407 1231 2254 983 1 0 5468 5067 -9619 74 401
46927 47165 2254 983 2383 874 0 1 5067 4829 9635 63 238
47165 48679 2383 874 3144 1627 1 0 4829 3315 -9635 63 1514
48679 49017 3144 1627 3144 1627 0 0 3315 3315 0 338 0
49017 50000 3144 1627 3750 1250 0 0 3315 2332 1000000000 0 983
--------------------------------------
--------------------------------------
EV14
--------------------------------------
Num TPs served = 24
TPs served = 1187 1363 1667 1811 2019 2355 2867 3123 3539 3939 4691 5011 5363 5827 5987 6675 7155 7571 8307 8595 9059 9299 9539 9763
Total energy used = 34262
--------------------------------------
Schedule:
0 14993 3750 1250 3750 1250 0 0 35632 35632 0 14993 0
14993 16747 3750 1250 2693 553 0 1 35632 33878 1187 293 1754
16747 17335 2693 553 2120 568 1 0 33878 33290 -1187 293 588
17335 17554 2120 568 2120 568 0 0 33290 33290 0 219 0
17554 17811 2120 568 1871 576 0 1 33290 33033 1363 589 257
17811 18991 1871 576 2598 1029 1 0 33033 31853 -1363 589 1180
18991 19640 2598 1029 2925 1351 0 1 31853 31204 1667 46 649
19640 20045 2925 1351 2753 1118 1 0 31204 30799 -1667 46 405
20045 20526 2753 1118 2299 1145 0 1 30799 30318 1811 14 481
20526 21111 2299 1145 2533 794 1 0 30318 29733 -1811 14 585
21111 21612 2533 794 2882 946 0 1 29733 29232 2019 2 501
21612 22490 2882 946 2255 1197 1 0 29232 28354 -2019 2 878
22490 23020 2255 1197 2450 862 0 1 28354 27824 2355 165 530
23020 24332 2450 862 3336 1288 1 0 27824 26512 -2355 165 1312
24332 24687 3336 1288 3486 1493 0 1 26512 26157 2867 41 355
24687 25101 3486 1493 3593 1800 1 0 26157 25743 -2867 41 414
25101 25675 3593 1800 3499 1320 0 1 25743 25169 3123 179 574
25675 26637 3499 1320 2851 1634 1 0 25169 24207 -3123 179 962
26637 27139 2851 1634 2400 1685 0 1 24207 23705 3539 52 502
27139 28095 2400 1685 2703 1032 1 0 23705 22749 -3539 52 956
28095 28462 2703 1032 2696 1392 0 1 22749 22382 3939 75 367
28462 29457 2696 1392 2455 2146 1 0 22382 21387 -3939 75 995
29457 29470 2455 2146 2455 2146 0 0 21387 21387 0 13 0
29470 30266 2455 2146 2468 1363 0 1 21387 20591 4691 260 796
30266 30788 2468 1363 2932 1305 1 0 20591 20069 -4691 260 522
30788 30794 2932 1305 2932 1305 0 0 20069 20069 0 6 0
30794 31157 2932 1305 3259 1341 0 1 20069 19706 5011 685 363
31157 32185 3259 1341 2928 644 1 2 19706 18678 5363 148 1028
32185 32558 2928 644 3038 381 2 1 18678 18305 -5363 148 373
32558 32891 3038 381 3109 119 1 0 18305 17972 -5011 323 333
32891 33534 3109 119 2799 452 0 1 17972 17329 5827 424 643
33534 34671 2799 452 3833 349 1 2 17329 16192 5987 340 1137
34671 34704 3833 349 3840 323 2 1 16192 16159 -5827 424 33
34704 34927 3840 323 3840 323 1 1 16159 16159 0 223 0
34927 35628 3840 323 3334 518 1 2 16159 15458 6675 486 701
35628 36601 3334 518 2769 926 2 1 15458 14485 -6675 486 973
36601 37051 2769 926 2658 1265 1 2 14485 14035 7155 823 450
37051 37381 2658 1265 2515 1452 2 1 14035 13705 -5987 51 330
37381 38382 2515 1452 2881 817 1 2 13705 12704 7571 551 1001
38382 39424 2881 817 3668 562 2 1 12704 11662 -7155 163 1042
39424 39880 3668 562 3562 212 1 0 11662 11206 -7571 339 456
39880 40148 3562 212 3562 212 0 0 11206 11206 0 268 0
40148 40727 3562 212 3616 737 0 1 11206 10627 8307 746 579
40727 42221 3616 737 2721 1336 1 0 10627 9133 -8307 746 1494
42221 42680 2721 1336 2736 1780 0 1 9133 8674 8595 47 459
42680 43673 2736 1780 3118 1169 1 2 8674 7681 9059 59 993
43673 43969 3118 1169 3274 1029 2 1 7681 7385 -9059 59 296
43969 44659 3274 1029 3384 449 1 0 7385 6695 -8595 47 690
44659 45047 3384 449 3115 568 0 1 6695 6307 9299 6 388
45047 45969 3115 568 2950 1325 1 0 6307 5385 -9299 6 922
45969 46240 2950 1325 3169 1273 0 1 5385 5114 9539 76 271
46240 47050 3169 1273 2557 1075 1 0 5114 4304 -9539 76 810
47050 47479 2557 1075 2811 1250 0 1 4304 3875 9763 390 429
47479 48748 2811 1250 3297 2033 1 0 3875 2606 -9763 390 1269
48748 48764 3297 2033 3297 2033 0 0 2606 2606 0 16 0
48764 50000 3297 2033 3750 1250 0 0 2606 1370 1000000000 0 1236
--------------------------------------

-------------------------------------------------------------------------

TPs

-------------------------------------------------------------------------

----------------------
TP3 not allocated
----------------------

----------------------
TP19 not allocated
----------------------

----------------------
TP35 not allocated
----------------------

----------------------
TP51 not allocated
----------------------

----------------------
TP67 not allocated
----------------------

----------------------
TP83 not allocated
----------------------

----------------------
TP99 allocated to 1
----------------------

----------------------
TP115 allocated to 2
----------------------

----------------------
TP131 allocated to 2
----------------------

----------------------
TP147 allocated to 3
----------------------

----------------------
TP163 allocated to 2
----------------------

----------------------
TP179 allocated to 4
----------------------

----------------------
TP195 allocated to 1
----------------------

----------------------
TP211 allocated to 5
----------------------

----------------------
TP227 allocated to 6
----------------------

----------------------
TP243 allocated to 1
----------------------

----------------------
TP259 allocated to 5
----------------------

----------------------
TP275 allocated to 1
----------------------

----------------------
TP291 allocated to 5
----------------------

----------------------
TP307 allocated to 1
----------------------

----------------------
TP323 allocated to 6
----------------------

----------------------
TP339 allocated to 3
----------------------

----------------------
TP355 allocated to 4
----------------------

----------------------
TP371 allocated to 2
----------------------

----------------------
TP387 allocated to 7
----------------------

----------------------
TP403 allocated to 3
----------------------

----------------------
TP419 allocated to 4
----------------------

----------------------
TP435 allocated to 8
----------------------

----------------------
TP451 allocated to 6
----------------------

----------------------
TP467 allocated to 1
----------------------

----------------------
TP483 allocated to 5
----------------------

----------------------
TP499 allocated to 2
----------------------

----------------------
TP515 allocated to 3
----------------------

----------------------
TP531 allocated to 6
----------------------

----------------------
TP547 allocated to 4
----------------------

----------------------
TP563 allocated to 2
----------------------

----------------------
TP579 allocated to 5
----------------------

----------------------
TP595 allocated to 1
----------------------

----------------------
TP611 allocated to 3
----------------------

----------------------
TP627 allocated to 7
----------------------

----------------------
TP643 allocated to 4
----------------------

----------------------
TP659 allocated to 8
----------------------

----------------------
TP675 allocated to 1
----------------------

----------------------
TP691 allocated to 5
----------------------

----------------------
TP707 allocated to 1
----------------------

----------------------
TP723 allocated to 7
----------------------

----------------------
TP739 allocated to 7
----------------------

----------------------
TP755 allocated to 3
----------------------

----------------------
TP771 allocated to 5
----------------------

----------------------
TP787 allocated to 2
----------------------

----------------------
TP803 allocated to 9
----------------------

----------------------
TP819 allocated to 3
----------------------

----------------------
TP835 allocated to 10
----------------------

----------------------
TP851 allocated to 6
----------------------

----------------------
TP867 allocated to 4
----------------------

----------------------
TP883 allocated to 1
----------------------

----------------------
TP899 allocated to 6
----------------------

----------------------
TP915 allocated to 7
----------------------

----------------------
TP931 allocated to 8
----------------------

----------------------
TP947 allocated to 2
----------------------

----------------------
TP963 allocated to 9
----------------------

----------------------
TP979 allocated to 5
----------------------

----------------------
TP995 allocated to 4
----------------------

----------------------
TP1011 allocated to 7
----------------------

----------------------
TP1027 allocated to 10
----------------------

----------------------
TP1043 allocated to 6
----------------------

----------------------
TP1059 allocated to 4
----------------------

----------------------
TP1075 allocated to 10
----------------------

----------------------
TP1091 allocated to 11
----------------------

----------------------
TP1107 allocated to 12
----------------------

----------------------
TP1123 allocated to 13
----------------------

----------------------
TP1139 allocated to 8
----------------------

----------------------
TP1155 allocated to 8
----------------------

----------------------
TP1171 allocated to 9
----------------------

----------------------
TP1187 allocated to 14
----------------------

----------------------
TP1203 allocated to 5
----------------------

----------------------
TP1219 allocated to 3
----------------------

----------------------
TP1235 allocated to 6
----------------------

----------------------
TP1251 not allocated
----------------------

----------------------
TP1267 allocated to 11
----------------------

----------------------
TP1283 allocated to 3
----------------------

----------------------
TP1299 allocated to 12
----------------------

----------------------
TP1315 allocated to 2
----------------------

----------------------
TP1331 not allocated
----------------------

----------------------
TP1347 not allocated
----------------------

----------------------
TP1363 allocated to 14
----------------------

----------------------
TP1379 not allocated
----------------------

----------------------
TP1395 allocated to 13
----------------------

----------------------
TP1411 not allocated
----------------------

----------------------
TP1427 allocated to 6
----------------------

----------------------
TP1443 not allocated
----------------------

----------------------
TP1459 allocated to 11
----------------------

----------------------
TP1475 allocated to 5
----------------------

----------------------
TP1491 not allocated
----------------------

----------------------
TP1507 allocated to 10
----------------------

----------------------
TP1523 allocated to 8
----------------------

----------------------
TP1539 allocated to 12
----------------------

----------------------
TP1555 allocated to 2
----------------------

----------------------
TP1571 allocated to 13
----------------------

----------------------
TP1587 allocated to 3
----------------------

----------------------
TP1603 not allocated
----------------------

----------------------
TP1619 allocated to 6
----------------------

----------------------
TP1635 not allocated
----------------------

----------------------
TP1651 allocated to 9
----------------------

----------------------
TP1667 allocated to 14
----------------------

----------------------
TP1683 allocated to 8
----------------------

----------------------
TP1699 allocated to 8
----------------------

----------------------
TP1715 allocated to 2
----------------------

----------------------
TP1731 allocated to 11
----------------------

----------------------
TP1747 allocated to 12
----------------------

----------------------
TP1763 not allocated
----------------------

----------------------
TP1779 not allocated
----------------------

----------------------
TP1795 not allocated
----------------------

----------------------
TP1811 allocated to 14
----------------------

----------------------
TP1827 allocated to 11
----------------------

----------------------
TP1843 allocated to 10
----------------------

----------------------
TP1859 not allocated
----------------------

----------------------
TP1875 allocated to 13
----------------------

----------------------
TP1891 not allocated
----------------------

----------------------
TP1907 not allocated
----------------------

----------------------
TP1923 allocated to 12
----------------------

----------------------
TP1939 not allocated
----------------------

----------------------
TP1955 allocated to 2
----------------------

----------------------
TP1971 allocated to 5
----------------------

----------------------
TP1987 allocated to 9
----------------------

----------------------
TP2003 not allocated
----------------------

----------------------
TP2019 allocated to 14
----------------------

----------------------
TP2035 not allocated
----------------------

----------------------
TP2051 not allocated
----------------------

----------------------
TP2067 allocated to 11
----------------------

----------------------
TP2083 not allocated
----------------------

----------------------
TP2099 not allocated
----------------------

----------------------
TP2115 not allocated
----------------------

----------------------
TP2131 not allocated
----------------------

----------------------
TP2147 not allocated
----------------------

----------------------
TP2163 allocated to 13
----------------------

----------------------
TP2179 not allocated
----------------------

----------------------
TP2195 allocated to 12
----------------------

----------------------
TP2211 not allocated
----------------------

----------------------
TP2227 not allocated
----------------------

----------------------
TP2243 allocated to 3
----------------------

----------------------
TP2259 not allocated
----------------------

----------------------
TP2275 allocated to 4
----------------------

----------------------
TP2291 not allocated
----------------------

----------------------
TP2307 not allocated
----------------------

----------------------
TP2323 allocated to 10
----------------------

----------------------
TP2339 not allocated
----------------------

----------------------
TP2355 allocated to 14
----------------------

----------------------
TP2371 allocated to 11
----------------------

----------------------
TP2387 not allocated
----------------------

----------------------
TP2403 not allocated
----------------------

----------------------
TP2419 not allocated
----------------------

----------------------
TP2435 allocated to 9
----------------------

----------------------
TP2451 allocated to 6
----------------------

----------------------
TP2467 not allocated
----------------------

----------------------
TP2483 allocated to 2
----------------------

----------------------
TP2499 not allocated
----------------------

----------------------
TP2515 not allocated
----------------------

----------------------
TP2531 not allocated
----------------------

----------------------
TP2547 not allocated
----------------------

----------------------
TP2563 allocated to 9
----------------------

----------------------
TP2579 not allocated
----------------------

----------------------
TP2595 not allocated
----------------------

----------------------
TP2611 not allocated
----------------------

----------------------
TP2627 allocated to 4
----------------------

----------------------
TP2643 not allocated
----------------------

----------------------
TP2659 not allocated
----------------------

----------------------
TP2675 allocated to 10
----------------------

----------------------
TP2691 not allocated
----------------------

----------------------
TP2707 allocated to 11
----------------------

----------------------
TP2723 allocated to 2
----------------------

----------------------
TP2739 not allocated
----------------------

----------------------
TP2755 not allocated
----------------------

----------------------
TP2771 allocated to 9
----------------------

----------------------
TP2787 allocated to 12
----------------------

----------------------
TP2803 not allocated
----------------------

----------------------
TP2819 allocated to 11
----------------------

----------------------
TP2835 not allocated
----------------------

----------------------
TP2851 not allocated
----------------------

----------------------
TP2867 allocated to 14
----------------------

----------------------
TP2883 allocated to 10
----------------------

----------------------
TP2899 not allocated
----------------------

----------------------
TP2915 not allocated
----------------------

----------------------
TP2931 not allocated
----------------------

----------------------
TP2947 not allocated
----------------------

----------------------
TP2963 allocated to 13
----------------------

----------------------
TP2979 allocated to 11
----------------------

----------------------
TP2995 not allocated
----------------------

----------------------
TP3011 not allocated
----------------------

----------------------
TP3027 not allocated
----------------------

----------------------
TP3043 not allocated
----------------------

----------------------
TP3059 not allocated
----------------------

----------------------
TP3075 not allocated
----------------------

----------------------
TP3091 allocated to 5
----------------------

----------------------
TP3107 not allocated
----------------------

----------------------
TP3123 allocated to 14
----------------------

----------------------
TP3139 not allocated
----------------------

----------------------
TP3155 allocated to 4
----------------------

----------------------
TP3171 not allocated
----------------------

----------------------
TP3187 not allocated
----------------------

----------------------
TP3203 not allocated
----------------------

----------------------
TP3219 allocated to 2
----------------------

----------------------
TP3235 not allocated
----------------------

----------------------
TP3251 not allocated
----------------------

----------------------
TP3267 allocated to 4
----------------------

----------------------
TP3283 not allocated
----------------------

----------------------
TP3299 not allocated
----------------------

----------------------
TP3315 not allocated
----------------------

----------------------
TP3331 not allocated
----------------------

----------------------
TP3347 not allocated
----------------------

----------------------
TP3363 allocated to 9
----------------------

----------------------
TP3379 not allocated
----------------------

----------------------
TP3395 allocated to 8
----------------------

----------------------
TP3411 not allocated
----------------------

----------------------
TP3427 not allocated
----------------------

----------------------
TP3443 not allocated
----------------------

----------------------
TP3459 not allocated
----------------------

----------------------
TP3475 allocated to 11
----------------------

----------------------
TP3491 allocated to 10
----------------------

----------------------
TP3507 not allocated
----------------------

----------------------
TP3523 not allocated
----------------------

----------------------
TP3539 allocated to 14
----------------------

----------------------
TP3555 not allocated
----------------------

----------------------
TP3571 not allocated
----------------------

----------------------
TP3587 not allocated
----------------------

----------------------
TP3603 not allocated
----------------------

----------------------
TP3619 not allocated
----------------------

----------------------
TP3635 not allocated
----------------------

----------------------
TP3651 allocated to 4
----------------------

----------------------
TP3667 not allocated
----------------------

----------------------
TP3683 allocated to 5
----------------------

----------------------
TP3699 not allocated
----------------------

----------------------
TP3715 not allocated
----------------------

----------------------
TP3731 not allocated
----------------------

----------------------
TP3747 not allocated
----------------------

----------------------
TP3763 not allocated
----------------------

----------------------
TP3779 not allocated
----------------------

----------------------
TP3795 allocated to 10
----------------------

----------------------
TP3811 allocated to 5
----------------------

----------------------
TP3827 allocated to 12
----------------------

----------------------
TP3843 not allocated
----------------------

----------------------
TP3859 not allocated
----------------------

----------------------
TP3875 not allocated
----------------------

----------------------
TP3891 not allocated
----------------------

----------------------
TP3907 allocated to 10
----------------------

----------------------
TP3923 not allocated
----------------------

----------------------
TP3939 allocated to 14
----------------------

----------------------
TP3955 allocated to 13
----------------------

----------------------
TP3971 allocated to 2
----------------------

----------------------
TP3987 not allocated
----------------------

----------------------
TP4003 allocated to 8
----------------------

----------------------
TP4019 not allocated
----------------------

----------------------
TP4035 not allocated
----------------------

----------------------
TP4051 not allocated
----------------------

----------------------
TP4067 not allocated
----------------------

----------------------
TP4083 not allocated
----------------------

----------------------
TP4099 allocated to 11
----------------------

----------------------
TP4115 not allocated
----------------------

----------------------
TP4131 not allocated
----------------------

----------------------
TP4147 not allocated
----------------------

----------------------
TP4163 not allocated
----------------------

----------------------
TP4179 not allocated
----------------------

----------------------
TP4195 not allocated
----------------------

----------------------
TP4211 not allocated
----------------------

----------------------
TP4227 not allocated
----------------------

----------------------
TP4243 not allocated
----------------------

----------------------
TP4259 not allocated
----------------------

----------------------
TP4275 not allocated
----------------------

----------------------
TP4291 not allocated
----------------------

----------------------
TP4307 allocated to 4
----------------------

----------------------
TP4323 not allocated
----------------------

----------------------
TP4339 allocated to 10
----------------------

----------------------
TP4355 not allocated
----------------------

----------------------
TP4371 not allocated
----------------------

----------------------
TP4387 not allocated
----------------------

----------------------
TP4403 not allocated
----------------------

----------------------
TP4419 allocated to 2
----------------------

----------------------
TP4435 not allocated
----------------------

----------------------
TP4451 not allocated
----------------------

----------------------
TP4467 not allocated
----------------------

----------------------
TP4483 not allocated
----------------------

----------------------
TP4499 allocated to 10
----------------------

----------------------
TP4515 not allocated
----------------------

----------------------
TP4531 not allocated
----------------------

----------------------
TP4547 not allocated
----------------------

----------------------
TP4563 not allocated
----------------------

----------------------
TP4579 allocated to 4
----------------------

----------------------
TP4595 not allocated
----------------------

----------------------
TP4611 not allocated
----------------------

----------------------
TP4627 allocated to 12
----------------------

----------------------
TP4643 allocated to 2
----------------------

----------------------
TP4659 not allocated
----------------------

----------------------
TP4675 not allocated
----------------------

----------------------
TP4691 allocated to 14
----------------------

----------------------
TP4707 not allocated
----------------------

----------------------
TP4723 not allocated
----------------------

----------------------
TP4739 not allocated
----------------------

----------------------
TP4755 not allocated
----------------------

----------------------
TP4771 not allocated
----------------------

----------------------
TP4787 not allocated
----------------------

----------------------
TP4803 allocated to 11
----------------------

----------------------
TP4819 not allocated
----------------------

----------------------
TP4835 not allocated
----------------------

----------------------
TP4851 allocated to 2
----------------------

----------------------
TP4867 allocated to 5
----------------------

----------------------
TP4883 not allocated
----------------------

----------------------
TP4899 not allocated
----------------------

----------------------
TP4915 not allocated
----------------------

----------------------
TP4931 allocated to 12
----------------------

----------------------
TP4947 allocated to 1
----------------------

----------------------
TP4963 allocated to 13
----------------------

----------------------
TP4979 not allocated
----------------------

----------------------
TP4995 allocated to 11
----------------------

----------------------
TP5011 allocated to 14
----------------------

----------------------
TP5027 not allocated
----------------------

----------------------
TP5043 allocated to 2
----------------------

----------------------
TP5059 allocated to 13
----------------------

----------------------
TP5075 not allocated
----------------------

----------------------
TP5091 not allocated
----------------------

----------------------
TP5107 not allocated
----------------------

----------------------
TP5123 allocated to 5
----------------------

----------------------
TP5139 not allocated
----------------------

----------------------
TP5155 not allocated
----------------------

----------------------
TP5171 not allocated
----------------------

----------------------
TP5187 not allocated
----------------------

----------------------
TP5203 not allocated
----------------------

----------------------
TP5219 not allocated
----------------------

----------------------
TP5235 not allocated
----------------------

----------------------
TP5251 not allocated
----------------------

----------------------
TP5267 not allocated
----------------------

----------------------
TP5283 allocated to 10
----------------------

----------------------
TP5299 allocated to 5
----------------------

----------------------
TP5315 not allocated
----------------------

----------------------
TP5331 not allocated
----------------------

----------------------
TP5347 not allocated
----------------------

----------------------
TP5363 allocated to 14
----------------------

----------------------
TP5379 not allocated
----------------------

----------------------
TP5395 not allocated
----------------------

----------------------
TP5411 allocated to 1
----------------------

----------------------
TP5427 not allocated
----------------------

----------------------
TP5443 not allocated
----------------------

----------------------
TP5459 allocated to 4
----------------------

----------------------
TP5475 not allocated
----------------------

----------------------
TP5491 not allocated
----------------------

----------------------
TP5507 not allocated
----------------------

----------------------
TP5523 not allocated
----------------------

----------------------
TP5539 not allocated
----------------------

----------------------
TP5555 not allocated
----------------------

----------------------
TP5571 not allocated
----------------------

----------------------
TP5587 not allocated
----------------------

----------------------
TP5603 allocated to 2
----------------------

----------------------
TP5619 not allocated
----------------------

----------------------
TP5635 allocated to 11
----------------------

----------------------
TP5651 allocated to 5
----------------------

----------------------
TP5667 allocated to 2
----------------------

----------------------
TP5683 allocated to 1
----------------------

----------------------
TP5699 not allocated
----------------------

----------------------
TP5715 not allocated
----------------------

----------------------
TP5731 not allocated
----------------------

----------------------
TP5747 not allocated
----------------------

----------------------
TP5763 not allocated
----------------------

----------------------
TP5779 not allocated
----------------------

----------------------
TP5795 not allocated
----------------------

----------------------
TP5811 allocated to 4
----------------------

----------------------
TP5827 allocated to 14
----------------------

----------------------
TP5843 not allocated
----------------------

----------------------
TP5859 not allocated
----------------------

----------------------
TP5875 not allocated
----------------------

----------------------
TP5891 allocated to 12
----------------------

----------------------
TP5907 not allocated
----------------------

----------------------
TP5923 not allocated
----------------------

----------------------
TP5939 not allocated
----------------------

----------------------
TP5955 not allocated
----------------------

----------------------
TP5971 not allocated
----------------------

----------------------
TP5987 allocated to 14
----------------------

----------------------
TP6003 not allocated
----------------------

----------------------
TP6019 not allocated
----------------------

----------------------
TP6035 not allocated
----------------------

----------------------
TP6051 not allocated
----------------------

----------------------
TP6067 not allocated
----------------------

----------------------
TP6083 not allocated
----------------------

----------------------
TP6099 not allocated
----------------------

----------------------
TP6115 allocated to 5
----------------------

----------------------
TP6131 not allocated
----------------------

----------------------
TP6147 not allocated
----------------------

----------------------
TP6163 not allocated
----------------------

----------------------
TP6179 not allocated
----------------------

----------------------
TP6195 not allocated
----------------------

----------------------
TP6211 not allocated
----------------------

----------------------
TP6227 not allocated
----------------------

----------------------
TP6243 allocated to 5
----------------------

----------------------
TP6259 not allocated
----------------------

----------------------
TP6275 not allocated
----------------------

----------------------
TP6291 not allocated
----------------------

----------------------
TP6307 not allocated
----------------------

----------------------
TP6323 allocated to 13
----------------------

----------------------
TP6339 not allocated
----------------------

----------------------
TP6355 not allocated
----------------------

----------------------
TP6371 allocated to 4
----------------------

----------------------
TP6387 not allocated
----------------------

----------------------
TP6403 not allocated
----------------------

----------------------
TP6419 not allocated
----------------------

----------------------
TP6435 allocated to 13
----------------------

----------------------
TP6451 not allocated
----------------------

----------------------
TP6467 not allocated
----------------------

----------------------
TP6483 not allocated
----------------------

----------------------
TP6499 not allocated
----------------------

----------------------
TP6515 not allocated
----------------------

----------------------
TP6531 not allocated
----------------------

----------------------
TP6547 not allocated
----------------------

----------------------
TP6563 not allocated
----------------------

----------------------
TP6579 not allocated
----------------------

----------------------
TP6595 not allocated
----------------------

----------------------
TP6611 not allocated
----------------------

----------------------
TP6627 not allocated
----------------------

----------------------
TP6643 not allocated
----------------------

----------------------
TP6659 not allocated
----------------------

----------------------
TP6675 allocated to 14
----------------------

----------------------
TP6691 not allocated
----------------------

----------------------
TP6707 allocated to 4
----------------------

----------------------
TP6723 not allocated
----------------------

----------------------
TP6739 not allocated
----------------------

----------------------
TP6755 not allocated
----------------------

----------------------
TP6771 not allocated
----------------------

----------------------
TP6787 not allocated
----------------------

----------------------
TP6803 not allocated
----------------------

----------------------
TP6819 not allocated
----------------------

----------------------
TP6835 allocated to 3
----------------------

----------------------
TP6851 not allocated
----------------------

----------------------
TP6867 not allocated
----------------------

----------------------
TP6883 not allocated
----------------------

----------------------
TP6899 not allocated
----------------------

----------------------
TP6915 not allocated
----------------------

----------------------
TP6931 not allocated
----------------------

----------------------
TP6947 not allocated
----------------------

----------------------
TP6963 not allocated
----------------------

----------------------
TP6979 not allocated
----------------------

----------------------
TP6995 allocated to 1
----------------------

----------------------
TP7011 not allocated
----------------------

----------------------
TP7027 not allocated
----------------------

----------------------
TP7043 not allocated
----------------------

----------------------
TP7059 allocated to 13
----------------------

----------------------
TP7075 not allocated
----------------------

----------------------
TP7091 not allocated
----------------------

----------------------
TP7107 not allocated
----------------------

----------------------
TP7123 not allocated
----------------------

----------------------
TP7139 allocated to 12
----------------------

----------------------
TP7155 allocated to 14
----------------------

----------------------
TP7171 not allocated
----------------------

----------------------
TP7187 allocated to 4
----------------------

----------------------
TP7203 not allocated
----------------------

----------------------
TP7219 not allocated
----------------------

----------------------
TP7235 not allocated
----------------------

----------------------
TP7251 not allocated
----------------------

----------------------
TP7267 not allocated
----------------------

----------------------
TP7283 not allocated
----------------------

----------------------
TP7299 not allocated
----------------------

----------------------
TP7315 not allocated
----------------------

----------------------
TP7331 not allocated
----------------------

----------------------
TP7347 not allocated
----------------------

----------------------
TP7363 not allocated
----------------------

----------------------
TP7379 not allocated
----------------------

----------------------
TP7395 not allocated
----------------------

----------------------
TP7411 not allocated
----------------------

----------------------
TP7427 not allocated
----------------------

----------------------
TP7443 not allocated
----------------------

----------------------
TP7459 allocated to 13
----------------------

----------------------
TP7475 not allocated
----------------------

----------------------
TP7491 not allocated
----------------------

----------------------
TP7507 not allocated
----------------------

----------------------
TP7523 not allocated
----------------------

----------------------
TP7539 not allocated
----------------------

----------------------
TP7555 not allocated
----------------------

----------------------
TP7571 allocated to 14
----------------------

----------------------
TP7587 not allocated
----------------------

----------------------
TP7603 not allocated
----------------------

----------------------
TP7619 allocated to 5
----------------------

----------------------
TP7635 not allocated
----------------------

----------------------
TP7651 not allocated
----------------------

----------------------
TP7667 not allocated
----------------------

----------------------
TP7683 not allocated
----------------------

----------------------
TP7699 not allocated
----------------------

----------------------
TP7715 not allocated
----------------------

----------------------
TP7731 not allocated
----------------------

----------------------
TP7747 not allocated
----------------------

----------------------
TP7763 not allocated
----------------------

----------------------
TP7779 not allocated
----------------------

----------------------
TP7795 not allocated
----------------------

----------------------
TP7811 not allocated
----------------------

----------------------
TP7827 not allocated
----------------------

----------------------
TP7843 not allocated
----------------------

----------------------
TP7859 not allocated
----------------------

----------------------
TP7875 not allocated
----------------------

----------------------
TP7891 not allocated
----------------------

----------------------
TP7907 not allocated
----------------------

----------------------
TP7923 not allocated
----------------------

----------------------
TP7939 not allocated
----------------------

----------------------
TP7955 not allocated
----------------------

----------------------
TP7971 not allocated
----------------------

----------------------
TP7987 not allocated
----------------------

----------------------
TP8003 not allocated
----------------------

----------------------
TP8019 not allocated
----------------------

----------------------
TP8035 not allocated
----------------------

----------------------
TP8051 not allocated
----------------------

----------------------
TP8067 not allocated
----------------------

----------------------
TP8083 not allocated
----------------------

----------------------
TP8099 not allocated
----------------------

----------------------
TP8115 allocated to 5
----------------------

----------------------
TP8131 not allocated
----------------------

----------------------
TP8147 allocated to 12
----------------------

----------------------
TP8163 not allocated
----------------------

----------------------
TP8179 not allocated
----------------------

----------------------
TP8195 not allocated
----------------------

----------------------
TP8211 not allocated
----------------------

----------------------
TP8227 not allocated
----------------------

----------------------
TP8243 not allocated
----------------------

----------------------
TP8259 not allocated
----------------------

----------------------
TP8275 not allocated
----------------------

----------------------
TP8291 not allocated
----------------------

----------------------
TP8307 allocated to 14
----------------------

----------------------
TP8323 not allocated
----------------------

----------------------
TP8339 allocated to 4
----------------------

----------------------
TP8355 allocated to 2
----------------------

----------------------
TP8371 not allocated
----------------------

----------------------
TP8387 not allocated
----------------------

----------------------
TP8403 not allocated
----------------------

----------------------
TP8419 not allocated
----------------------

----------------------
TP8435 allocated to 9
----------------------

----------------------
TP8451 not allocated
----------------------

----------------------
TP8467 not allocated
----------------------

----------------------
TP8483 not allocated
----------------------

----------------------
TP8499 allocated to 12
----------------------

----------------------
TP8515 not allocated
----------------------

----------------------
TP8531 not allocated
----------------------

----------------------
TP8547 not allocated
----------------------

----------------------
TP8563 allocated to 13
----------------------

----------------------
TP8579 not allocated
----------------------

----------------------
TP8595 allocated to 14
----------------------

----------------------
TP8611 not allocated
----------------------

----------------------
TP8627 not allocated
----------------------

----------------------
TP8643 not allocated
----------------------

----------------------
TP8659 not allocated
----------------------

----------------------
TP8675 not allocated
----------------------

----------------------
TP8691 not allocated
----------------------

----------------------
TP8707 not allocated
----------------------

----------------------
TP8723 not allocated
----------------------

----------------------
TP8739 not allocated
----------------------

----------------------
TP8755 not allocated
----------------------

----------------------
TP8771 allocated to 13
----------------------

----------------------
TP8787 not allocated
----------------------

----------------------
TP8803 not allocated
----------------------

----------------------
TP8819 not allocated
----------------------

----------------------
TP8835 not allocated
----------------------

----------------------
TP8851 not allocated
----------------------

----------------------
TP8867 allocated to 12
----------------------

----------------------
TP8883 not allocated
----------------------

----------------------
TP8899 not allocated
----------------------

----------------------
TP8915 not allocated
----------------------

----------------------
TP8931 not allocated
----------------------

----------------------
TP8947 not allocated
----------------------

----------------------
TP8963 not allocated
----------------------

----------------------
TP8979 not allocated
----------------------

----------------------
TP8995 not allocated
----------------------

----------------------
TP9011 allocated to 13
----------------------

----------------------
TP9027 not allocated
----------------------

----------------------
TP9043 not allocated
----------------------

----------------------
TP9059 allocated to 14
----------------------

----------------------
TP9075 allocated to 12
----------------------

----------------------
TP9091 not allocated
----------------------

----------------------
TP9107 not allocated
----------------------

----------------------
TP9123 not allocated
----------------------

----------------------
TP9139 not allocated
----------------------

----------------------
TP9155 allocated to 12
----------------------

----------------------
TP9171 not allocated
----------------------

----------------------
TP9187 not allocated
----------------------

----------------------
TP9203 not allocated
----------------------

----------------------
TP9219 not allocated
----------------------

----------------------
TP9235 allocated to 9
----------------------

----------------------
TP9251 not allocated
----------------------

----------------------
TP9267 not allocated
----------------------

----------------------
TP9283 not allocated
----------------------

----------------------
TP9299 allocated to 14
----------------------

----------------------
TP9315 not allocated
----------------------

----------------------
TP9331 not allocated
----------------------

----------------------
TP9347 allocated to 9
----------------------

----------------------
TP9363 not allocated
----------------------

----------------------
TP9379 not allocated
----------------------

----------------------
TP9395 not allocated
----------------------

----------------------
TP9411 not allocated
----------------------

----------------------
TP9427 allocated to 6
----------------------

----------------------
TP9443 not allocated
----------------------

----------------------
TP9459 not allocated
----------------------

----------------------
TP9475 not allocated
----------------------

----------------------
TP9491 allocated to 13
----------------------

----------------------
TP9507 not allocated
----------------------

----------------------
TP9523 not allocated
----------------------

----------------------
TP9539 allocated to 14
----------------------

----------------------
TP9555 not allocated
----------------------

----------------------
TP9571 not allocated
----------------------

----------------------
TP9587 not allocated
----------------------

----------------------
TP9603 not allocated
----------------------

----------------------
TP9619 allocated to 13
----------------------

----------------------
TP9635 allocated to 13
----------------------

----------------------
TP9651 not allocated
----------------------

----------------------
TP9667 not allocated
----------------------

----------------------
TP9683 not allocated
----------------------

----------------------
TP9699 not allocated
----------------------

----------------------
TP9715 not allocated
----------------------

----------------------
TP9731 allocated to 12
----------------------

----------------------
TP9747 not allocated
----------------------

----------------------
TP9763 allocated to 14
----------------------

----------------------
TP9779 not allocated
----------------------

----------------------
TP9795 not allocated
----------------------

----------------------
TP9811 allocated to 12
----------------------

----------------------
TP9827 not allocated
----------------------

----------------------
TP9843 not allocated
----------------------

----------------------
TP9859 not allocated
----------------------

----------------------
TP9875 allocated to 9
----------------------

----------------------
TP9891 not allocated
----------------------

----------------------
TP9907 not allocated
----------------------

----------------------
TP9923 not allocated
----------------------

----------------------
TP9939 not allocated
----------------------

----------------------
TP9955 not allocated
----------------------

----------------------
TP9971 not allocated
----------------------

----------------------
TP9987 not allocated
----------------------

-------------------------------------------------------------------------

Ride-sharing vs Individual Mode - Num Vehicles and Distance Comparisson 

-------------------------------------------------------------------------
Individual Mode = 625 vehicles.
Ride-sharing Mode = 415 vehicles. The 14 ride-sharing vehicles + 401 vehicles of the individuals not served by the ride-sharing service.
-------------------------------------------------------------------------
Individual Mode = 795192 distance.
Ride-sharing Mode = 942544 distance. 489732 from the EV fleet + 452812 from the distance of the trips not covered individuals had to do with their own vehicle.
-------------------------------------------------------------------------
