10000 10000 50000
1
5 1250 6250
77
1 5 0 35632 5
0
2 5 0 35632 5
0
3 5 0 35632 5
0
4 5 0 35632 5
0
5 5 0 35632 5
0
6 5 0 35632 5
0
7 5 0 35632 5
0
8 5 0 35632 5
0
9 5 0 35632 5
0
10 5 0 35632 5
0
11 5 0 35632 5
0
12 5 0 35632 5
0
13 5 0 35632 5
0
14 5 0 35632 5
0
15 5 0 35632 5
0
16 5 0 35632 5
0
17 5 0 35632 5
0
18 5 0 35632 5
0
19 5 0 35632 5
0
20 5 0 35632 5
0
21 5 0 35632 5
0
22 5 0 35632 5
0
23 5 0 35632 5
0
24 5 0 35632 5
0
25 5 0 35632 5
0
26 5 0 35632 5
0
27 5 0 35632 5
0
28 5 0 35632 5
0
29 5 0 35632 5
0
30 5 0 35632 5
0
31 5 0 35632 5
0
32 5 0 35632 5
0
33 5 0 35632 5
0
34 5 0 35632 5
0
35 5 0 35632 5
0
36 5 0 35632 5
0
37 5 0 35632 5
0
38 5 0 35632 5
0
39 5 0 35632 5
0
40 5 0 35632 5
0
41 5 0 35632 5
0
42 5 0 35632 5
0
43 5 0 35632 5
0
44 5 0 35632 5
0
45 5 0 35632 5
0
46 5 0 35632 5
0
47 5 0 35632 5
0
48 5 0 35632 5
0
49 5 0 35632 5
0
50 5 0 35632 5
0
51 5 0 35632 5
0
52 5 0 35632 5
0
53 5 0 35632 5
0
54 5 0 35632 5
0
55 5 0 35632 5
0
56 5 0 35632 5
0
57 5 0 35632 5
0
58 5 0 35632 5
0
59 5 0 35632 5
0
60 5 0 35632 5
0
61 5 0 35632 5
0
62 5 0 35632 5
0
63 5 0 35632 5
0
64 5 0 35632 5
0
65 5 0 35632 5
0
66 5 0 35632 5
0
67 5 0 35632 5
0
68 5 0 35632 5
0
69 5 0 35632 5
0
70 5 0 35632 5
0
71 5 0 35632 5
0
72 5 0 35632 5
0
73 5 0 35632 5
0
74 5 0 35632 5
0
75 5 0 35632 5
0
76 5 0 35632 5
0
77 5 0 35632 5
0
625
5 5 -1
1, 2136, 1148, 2350, 1082, 1, 140, 281, 420
21 5 -1
1, 2520, 798, 2213, 1075, 1, 292, 585, 876
37 5 -1
1, 2816, 1532, 3205, 217, 1, 852, 1705, 2556
53 5 -1
1, 2997, 739, 1863, 1074, 1, 735, 1470, 2204
69 5 -1
1, 3368, 735, 9999, 7818, 1, 6857, 13715, 20571
85 5 -1
108, 2758, 956, 3332, 1627, 215, 837, 1460, 2082
101 5 -1
499, 2236, 1862, 2264, 500, 998, 1692, 2388, 3082
117 5 -1
872, 2519, 1555, 3075, 698, 1743, 2449, 3156, 3862
133 5 -1
1236, 2663, 1291, 3325, 996, 2472, 2950, 3429, 3907
149 5 -1
1565, 2380, 523, 2230, 383, 3130, 3274, 3420, 3564
165 5 -1
1848, 2778, 1014, 1604, 9916, 3695, 8732, 13771, 18808
181 5 -1
2100, 2971, 246, 2471, 839, 4200, 4746, 5293, 5839
197 5 -1
2259, 2321, 1328, 3273, 295, 4518, 5510, 6503, 7495
213 5 -1
2487, 2567, 1282, 2879, 686, 4974, 5427, 5882, 6335
229 5 -1
2658, 3094, 1573, 2881, 1954, 5316, 5612, 5910, 6206
245 5 -1
2850, 2974, 1160, 3785, 2169, 5699, 6608, 7519, 8428
261 5 -1
3048, 3039, 937, 2839, 2077, 6095, 6764, 7435, 8104
277 5 -1
3272, 2129, 1732, 1686, 307, 6543, 7476, 8411, 9344
293 5 -1
3412, 3198, 1857, 9999, 8254, 6824, 13422, 20022, 26620
309 5 -1
3561, 3399, 1564, 2368, 1172, 7121, 7832, 8544, 9255
325 5 -1
3660, 2623, 728, 9999, 7805, 7319, 14545, 21772, 28998
341 5 -1
3884, 3153, 457, 2786, 767, 7767, 8105, 8444, 8782
357 5 -1
4047, 2305, 1515, 2854, 1146, 8093, 8551, 9011, 9469
373 5 -1
4199, 1840, 912, 2639, 1258, 8397, 8969, 9542, 10114
389 5 -1
4345, 3172, 864, 2971, 1336, 8690, 9026, 9363, 9699
405 5 -1
4530, 1878, 1739, 3052, 700, 9059, 10165, 11272, 12378
421 5 -1
4669, 3200, 722, 2324, 1017, 9338, 9923, 10509, 11094
437 5 -1
4806, 2815, 1644, 2332, 252, 9611, 10548, 11486, 12423
453 5 -1
4887, 2773, 1811, 2884, 1119, 9773, 10174, 10576, 10977
469 5 -1
4988, 2363, 606, 9999, 240, 9975, 13975, 17977, 21977
485 5 -1
5162, 3242, 1210, 2057, 669, 10324, 11186, 12050, 12912
501 5 -1
5263, 2523, 1351, 2906, 398, 10525, 11192, 11861, 12528
517 5 -1
5358, 2042, 963, 3251, 1526, 10716, 11601, 12488, 13373
533 5 -1
5483, 3167, 1611, 2303, 986, 10966, 11710, 12455, 13199
549 5 -1
5568, 3405, 768, 3042, 1215, 11136, 11540, 11946, 12350
565 5 -1
5695, 3249, 1421, 9999, 8815, 11389, 18460, 25533, 32604
581 5 -1
5862, 2764, 924, 2879, 1517, 11724, 12077, 12432, 12785
597 5 -1
5938, 3516, 873, 2966, 541, 11875, 12315, 12757, 13197
613 5 -1
6050, 3027, 1124, 2451, 1439, 12099, 12544, 12990, 13435
629 5 -1
6157, 2483, 679, 9999, 758, 12314, 16111, 19909, 23706
645 5 -1
6246, 2626, 1502, 3254, 520, 12491, 13295, 14101, 14905
661 5 -1
6301, 3642, 120, 3093, 1845, 12601, 13737, 14875, 16011
677 5 -1
6407, 2300, 1578, 2975, 1569, 12814, 13155, 13498, 13839
693 5 -1
6487, 3178, 1691, 3201, 423, 12974, 13619, 14265, 14910
709 5 -1
6582, 3211, 1694, 2929, 640, 13164, 13831, 14500, 15167
725 5 -1
6656, 3051, 1887, 2860, 898, 13312, 13901, 14492, 15081
741 5 -1
6734, 2916, 711, 2441, 817, 13468, 13758, 14049, 14339
757 5 -1
6816, 2414, 885, 2621, 1440, 13631, 14011, 14393, 14773
773 5 -1
6867, 2927, 1165, 2287, 922, 13734, 14175, 14617, 15058
789 5 -1
6937, 2712, 799, 2388, 1463, 13874, 14367, 14862, 15355
805 5 -1
7006, 3502, 778, 2219, 420, 14011, 14831, 15652, 16472
821 5 -1
7103, 2551, 1189, 2837, 633, 14206, 14626, 15048, 15468
837 5 -1
7170, 2739, 957, 3868, 750, 14339, 15006, 15675, 16342
853 5 -1
7248, 2644, 1121, 2876, 264, 14496, 15040, 15585, 16129
869 5 -1
7362, 1740, 1549, 3259, 531, 14724, 15992, 17261, 18529
885 5 -1
7418, 2937, 1278, 3466, 1267, 14836, 15105, 15376, 15645
901 5 -1
7468, 2732, 1284, 3576, 593, 14936, 15703, 16471, 17238
917 5 -1
7506, 2052, 1167, 2288, 937, 15012, 15244, 15478, 15710
933 5 -1
7585, 2665, 438, 835, 3295, 15169, 17512, 19856, 22199
949 5 -1
7663, 3341, 1462, 2017, 1140, 15326, 16148, 16972, 17794
965 5 -1
7716, 3564, 1502, 2689, 1106, 15432, 16067, 16703, 17338
981 5 -1
7787, 2948, 1086, 3085, 144, 15574, 16113, 16653, 17192
997 5 -1
7842, 2435, 1476, 2593, 886, 15684, 16057, 16432, 16805
1013 5 -1
7876, 2813, 722, 2303, 572, 15752, 16081, 16412, 16741
1029 5 -1
7924, 2968, 1412, 2738, 1024, 15848, 16156, 16466, 16774
1045 5 -1
7963, 2417, 826, 2967, 1006, 15925, 16289, 16655, 17019
1061 5 -1
8004, 2840, 482, 3557, 1108, 16008, 16679, 17351, 18022
1077 5 -1
8062, 3155, 1069, 2285, 595, 16123, 16794, 17467, 18138
1093 5 -1
8118, 2421, 1335, 2974, 1477, 16236, 16583, 16931, 17278
1109 5 -1
8172, 2414, 865, 2847, 1720, 16343, 16986, 17631, 18274
1125 5 -1
8231, 2113, 1438, 2887, 1408, 16461, 16862, 17265, 17666
1141 5 -1
8284, 4697, 1777, 2947, 1032, 16568, 17815, 19063, 20310
1157 5 -1
8317, 2636, 1908, 2590, 188, 16634, 17516, 18400, 19282
1173 5 -1
8354, 1909, 1268, 1337, 430, 16707, 17411, 18117, 18821
1189 5 -1
8377, 3125, 1635, 143, 3907, 16754, 19380, 22008, 24634
1205 5 -1
8426, 2626, 81, 2850, 1299, 16851, 17571, 18293, 19013
1221 5 -1
8469, 2714, 466, 2730, 1494, 16937, 17458, 17981, 18502
1237 5 -1
8517, 4014, 62, 3209, 503, 17034, 17656, 18280, 18902
1253 5 -1
8552, 2901, 1334, 2797, 1999, 17104, 17488, 17873, 18257
1269 5 -1
8599, 3003, 1494, 2720, 261, 17197, 17954, 18713, 19470
1285 5 -1
8677, 2844, 1082, 1948, 1140, 17354, 17830, 18308, 18784
1301 5 -1
8723, 2535, 2075, 2587, 934, 17446, 18042, 18639, 19235
1317 5 -1
8768, 3320, 1186, 3155, 1156, 17535, 17632, 17730, 17827
1333 5 -1
8826, 3496, 708, 2732, 1426, 17652, 18392, 19134, 19874
1349 5 -1
8872, 4019, 273, 1672, 489, 17744, 19025, 20307, 21588
1365 5 -1
8913, 3060, 310, 2326, 1310, 17825, 18691, 19559, 20425
1381 5 -1
8949, 2569, 1041, 2524, 2056, 17897, 18426, 18957, 19486
1397 5 -1
8984, 3144, 2202, 2441, 1332, 17967, 18753, 19540, 20326
1413 5 -1
9021, 3272, 946, 2575, 1040, 18042, 18437, 18833, 19228
1429 5 -1
9073, 2321, 507, 3537, 1722, 18146, 19361, 20577, 21792
1445 5 -1
9104, 3015, 1280, 2667, 931, 18208, 18556, 18905, 19253
1461 5 -1
9134, 3062, 1296, 1286, 9756, 18268, 23385, 28504, 33621
1477 5 -1
9183, 1737, 1660, 2662, 1228, 18365, 19043, 19722, 20400
1493 5 -1
9219, 2439, 1204, 2540, 1148, 18437, 18515, 18594, 18672
1509 5 -1
9271, 2947, 1344, 3158, 989, 18541, 18823, 19107, 19389
1525 5 -1
9316, 2470, 1976, 3278, 1141, 18632, 19453, 20275, 21096
1541 5 -1
9361, 2627, 1189, 4377, 936, 18722, 19723, 20725, 21726
1557 5 -1
9415, 3200, 724, 3028, 928, 18829, 19016, 19205, 19392
1573 5 -1
9443, 3742, 1411, 2529, 1307, 18886, 19544, 20203, 20861
1589 5 -1
9495, 2672, 1929, 2567, 333, 18989, 19839, 20690, 21540
1605 5 -1
9537, 2729, 740, 2533, 1055, 19074, 19329, 19585, 19840
1621 5 -1
9583, 2913, 726, 2756, 1544, 19166, 19653, 20141, 20628
1637 5 -1
9637, 2197, 1949, 2280, 959, 19274, 19810, 20347, 20883
1653 5 -1
9688, 2373, 499, 2723, 1848, 19375, 20224, 21074, 21923
1669 5 -1
9754, 2810, 1158, 2504, 952, 19508, 19763, 20020, 20275
1685 5 -1
9781, 3832, 714, 3026, 806, 19562, 20010, 20460, 20908
1701 5 -1
9827, 2762, 711, 9999, 6170, 19654, 26001, 32350, 38697
1717 5 -1
9867, 2143, 817, 2289, 1335, 19733, 20064, 20397, 20728
1733 5 -1
9904, 3305, 1611, 2342, 1798, 19807, 20381, 20957, 21531
1749 5 -1
9938, 2512, 607, 3287, 428, 19876, 20352, 20830, 21306
1765 5 -1
9994, 3249, 191, 3078, 14, 19988, 20161, 20336, 20509
1781 5 -1
10038, 2768, 630, 2760, 1294, 20076, 20411, 20748, 21083
1797 5 -1
10087, 1998, 1043, 2619, 496, 20174, 20757, 21342, 21925
1813 5 -1
10127, 3255, 1350, 3204, 383, 20254, 20762, 21272, 21780
1829 5 -1
10155, 2391, 720, 1885, 888, 20309, 20645, 20983, 21319
1845 5 -1
10202, 2534, 1245, 2716, 2011, 20404, 20877, 21352, 21825
1861 5 -1
10231, 1920, 635, 2925, 1187, 20461, 21239, 22018, 22796
1877 5 -1
10273, 2712, 1487, 3368, 1376, 20545, 20928, 21312, 21695
1893 5 -1
10312, 2778, 1040, 1400, 139, 20623, 21762, 22902, 24041
1909 5 -1
10354, 3147, 618, 9999, 9097, 20708, 28373, 36039, 43704
1925 5 -1
10394, 2745, 1153, 3068, 1770, 20788, 21257, 21728, 22197
1941 5 -1
10434, 2086, 1121, 9999, 5787, 20868, 27157, 33447, 39736
1957 5 -1
10468, 2652, 1762, 2876, 1948, 20935, 21139, 21345, 21549
1973 5 -1
10503, 2652, 1781, 3366, 717, 21006, 21894, 22784, 23672
1989 5 -1
10537, 3211, 1839, 2457, 1342, 21074, 21699, 22325, 22950
2005 5 -1
10568, 2037, 1000, 2889, 868, 21135, 21626, 22119, 22610
2021 5 -1
10589, 2461, 443, 2807, 1415, 21177, 21835, 22495, 23153
2037 5 -1
10624, 2370, 159, 2759, 1027, 21247, 21875, 22504, 23132
2053 5 -1
10645, 2769, 569, 2229, 1672, 21289, 22110, 22932, 23753
2069 5 -1
10673, 3377, 1225, 2252, 25, 21345, 22507, 23670, 24832
2085 5 -1
10690, 2170, 319, 2925, 1269, 21380, 22232, 23085, 23937
2101 5 -1
10729, 2832, 721, 2264, 54, 21458, 22075, 22693, 23310
2117 5 -1
10758, 2986, 99, 2573, 925, 21516, 22135, 22755, 23374
2133 5 -1
10789, 2408, 772, 3310, 1023, 21578, 22154, 22731, 23307
2149 5 -1
10826, 2813, 1343, 4077, 1887, 21651, 22554, 23459, 24362
2165 5 -1
10860, 3147, 309, 2654, 1699, 21720, 22661, 23603, 24544
2181 5 -1
10908, 3149, 678, 2353, 1472, 21816, 22610, 23406, 24200
2197 5 -1
10945, 2712, 365, 2774, 892, 21890, 22184, 22479, 22773
2213 5 -1
10978, 3296, 751, 2917, 780, 21955, 22158, 22363, 22566
2229 5 -1
11014, 3550, 1956, 3051, 1235, 22028, 22637, 23248, 23857
2245 5 -1
11044, 3410, 881, 2836, 328, 22088, 22651, 23215, 23778
2261 5 -1
11086, 2156, 958, 2934, 1624, 22172, 22893, 23616, 24337
2277 5 -1
11116, 3190, 1143, 2808, 755, 22231, 22615, 23001, 23385
2293 5 -1
11145, 2425, 1055, 3345, 1332, 22290, 22888, 23487, 24085
2309 5 -1
11173, 3078, 1058, 2397, 1413, 22345, 22862, 23381, 23898
2325 5 -1
11210, 2472, 1060, 2799, 576, 22419, 22824, 23230, 23635
2341 5 -1
11238, 2774, 1282, 2878, 1724, 22475, 22747, 23021, 23293
2357 5 -1
11265, 3988, 964, 2270, 691, 22529, 23524, 24520, 25515
2373 5 -1
11305, 3627, 1217, 3196, 801, 22609, 23032, 23456, 23879
2389 5 -1
11343, 3014, 2227, 9999, 156, 22686, 27213, 31742, 36269
2405 5 -1
11370, 2967, 961, 2988, 1062, 22739, 22799, 22861, 22921
2421 5 -1
11403, 3276, 369, 2202, 1332, 22806, 23824, 24843, 25861
2437 5 -1
11437, 2781, 825, 2546, 135, 22874, 23336, 23799, 24261
2453 5 -1
11464, 3074, 1451, 3242, 417, 22928, 23528, 24130, 24730
2469 5 -1
11499, 2601, 1499, 3176, 879, 22997, 23594, 24192, 24789
2485 5 -1
11535, 2727, 706, 3904, 1218, 23070, 23914, 24759, 25603
2501 5 -1
11560, 2136, 1991, 2893, 954, 23120, 24016, 24914, 25810
2517 5 -1
11599, 2620, 487, 3237, 1007, 23198, 23766, 24335, 24903
2533 5 -1
11623, 2926, 1507, 2370, 1007, 23245, 23772, 24301, 24828
2549 5 -1
11656, 2139, 1225, 2373, 1773, 23312, 23702, 24094, 24484
2565 5 -1
11676, 3144, 1623, 872, 1461, 23351, 24567, 25785, 27001
2581 5 -1
11712, 2865, 1246, 2861, 1750, 23424, 23677, 23932, 24185
2597 5 -1
11749, 2692, 1324, 3938, 428, 23498, 24568, 25640, 26710
2613 5 -1
11779, 2415, 1248, 2569, 994, 23558, 23761, 23966, 24169
2629 5 -1
11815, 2417, 1194, 2916, 1403, 23629, 23982, 24337, 24690
2645 5 -1
11838, 3034, 689, 2913, 1426, 23676, 24104, 24534, 24962
2661 5 -1
11878, 2477, 935, 2645, 52, 23756, 24281, 24807, 25332
2677 5 -1
11907, 3350, 1085, 3447, 1136, 23814, 23887, 23962, 24035
2693 5 -1
11944, 3009, 1044, 3387, 772, 23887, 24211, 24537, 24861
2709 5 -1
11968, 3064, 1865, 2434, 1373, 23936, 24496, 25058, 25618
2725 5 -1
11991, 2134, 517, 2221, 545, 23981, 24038, 24096, 24153
2741 5 -1
12037, 2106, 1835, 9999, 780, 24073, 28546, 33021, 37494
2757 5 -1
12066, 3724, 806, 2261, 333, 24132, 25099, 26068, 27035
2773 5 -1
12090, 2872, 997, 3867, 327, 24180, 25012, 25845, 26677
2789 5 -1
12133, 3295, 1115, 2778, 573, 24266, 24795, 25325, 25854
2805 5 -1
12153, 2747, 865, 2580, 1847, 24305, 24879, 25454, 26028
2821 5 -1
12183, 3553, 1739, 3433, 751, 24365, 24918, 25473, 26026
2837 5 -1
12211, 3315, 1396, 3608, 1309, 24421, 24610, 24801, 24990
2853 5 -1
12237, 2884, 1228, 2902, 545, 24473, 24823, 25174, 25524
2869 5 -1
12264, 2217, 510, 2168, 782, 24528, 24688, 24849, 25009
2885 5 -1
12290, 2459, 941, 2069, 1056, 24580, 24832, 25085, 25337
2901 5 -1
12323, 2885, 676, 2871, 804, 24646, 24716, 24788, 24858
2917 5 -1
12345, 3288, 1609, 3428, 1107, 24689, 25009, 25331, 25651
2933 5 -1
12376, 3166, 1459, 3354, 2122, 24752, 25177, 25603, 26028
2949 5 -1
12396, 2591, 726, 2704, 1474, 24791, 25221, 25652, 26082
2965 5 -1
12419, 2964, 396, 2324, 1025, 24838, 25472, 26107, 26741
2981 5 -1
12453, 2710, 1265, 2308, 1008, 24905, 25234, 25564, 25893
2997 5 -1
12482, 2375, 1233, 1948, 1541, 24963, 25330, 25698, 26065
3013 5 -1
12506, 1971, 1092, 2483, 1008, 25012, 25309, 25608, 25905
3029 5 -1
12529, 2210, 688, 3539, 1277, 25057, 26015, 26975, 27933
3045 5 -1
12553, 2899, 1290, 2789, 269, 25106, 25671, 26237, 26802
3061 5 -1
12577, 2954, 1459, 2726, 256, 25154, 25869, 26585, 27300
3077 5 -1
12598, 2817, 239, 2516, 971, 25196, 25712, 26229, 26745
3093 5 -1
12627, 3040, 554, 2536, 458, 25253, 25552, 25853, 26152
3109 5 -1
12664, 3013, 1188, 2575, 834, 25327, 25722, 26119, 26514
3125 5 -1
12689, 2258, 706, 1956, 613, 25377, 25574, 25772, 25969
3141 5 -1
12726, 3496, 1071, 3056, 705, 25451, 25853, 26257, 26659
3157 5 -1
12748, 2257, 1511, 3477, 1270, 25496, 26226, 26957, 27687
3173 5 -1
12770, 2277, 746, 2311, 977, 25540, 25672, 25805, 25937
3189 5 -1
12792, 2711, 589, 3830, 1253, 25583, 26474, 27366, 28257
3205 5 -1
12817, 3152, 513, 3098, 1300, 25634, 26054, 26475, 26895
3221 5 -1
12832, 3695, 1196, 2224, 1614, 25664, 26608, 27553, 28497
3237 5 -1
12858, 2753, 954, 2481, 881, 25715, 25887, 26060, 26232
3253 5 -1
12880, 2544, 1091, 2156, 1662, 25759, 26238, 26718, 27197
3269 5 -1
12900, 2762, 1081, 2666, 753, 25799, 26010, 26223, 26434
3285 5 -1
12922, 3118, 20, 2950, 1416, 25843, 26624, 27407, 28188
3301 5 -1
12948, 2878, 565, 2480, 1502, 25895, 26562, 27230, 27897
3317 5 -1
12971, 3499, 502, 2363, 1385, 25941, 26950, 27960, 28969
3333 5 -1
13004, 2080, 599, 3352, 1629, 26008, 27158, 28310, 29460
3349 5 -1
13024, 3284, 955, 2193, 334, 26048, 26903, 27760, 28615
3365 5 -1
13052, 3069, 980, 2621, 1220, 26103, 26446, 26791, 27134
3381 5 -1
13071, 3029, 1349, 2325, 1329, 26141, 26502, 26865, 27226
3397 5 -1
13098, 3310, 1508, 2492, 784, 26196, 26966, 27738, 28508
3413 5 -1
13125, 3049, 1272, 2194, 893, 26249, 26865, 27483, 28099
3429 5 -1
13151, 2635, 742, 2721, 1842, 26302, 26894, 27488, 28080
3445 5 -1
13173, 1971, 2284, 3065, 1518, 26345, 27274, 28205, 29134
3461 5 -1
13193, 2971, 1001, 3170, 841, 26386, 26565, 26745, 26924
3477 5 -1
13219, 2457, 1792, 3998, 993, 26438, 27607, 28778, 29947
3493 5 -1
13265, 3160, 777, 2772, 1766, 26529, 27217, 27906, 28594
3509 5 -1
13300, 3783, 1383, 2425, 311, 26599, 27813, 29029, 30243
3525 5 -1
13332, 2862, 700, 2629, 1062, 26664, 26961, 27259, 27556
3541 5 -1
13360, 2835, 1591, 212, 83, 26720, 28785, 30851, 32916
3557 5 -1
13384, 1922, 1282, 2569, 715, 26768, 27374, 27982, 28588
3573 5 -1
13404, 3274, 308, 3126, 898, 26807, 27175, 27545, 27913
3589 5 -1
13429, 2652, 223, 2809, 602, 26858, 27125, 27394, 27661
3605 5 -1
13453, 2222, 799, 2453, 1263, 26905, 27252, 27600, 27947
3621 5 -1
13486, 2806, 976, 3063, 297, 26972, 27439, 27908, 28375
3637 5 -1
13503, 3519, 2102, 3065, 450, 27005, 28057, 29111, 30163
3653 5 -1
13528, 2747, 731, 2608, 724, 27055, 27127, 27201, 27273
3669 5 -1
13547, 2808, 464, 3590, 1459, 27094, 27982, 28871, 29759
3685 5 -1
13582, 3069, 1314, 2983, 456, 27163, 27634, 28107, 28578
3701 5 -1
13609, 2618, 1128, 2209, 1087, 27218, 27442, 27668, 27892
3717 5 -1
13630, 2339, 1112, 4045, 585, 27260, 28376, 29493, 30609
3733 5 -1
13660, 2741, 1968, 3194, 597, 27319, 28230, 29143, 30054
3749 5 -1
13685, 2653, 361, 2684, 1302, 27369, 27854, 28341, 28826
3765 5 -1
13713, 2981, 223, 2024, 807, 27425, 28195, 28966, 29736
3781 5 -1
13739, 2147, 156, 2753, 858, 27477, 28130, 28785, 29438
3797 5 -1
13770, 2903, 740, 2653, 698, 27540, 27685, 27832, 27977
3813 5 -1
13803, 3609, 222, 2874, 463, 27605, 28092, 28581, 29068
3829 5 -1
13834, 2275, 1447, 2762, 605, 27668, 28332, 28997, 29661
3845 5 -1
13864, 3021, 33, 3110, 1298, 27727, 28403, 29081, 29757
3861 5 -1
13885, 2566, 1742, 2913, 668, 27769, 28479, 29190, 29900
3877 5 -1
13921, 2692, 1471, 3648, 342, 27841, 28883, 29926, 30968
3893 5 -1
13936, 2407, 1034, 2586, 1498, 27872, 28193, 28515, 28836
3909 5 -1
13959, 3112, 1847, 2747, 236, 27918, 28905, 29894, 30881
3925 5 -1
13996, 3174, 1037, 2453, 1572, 27992, 28619, 29248, 29875
3941 5 -1
14028, 1776, 915, 3554, 1369, 28056, 29171, 30288, 31403
3957 5 -1
14063, 2900, 1643, 1636, 1264, 28126, 28947, 29769, 30590
3973 5 -1
14094, 3028, 1905, 2152, 1014, 28187, 29070, 29954, 30837
3989 5 -1
14126, 2744, 1438, 2931, 823, 28251, 28651, 29053, 29453
4005 5 -1
14156, 2261, 265, 3194, 1042, 28311, 29165, 30021, 30875
4021 5 -1
14181, 2919, 1239, 1737, 222, 28361, 29460, 30560, 31659
4037 5 -1
14211, 2352, 1156, 2982, 1197, 28422, 28757, 29093, 29428
4053 5 -1
14229, 3021, 1370, 3344, 917, 28457, 28844, 29233, 29620
4069 5 -1
14256, 3177, 2127, 2607, 922, 28511, 29398, 30286, 31173
4085 5 -1
14277, 2158, 1175, 1837, 1880, 28554, 29066, 29580, 30092
4101 5 -1
14299, 3290, 1091, 2752, 1757, 28597, 29198, 29801, 30402
4117 5 -1
14319, 2988, 830, 2961, 747, 28637, 28691, 28747, 28801
4133 5 -1
14341, 2909, 856, 3671, 522, 28681, 29228, 29777, 30324
4149 5 -1
14359, 3106, 1013, 9999, 612, 28717, 32363, 36011, 39657
4165 5 -1
14369, 2983, 1541, 2789, 1125, 28738, 29042, 29348, 29652
4181 5 -1
14399, 1986, 461, 1851, 1288, 28798, 29278, 29760, 30240
4197 5 -1
14417, 2969, 1337, 2782, 1185, 28833, 29002, 29172, 29341
4213 5 -1
14441, 2464, 723, 3085, 1115, 28881, 29387, 29894, 30400
4229 5 -1
14456, 3390, 1074, 3076, 890, 28911, 29159, 29409, 29657
4245 5 -1
14475, 3063, 1086, 1634, 342, 28949, 30035, 31122, 32208
4261 5 -1
14503, 2718, 2058, 2761, 1142, 29006, 29485, 29965, 30444
4277 5 -1
14522, 2933, 1522, 2514, 2147, 29044, 29565, 30088, 30609
4293 5 -1
14537, 3497, 616, 2648, 896, 29074, 29638, 30203, 30767
4309 5 -1
14574, 2106, 1830, 3139, 870, 29147, 30143, 31140, 32136
4325 5 -1
14599, 2688, 1291, 2250, 1581, 29197, 29560, 29925, 30288
4341 5 -1
14619, 2229, 1469, 2860, 2054, 29237, 29844, 30453, 31060
4357 5 -1
14647, 3402, 443, 1898, 1120, 29294, 30384, 31475, 32565
4373 5 -1
14669, 3319, 1219, 3421, 2096, 29338, 29827, 30317, 30806
4389 5 -1
14685, 1978, 365, 3532, 2051, 29369, 30988, 32609, 34228
4405 5 -1
14707, 2314, 950, 2216, 382, 29414, 29746, 30080, 30412
4421 5 -1
14731, 2783, 1237, 2599, 768, 29461, 29787, 30114, 30440
4437 5 -1
14754, 2576, 1948, 2714, 748, 29508, 30176, 30846, 31514
4453 5 -1
14782, 3256, 1658, 3375, 755, 29564, 30074, 30586, 31096
4469 5 -1
14802, 3503, 1749, 3404, 1249, 29603, 29902, 30202, 30501
4485 5 -1
14830, 2828, 549, 2292, 833, 29660, 30069, 30480, 30889
4501 5 -1
14858, 3838, 1177, 3338, 1123, 29716, 29992, 30270, 30546
4517 5 -1
14893, 2821, 2022, 3497, 2005, 29785, 30131, 30478, 30824
4533 5 -1
14914, 3128, 1226, 1813, 709, 29827, 30742, 31659, 32574
4549 5 -1
14941, 2357, 1554, 2939, 1015, 29882, 30442, 31003, 31563
4565 5 -1
14964, 4282, 602, 2470, 954, 29927, 31008, 32091, 33172
4581 5 -1
14990, 1540, 585, 3145, 205, 29979, 30971, 31964, 32956
4597 5 -1
15005, 3392, 1638, 3313, 1177, 30010, 30279, 30550, 30819
4613 5 -1
15033, 2796, 924, 2547, 940, 30065, 30197, 30330, 30462
4629 5 -1
15047, 2132, 942, 2560, 1348, 30094, 30510, 30928, 31344
4645 5 -1
15074, 2420, 920, 2262, 820, 30148, 30276, 30406, 30534
4661 5 -1
15094, 3080, 287, 2714, 756, 30187, 30604, 31022, 31439
4677 5 -1
15119, 2966, 2265, 2780, 289, 30237, 31317, 32399, 33479
4693 5 -1
15136, 2597, 1992, 2248, 1731, 30271, 30575, 30881, 31185
4709 5 -1
15162, 2266, 1837, 2239, 1218, 30324, 30646, 30970, 31292
4725 5 -1
15187, 2062, 1445, 2810, 1390, 30373, 30774, 31176, 31577
4741 5 -1
15206, 3546, 521, 2300, 1599, 30411, 31572, 32735, 33896
4757 5 -1
15229, 3301, 1312, 2635, 863, 30457, 31014, 31572, 32129
4773 5 -1
15253, 2635, 625, 2077, 1872, 30505, 31407, 32310, 33212
4789 5 -1
15271, 3229, 1256, 2339, 1948, 30541, 31331, 32123, 32913
4805 5 -1
15286, 2590, 1004, 468, 146, 30571, 32060, 33551, 35040
4821 5 -1
15307, 2402, 496, 3520, 1062, 30613, 31454, 32297, 33138
4837 5 -1
15329, 2157, 1241, 3106, 793, 30657, 31355, 32054, 32752
4853 5 -1
15352, 4021, 1658, 2860, 1027, 30704, 31599, 32496, 33391
4869 5 -1
15374, 2340, 527, 3456, 592, 30747, 31337, 31928, 32518
4885 5 -1
15396, 3174, 1491, 3797, 1429, 30791, 31133, 31476, 31818
4901 5 -1
15412, 2496, 527, 2900, 1051, 30824, 31287, 31752, 32215
4917 5 -1
15428, 3074, 1212, 2455, 1826, 30855, 31471, 32088, 32704
4933 5 -1
15447, 3164, 1744, 2964, 1233, 30894, 31249, 31605, 31960
4949 5 -1
15484, 3141, 564, 1916, 1303, 30967, 31948, 32931, 33912
4965 5 -1
15510, 1838, 638, 2094, 917, 31020, 31287, 31555, 31822
4981 5 -1
15541, 2692, 244, 2637, 95, 31082, 31183, 31286, 31387
4997 5 -1
15562, 2217, 565, 1727, 246, 31123, 31527, 31932, 32336
5013 5 -1
15581, 2964, 466, 2981, 1176, 31162, 31525, 31889, 32252
5029 5 -1
15598, 2986, 1388, 2488, 842, 31196, 31717, 32240, 32761
5045 5 -1
15618, 1768, 857, 3542, 1928, 31236, 32658, 34081, 35503
5061 5 -1
15651, 3020, 1114, 2554, 235, 31301, 31973, 32646, 33318
5077 5 -1
15679, 3792, 662, 2672, 995, 31357, 32083, 32810, 33536
5093 5 -1
15695, 2604, 1205, 2898, 1271, 31389, 31568, 31749, 31928
5109 5 -1
15715, 3040, 1699, 3494, 497, 31430, 32257, 33086, 33913
5125 5 -1
15740, 2945, 1495, 2943, 858, 31479, 31798, 32118, 32437
5141 5 -1
15760, 3067, 1898, 2543, 1540, 31520, 31960, 32402, 32842
5157 5 -1
15779, 2843, 596, 817, 823, 31558, 32684, 33811, 34937
5173 5 -1
15798, 3511, 1677, 3032, 1885, 31596, 31939, 32283, 32626
5189 5 -1
15815, 3621, 562, 3452, 633, 31630, 31749, 31870, 31989
5205 5 -1
15849, 1959, 1333, 2776, 744, 31697, 32399, 33103, 33805
5221 5 -1
15870, 3040, 1704, 2795, 787, 31739, 32319, 32901, 33481
5237 5 -1
15897, 2855, 861, 2246, 743, 31793, 32156, 32520, 32883
5253 5 -1
15922, 2360, 1621, 2405, 1035, 31843, 32158, 32474, 32789
5269 5 -1
15941, 2976, 1100, 3732, 1619, 31882, 32519, 33157, 33794
5285 5 -1
15962, 3086, 1367, 3344, 1457, 31924, 32097, 32272, 32445
5301 5 -1
15983, 2237, 760, 2627, 1013, 31965, 32286, 32608, 32929
5317 5 -1
16006, 2003, 597, 2826, 1291, 32011, 32769, 33528, 34286
5333 5 -1
16033, 3294, 155, 3230, 867, 32066, 32453, 32842, 33229
5349 5 -1
16054, 2511, 687, 2953, 967, 32108, 32468, 32830, 33190
5365 5 -1
16077, 3330, 1386, 2772, 1182, 32153, 32533, 32915, 33295
5381 5 -1
16100, 2756, 718, 9999, 6296, 32199, 38609, 45020, 51430
5397 5 -1
16120, 2799, 450, 1992, 2121, 32240, 33478, 34718, 35956
5413 5 -1
16142, 2543, 1329, 1806, 5552, 32283, 34762, 37243, 39722
5429 5 -1
16167, 2362, 1078, 3298, 482, 32334, 33099, 33866, 34631
5445 5 -1
16189, 3151, 1165, 3265, 1864, 32378, 32784, 33191, 33597
5461 5 -1
16219, 2697, 805, 3343, 992, 32437, 32853, 33270, 33686
5477 5 -1
16241, 2277, 1093, 3193, 1492, 32481, 33138, 33796, 34453
5493 5 -1
16263, 3071, 1414, 3019, 673, 32526, 32922, 33319, 33715
5509 5 -1
16289, 1886, 1151, 2928, 1100, 32578, 33124, 33671, 34217
5525 5 -1
16306, 2175, 948, 2412, 875, 32612, 32766, 32922, 33076
5541 5 -1
16330, 2198, 1365, 3291, 1419, 32660, 33233, 33807, 34380
5557 5 -1
16356, 2581, 1234, 3293, 662, 32711, 33352, 33995, 34636
5573 5 -1
16372, 2529, 479, 3297, 537, 32743, 33155, 33569, 33981
5589 5 -1
16392, 2360, 820, 2535, 504, 32784, 33029, 33275, 33520
5605 5 -1
16403, 2190, 1424, 3520, 961, 32806, 33702, 34599, 35495
5621 5 -1
16416, 2595, 1322, 3056, 1593, 32832, 33197, 33564, 33929
5637 5 -1
16434, 2068, 189, 2536, 114, 32868, 33139, 33411, 33682
5653 5 -1
16469, 3305, 965, 2579, 1146, 32937, 33390, 33844, 34297
5669 5 -1
16493, 2983, 258, 2608, 1172, 32986, 33630, 34275, 34919
5685 5 -1
16520, 2956, 1076, 2643, 2246, 33040, 33781, 34523, 35264
5701 5 -1
16545, 2978, 638, 2755, 1074, 33090, 33419, 33749, 34078
5717 5 -1
16562, 2730, 2060, 3022, 1464, 33124, 33567, 34012, 34455
5733 5 -1
16576, 3096, 84, 2839, 541, 33152, 33508, 33866, 34222
5749 5 -1
16598, 3549, 1941, 2905, 889, 33195, 34042, 34891, 35738
5765 5 -1
16620, 2471, 743, 3137, 680, 33239, 33603, 33968, 34332
5781 5 -1
16637, 2612, 736, 3658, 967, 33274, 33912, 34551, 35189
5797 5 -1
16655, 3054, 410, 2630, 841, 33310, 33737, 34165, 34592
5813 5 -1
16675, 2416, 1101, 2991, 500, 33350, 33937, 34526, 35113
5829 5 -1
16691, 1793, 1135, 3033, 1492, 33382, 34180, 34979, 35777
5845 5 -1
16715, 2874, 1082, 2573, 2262, 33429, 34169, 34910, 35650
5861 5 -1
16739, 2827, 1564, 3632, 901, 33477, 34210, 34945, 35678
5877 5 -1
16762, 2281, 1079, 9999, 391, 33523, 37725, 41929, 46131
5893 5 -1
16778, 3482, 1426, 2364, 942, 33556, 34356, 35158, 35958
5909 5 -1
16802, 2353, 1638, 3589, 1048, 33603, 34515, 35429, 36341
5925 5 -1
16814, 2284, 1013, 2919, 991, 33628, 33956, 34285, 34613
5941 5 -1
16834, 3081, 196, 2340, 845, 33667, 34361, 35057, 35751
5957 5 -1
16854, 2791, 628, 2081, 150, 33708, 34301, 34896, 35489
5973 5 -1
16887, 2486, 1011, 2939, 690, 33774, 34160, 34548, 34934
5989 5 -1
16903, 2282, 493, 2382, 920, 33805, 34068, 34332, 34595
6005 5 -1
16931, 2121, 1159, 3251, 914, 33861, 34548, 35236, 35923
6021 5 -1
16953, 3377, 123, 2898, 679, 33906, 34423, 34941, 35458
6037 5 -1
16976, 3437, 951, 2684, 1268, 33951, 34485, 35021, 35555
6053 5 -1
16995, 2213, 411, 2231, 90, 33990, 34159, 34329, 34498
6069 5 -1
17009, 2816, 1563, 2909, 778, 34018, 34456, 34896, 35334
6085 5 -1
17026, 3075, 538, 2355, 905, 34052, 34595, 35139, 35682
6101 5 -1
17046, 2872, 1446, 2650, 1040, 34091, 34404, 34719, 35032
6117 5 -1
17072, 2658, 1397, 2231, 623, 34144, 34744, 35345, 35945
6133 5 -1
17099, 2553, 665, 3140, 746, 34198, 34531, 34866, 35199
6149 5 -1
17117, 1984, 612, 3114, 1751, 34234, 35368, 36503, 37637
6165 5 -1
17137, 3084, 375, 3150, 409, 34274, 34323, 34374, 34423
6181 5 -1
17158, 2230, 1530, 1980, 1714, 34315, 34531, 34749, 34965
6197 5 -1
17181, 2908, 400, 3252, 1083, 34361, 34874, 35388, 35901
6213 5 -1
17206, 2507, 577, 2653, 25, 34411, 34759, 35109, 35457
6229 5 -1
17226, 2659, 1616, 2963, 1623, 34451, 34606, 34762, 34917
6245 5 -1
17258, 2464, 588, 2602, 2391, 34515, 35485, 36456, 37426
6261 5 -1
17274, 3328, 1088, 2687, 781, 34548, 35021, 35496, 35969
6277 5 -1
17290, 3181, 1339, 2758, 1129, 34579, 34895, 35212, 35528
6293 5 -1
17312, 2627, 1038, 3080, 1262, 34624, 34962, 35301, 35639
6309 5 -1
17335, 2822, 2136, 2063, 853, 34670, 35690, 36712, 37732
6325 5 -1
17364, 1987, 1112, 2772, 2038, 34727, 35582, 36438, 37293
6341 5 -1
17378, 2045, 1815, 2415, 77, 34756, 35809, 36864, 37917
6357 5 -1
17393, 3449, 2084, 3032, 1128, 34786, 35472, 36159, 36845
6373 5 -1
17412, 3333, 774, 9999, 5463, 34823, 40500, 46178, 51855
6389 5 -1
17435, 2109, 1206, 3217, 815, 34869, 35618, 36368, 37117
6405 5 -1
17461, 2519, 1020, 3462, 1974, 34921, 35869, 36818, 37766
6421 5 -1
17475, 3097, 350, 2653, 908, 34950, 35450, 35952, 36452
6437 5 -1
17496, 3430, 349, 2919, 247, 34991, 35297, 35604, 35910
6453 5 -1
17524, 3250, 1263, 2558, 1094, 35047, 35477, 35908, 36338
6469 5 -1
17553, 3963, 283, 2723, 1368, 35105, 36267, 37430, 38592
6485 5 -1
17577, 3117, 1237, 2428, 499, 35154, 35867, 36581, 37294
6501 5 -1
17588, 3302, 857, 2667, 725, 35175, 35558, 35942, 36325
6517 5 -1
17612, 2650, 2239, 2457, 431, 35224, 36224, 37225, 38225
6533 5 -1
17634, 2021, 0, 3305, 1025, 35268, 36422, 37577, 38731
6549 5 -1
17657, 3268, 1065, 2752, 1104, 35314, 35591, 35869, 36146
6565 5 -1
17682, 2359, 454, 2728, 1274, 35364, 35958, 36553, 37147
6581 5 -1
17706, 2560, 48, 2796, 1046, 35411, 36027, 36645, 37261
6597 5 -1
17727, 2389, 2259, 2501, 545, 35454, 36366, 37280, 38192
6613 5 -1
17751, 2713, 361, 1979, 925, 35502, 36150, 36800, 37448
6629 5 -1
17772, 2297, 1457, 3033, 620, 35543, 36329, 37116, 37902
6645 5 -1
17787, 2468, 166, 3389, 994, 35574, 36448, 37323, 38197
6661 5 -1
17804, 2584, 696, 2373, 800, 35607, 35764, 35922, 36079
6677 5 -1
17817, 3631, 1011, 2678, 1440, 35633, 36323, 37015, 37705
6693 5 -1
17846, 2986, 797, 1884, 464, 35691, 36408, 37126, 37843
6709 5 -1
17864, 2780, 1272, 3257, 49, 35728, 36577, 37428, 38277
6725 5 -1
17880, 3449, 825, 3163, 1075, 35759, 36026, 36295, 36562
6741 5 -1
17900, 3073, 983, 2953, 1210, 35799, 35972, 36146, 36319
6757 5 -1
17925, 3144, 1128, 2962, 1334, 35850, 36043, 36238, 36431
6773 5 -1
17948, 3360, 729, 2687, 1734, 35896, 36734, 37574, 38412
6789 5 -1
17977, 3116, 1674, 3142, 1115, 35954, 36246, 36539, 36831
6805 5 -1
17995, 2435, 1405, 2417, 598, 35990, 36402, 36815, 37227
6821 5 -1
18029, 3216, 776, 2779, 1535, 36058, 36655, 37254, 37851
6837 5 -1
18047, 2962, 719, 2749, 361, 36093, 36378, 36664, 36949
6853 5 -1
18078, 2332, 889, 3181, 1341, 36156, 36806, 37457, 38107
6869 5 -1
18099, 2181, 1301, 2213, 1328, 36198, 36227, 36257, 36286
6885 5 -1
18118, 2451, 1295, 2667, 295, 36236, 36843, 37452, 38059
6901 5 -1
18134, 3256, 1876, 9999, 43, 36267, 40554, 44843, 49130
6917 5 -1
18159, 3446, 1094, 2129, 1785, 36317, 37320, 38325, 39328
6933 5 -1
18184, 2850, 1486, 2056, 1789, 36368, 36916, 37465, 38013
6949 5 -1
18204, 3038, 1690, 2515, 1589, 36407, 36718, 37031, 37342
6965 5 -1
18230, 2580, 233, 2384, 969, 36460, 36925, 37392, 37857
6981 5 -1
18254, 3644, 1078, 1325, 1699, 36507, 37976, 39447, 40916
6997 5 -1
18278, 2542, 471, 2601, 1531, 36555, 37114, 37674, 38233
7013 5 -1
18302, 3367, 1138, 156, 597, 36604, 38479, 40356, 42231
7029 5 -1
18334, 2280, 1275, 859, 2886, 36668, 38183, 39700, 41215
7045 5 -1
18355, 3062, 682, 2180, 778, 36710, 37198, 37688, 38176
7061 5 -1
18371, 3129, 798, 2635, 1226, 36741, 37201, 37663, 38123
7077 5 -1
18395, 2424, 1136, 3697, 1267, 36789, 37490, 38193, 38894
7093 5 -1
18421, 3151, 1161, 3036, 1492, 36841, 37063, 37287, 37509
7109 5 -1
18443, 2996, 1068, 3383, 1457, 36885, 37272, 37661, 38048
7125 5 -1
18463, 2552, 1830, 2977, 1233, 36926, 37436, 37948, 38458
7141 5 -1
18482, 2477, 718, 3760, 976, 36963, 37733, 38504, 39274
7157 5 -1
18511, 3144, 1049, 3498, 1354, 37022, 37351, 37681, 38010
7173 5 -1
18532, 2605, 1524, 2826, 1409, 37064, 37231, 37400, 37567
7189 5 -1
18557, 3098, 110, 3623, 675, 37114, 37658, 38204, 38748
7205 5 -1
18584, 3524, 767, 2889, 1648, 37168, 37925, 38684, 39441
7221 5 -1
18621, 2838, 1169, 2613, 1059, 37241, 37408, 37576, 37743
7237 5 -1
18647, 2832, 1223, 2910, 524, 37293, 37681, 38070, 38458
7253 5 -1
18670, 2350, 624, 3067, 161, 37339, 37928, 38519, 39108
7269 5 -1
18686, 2343, 1173, 2381, 1050, 37372, 37452, 37533, 37613
7285 5 -1
18706, 3703, 1383, 2800, 796, 37412, 38156, 38902, 39646
7301 5 -1
18734, 3182, 1910, 3270, 1825, 37467, 37553, 37640, 37726
7317 5 -1
18770, 2292, 666, 2707, 1387, 37539, 38106, 38675, 39242
7333 5 -1
18786, 2738, 910, 2874, 1408, 37571, 37887, 38205, 38521
7349 5 -1
18803, 2732, 1128, 2799, 1089, 37606, 37658, 37712, 37764
7365 5 -1
18828, 3185, 1305, 3371, 271, 37655, 38264, 38875, 39484
7381 5 -1
18852, 2390, 701, 3143, 903, 37703, 38180, 38658, 39135
7397 5 -1
18878, 1901, 2489, 3363, 527, 37756, 39467, 41180, 42891
7413 5 -1
18895, 2483, 1356, 3730, 1021, 37790, 38580, 39372, 40162
7429 5 -1
18911, 3779, 670, 3020, 628, 37821, 38221, 38622, 39022
7445 5 -1
18938, 3054, 760, 2948, 457, 37875, 38079, 38284, 38488
7461 5 -1
18962, 2204, 1519, 1999, 987, 37924, 38292, 38661, 39029
7477 5 -1
18993, 2867, 923, 2432, 2019, 37986, 38751, 39517, 40282
7493 5 -1
19014, 2243, 896, 9999, 580, 38028, 42063, 46100, 50135
7509 5 -1
19035, 2204, 1698, 2132, 91, 38070, 38909, 39749, 40588
7525 5 -1
19066, 2342, 1124, 3152, 873, 38132, 38662, 39193, 39723
7541 5 -1
19090, 3714, 923, 2750, 1675, 38179, 39036, 39895, 40752
7557 5 -1
19127, 2645, 1344, 2428, 253, 38254, 38907, 39562, 40215
7573 5 -1
19151, 2036, 859, 1654, 9178, 38302, 42652, 47003, 51353
7589 5 -1
19182, 3097, 1661, 2712, 2028, 38363, 38738, 39115, 39490
7605 5 -1
19198, 2612, 556, 2765, 1230, 38395, 38808, 39222, 39635
7621 5 -1
19226, 2124, 1443, 1808, 1557, 38451, 38665, 38881, 39095
7637 5 -1
19246, 2464, 1623, 3241, 880, 38491, 39250, 40011, 40770
7653 5 -1
19264, 3110, 887, 3785, 1367, 38528, 39105, 39683, 40260
7669 5 -1
19283, 2173, 582, 3789, 711, 38565, 39437, 40310, 41182
7685 5 -1
19307, 2929, 232, 3048, 986, 38614, 39050, 39487, 39923
7701 5 -1
19343, 2935, 1257, 9999, 510, 38685, 42590, 46496, 50401
7717 5 -1
19371, 3592, 950, 3451, 1008, 38742, 38841, 38941, 39040
7733 5 -1
19403, 3124, 1000, 3522, 1027, 38805, 39017, 39230, 39442
7749 5 -1
19418, 2650, 701, 3377, 1345, 38836, 39521, 40207, 40892
7765 5 -1
19435, 3623, 681, 2068, 871, 38870, 39742, 40615, 41487
7781 5 -1
19467, 2368, 1054, 2815, 683, 38933, 39341, 39751, 40159
7797 5 -1
19491, 2520, 214, 2908, 1463, 38981, 39799, 40618, 41436
7813 5 -1
19512, 2410, 1212, 2907, 189, 39023, 39782, 40543, 41302
7829 5 -1
19542, 2977, 1099, 2105, 1995, 39083, 39966, 40851, 41734
7845 5 -1
19566, 2664, 362, 2910, 1256, 39131, 39700, 40271, 40840
7861 5 -1
19587, 2969, 413, 2824, 1003, 39174, 39541, 39909, 40276
7877 5 -1
19612, 2831, 1059, 1914, 293, 39223, 40064, 40906, 41747
7893 5 -1
19637, 3010, 1062, 3316, 580, 39273, 39666, 40061, 40454
7909 5 -1
19652, 2898, 107, 2641, 515, 39304, 39636, 39969, 40301
7925 5 -1
19681, 2520, 1133, 2773, 988, 39362, 39560, 39760, 39958
7941 5 -1
19704, 3846, 1730, 2565, 143, 39408, 40841, 42276, 43709
7957 5 -1
19729, 2324, 1114, 3282, 297, 39457, 40344, 41232, 42119
7973 5 -1
19770, 2068, 1042, 3062, 460, 39540, 40327, 41116, 41903
7989 5 -1
19790, 3531, 560, 2575, 608, 39579, 40080, 40583, 41084
8005 5 -1
19820, 2570, 1182, 2407, 1469, 39639, 39863, 40089, 40313
8021 5 -1
19850, 3390, 651, 2911, 1537, 39700, 40382, 41065, 41747
8037 5 -1
19875, 3495, 1492, 2750, 412, 39749, 40661, 41574, 42486
8053 5 -1
19903, 3277, 1232, 2898, 1000, 39805, 40110, 40416, 40721
8069 5 -1
19926, 1847, 1262, 3629, 190, 39851, 41277, 42705, 44131
8085 5 -1
19946, 3010, 464, 2382, 2123, 39892, 41035, 42179, 43322
8101 5 -1
19975, 2725, 1462, 3201, 1821, 39950, 40367, 40785, 41202
8117 5 -1
19996, 2911, 1045, 3241, 1054, 39992, 40161, 40331, 40500
8133 5 -1
20032, 2467, 2307, 2325, 579, 40063, 40997, 41933, 42867
8149 5 -1
20060, 3052, 868, 2167, 1297, 40119, 40775, 41433, 42089
8165 5 -1
20091, 2897, 701, 2442, 1013, 40182, 40565, 40949, 41332
8181 5 -1
20129, 2207, 275, 2331, 338, 40258, 40351, 40445, 40538
8197 5 -1
20163, 3142, 1349, 3237, 1774, 40325, 40584, 40845, 41104
8213 5 -1
20176, 2142, 70, 9999, 126, 40351, 44307, 48264, 52220
8229 5 -1
20204, 2450, 1901, 2511, 583, 40407, 41096, 41786, 42475
8245 5 -1
20235, 3141, 593, 2202, 1011, 40470, 41148, 41827, 42505
8261 5 -1
20264, 2856, 1203, 2405, 273, 40528, 41218, 41909, 42599
8277 5 -1
20303, 2470, 683, 2110, 2012, 40606, 41450, 42295, 43139
8293 5 -1
20325, 3157, 1448, 2759, 1475, 40650, 40862, 41075, 41287
8309 5 -1
20365, 3217, 1092, 2092, 1224, 40730, 41358, 41987, 42615
8325 5 -1
20386, 2662, 1262, 2432, 696, 40771, 41168, 41567, 41964
8341 5 -1
20413, 1417, 1191, 3093, 1384, 40826, 41760, 42695, 43629
8357 5 -1
20447, 2876, 354, 3718, 1259, 40894, 41767, 42641, 43514
8373 5 -1
20473, 2460, 970, 1843, 886, 40946, 41296, 41647, 41997
8389 5 -1
20498, 2714, 1147, 2255, 756, 40995, 41419, 41845, 42269
8405 5 -1
20521, 3196, 1885, 2936, 1665, 41042, 41281, 41522, 41761
8421 5 -1
20543, 1944, 1145, 3197, 1778, 41086, 42028, 42972, 43914
8437 5 -1
20579, 2448, 1032, 2977, 2103, 41157, 41956, 42757, 43556
8453 5 -1
20606, 2976, 504, 1771, 1263, 41211, 42192, 43175, 44156
8469 5 -1
20634, 2075, 1056, 2706, 1491, 41267, 41799, 42333, 42865
8485 5 -1
20679, 2490, 1641, 1696, 26, 41358, 42562, 43767, 44971
8501 5 -1
20707, 3001, 1318, 2882, 991, 41414, 41636, 41860, 42082
8517 5 -1
20741, 3654, 1097, 2954, 377, 41482, 42191, 42902, 43611
8533 5 -1
20770, 2596, 387, 2724, 1514, 41539, 42166, 42794, 43421
8549 5 -1
20789, 3586, 1802, 1081, 714, 41577, 43373, 45170, 46966
8565 5 -1
20821, 2161, 456, 2747, 2055, 41641, 42733, 43826, 44918
8581 5 -1
20848, 2880, 1193, 1462, 0, 41696, 43001, 44307, 45612
8597 5 -1
20872, 1997, 2025, 2014, 1227, 41744, 42151, 42559, 42966
8613 5 -1
20906, 2113, 826, 2944, 1350, 41811, 42488, 43166, 43843
8629 5 -1
20938, 2156, 1265, 2870, 453, 41875, 42637, 43401, 44163
8645 5 -1
20969, 2903, 940, 3164, 635, 41938, 42220, 42504, 42786
8661 5 -1
20998, 2554, 1463, 2223, 463, 41996, 42661, 43327, 43992
8677 5 -1
21034, 2702, 1388, 4033, 1402, 42068, 42740, 43413, 44085
8693 5 -1
21061, 2819, 306, 2700, 1743, 42122, 42899, 43678, 44455
8709 5 -1
21106, 2945, 578, 512, 501, 42212, 43466, 44722, 45976
8725 5 -1
21124, 2861, 1111, 3559, 1949, 42248, 43015, 43784, 44551
8741 5 -1
21141, 3692, 1712, 2411, 1531, 42281, 43011, 43743, 44473
8757 5 -1
21175, 2996, 1033, 3265, 916, 42349, 42541, 42735, 42927
8773 5 -1
21203, 2507, 786, 2843, 1107, 42406, 42734, 43063, 43391
8789 5 -1
21234, 4099, 1436, 2209, 1476, 42467, 43431, 44397, 45361
8805 5 -1
21258, 2263, 2050, 3201, 1494, 42515, 43261, 44009, 44755
8821 5 -1
21289, 3542, 697, 2786, 266, 42577, 43170, 43764, 44357
8837 5 -1
21324, 3367, 731, 2554, 1134, 42647, 43254, 43863, 44470
8853 5 -1
21349, 2866, 1055, 1963, 1279, 42697, 43260, 43824, 44387
8869 5 -1
21392, 2619, 669, 3278, 418, 42784, 43238, 43694, 44148
8885 5 -1
21431, 2434, 1041, 3285, 576, 42861, 43518, 44177, 44834
8901 5 -1
21455, 2868, 1054, 3314, 1151, 42910, 43181, 43453, 43724
8917 5 -1
21492, 1998, 960, 3290, 1029, 42983, 43663, 44344, 45024
8933 5 -1
21522, 2853, 910, 2718, 919, 43044, 43115, 43188, 43259
8949 5 -1
21563, 3335, 778, 3219, 629, 43126, 43258, 43391, 43523
8965 5 -1
21601, 2841, 566, 2956, 945, 43201, 43447, 43695, 43941
8981 5 -1
21628, 2225, 1679, 2570, 869, 43256, 43833, 44411, 44988
8997 5 -1
21671, 3364, 791, 2246, 855, 43341, 43931, 44523, 45113
9013 5 -1
21711, 2951, 1000, 158, 308, 43421, 45163, 46906, 48648
9029 5 -1
21743, 3096, 1787, 2490, 1263, 43485, 44049, 44615, 45179
9045 5 -1
21773, 3205, 1481, 2184, 1494, 43545, 44061, 44579, 45095
9061 5 -1
21795, 3219, 1189, 3003, 721, 43589, 43930, 44273, 44614
9077 5 -1
21828, 2476, 1528, 3741, 891, 43656, 44606, 45558, 46508
9093 5 -1
21856, 3330, 1090, 2349, 1199, 43711, 44255, 44801, 45345
9109 5 -1
21890, 2857, 686, 2496, 1193, 43779, 44212, 44647, 45080
9125 5 -1
21920, 2803, 1294, 2828, 1166, 43840, 43916, 43993, 44069
9141 5 -1
21962, 3477, 875, 3038, 991, 43924, 44201, 44479, 44756
9157 5 -1
21984, 2805, 1929, 3212, 485, 43967, 44892, 45818, 46743
9173 5 -1
22011, 1318, 872, 2383, 1199, 44022, 44717, 45414, 46109
9189 5 -1
22026, 2851, 348, 2255, 1552, 44051, 44950, 45851, 46750
9205 5 -1
22083, 2522, 1474, 2519, 1016, 44166, 44396, 44627, 44857
9221 5 -1
22108, 3440, 815, 2704, 1872, 44216, 45112, 46009, 46905
9237 5 -1
22159, 3035, 1191, 2150, 1577, 44318, 44953, 45589, 46224
9253 5 -1
22192, 2759, 1178, 2764, 328, 44384, 44811, 45239, 45666
9269 5 -1
22233, 3586, 558, 3187, 1123, 44466, 44947, 45430, 45911
9285 5 -1
22256, 2903, 1319, 1522, 555, 44512, 45584, 46657, 47729
9301 5 -1
22299, 1941, 1776, 2182, 859, 44597, 45175, 45755, 46333
9317 5 -1
22340, 2907, 1137, 2130, 1759, 44679, 45378, 46078, 46777
9333 5 -1
22405, 2629, 747, 2520, 1474, 44809, 45226, 45645, 46062
9349 5 -1
22434, 2242, 1476, 2583, 1188, 44867, 45181, 45496, 45810
9365 5 -1
22479, 2563, 863, 2003, 1853, 44957, 45731, 46507, 47281
9381 5 -1
22513, 2268, 1475, 2878, 753, 45025, 45690, 46357, 47022
9397 5 -1
22560, 2796, 644, 3004, 1323, 45120, 45563, 46007, 46450
9413 5 -1
22606, 2452, 1161, 3095, 2108, 45212, 46006, 46802, 47596
9429 5 -1
22651, 1787, 1219, 2462, 781, 45302, 45858, 46415, 46971
9445 5 -1
22695, 2832, 2245, 3825, 1294, 45389, 46360, 47333, 48304
9461 5 -1
22728, 3044, 1415, 2815, 436, 45456, 46059, 46664, 47267
9477 5 -1
22784, 3416, 1104, 2837, 6, 45567, 46405, 47244, 48082
9493 5 -1
22831, 2169, 1528, 2631, 787, 45662, 46263, 46865, 47466
9509 5 -1
22865, 2642, 1305, 4460, 1087, 45729, 46746, 47765, 48782
9525 5 -1
22917, 3118, 1703, 3156, 778, 45834, 46315, 46797, 47278
9541 5 -1
22968, 2215, 728, 2975, 1253, 45936, 46578, 47221, 47863
9557 5 -1
23006, 2696, 844, 2782, 348, 46012, 46302, 46594, 46884
9573 5 -1
23036, 2623, 1135, 2202, 1046, 46072, 46326, 46582, 46836
9589 5 -1
23090, 2789, 595, 2019, 267, 46180, 46728, 47278, 47826
9605 5 -1
23139, 3312, 1355, 2718, 1787, 46277, 46789, 47303, 47815
9621 5 -1
23201, 2896, 1653, 2761, 1242, 46402, 46674, 46948, 47220
9637 5 -1
23236, 3095, 914, 2539, 458, 46471, 46976, 47483, 47988
9653 5 -1
23281, 2675, 1238, 2857, 1002, 46562, 46770, 46980, 47188
9669 5 -1
23336, 2343, 1834, 2621, 1978, 46671, 46881, 47093, 47303
9685 5 -1
23381, 2758, 1077, 2439, 853, 46761, 47032, 47304, 47575
9701 5 -1
23442, 2738, 431, 2841, 1284, 46884, 47361, 47840, 48317
9717 5 -1
23504, 3541, 1922, 2590, 1318, 47007, 47784, 48562, 49339
9733 5 -1
23549, 2954, 1357, 3411, 227, 47098, 47891, 48685, 49478
9749 5 -1
23582, 2636, 946, 2570, 762, 47163, 47287, 47413, 47537
9765 5 -1
23626, 2591, 867, 2088, 658, 47251, 47606, 47963, 48318
9781 5 -1
23699, 1448, 747, 2735, 1192, 47398, 48263, 49130, 49995
9797 5 -1
23735, 2872, 1063, 3295, 1031, 47469, 47696, 47924, 48151
9813 5 -1
23796, 3942, 924, 3858, 822, 47591, 47683, 47777, 47869
9829 5 -1
23846, 2385, 601, 3169, 1316, 47691, 48440, 49190, 49939
9845 5 -1
23882, 2369, 1040, 3712, 1149, 47764, 48489, 49216, 49941
9861 5 -1
23948, 3474, 1078, 2485, 631, 47896, 48613, 49332, 50049
9877 5 -1
24007, 3357, 1292, 2721, 951, 48013, 48501, 48990, 49478
9893 5 -1
24088, 3074, 1005, 2524, 804, 48175, 48550, 48926, 49301
9909 5 -1
24127, 2664, 1727, 3209, 749, 48254, 49015, 49777, 50538
9925 5 -1
24201, 3713, 1454, 2553, 1315, 48401, 49050, 49700, 50349
9941 5 -1
24283, 2696, 940, 2953, 1207, 48566, 48827, 49090, 49351
9957 5 -1
24358, 2565, 515, 2475, 870, 48715, 48937, 49160, 49382
9973 5 -1
24465, 2793, 752, 2170, 731, 48929, 49250, 49573, 49894
9989 5 -1
24592, 2693, 1601, 2484, 1525, 49183, 49325, 49468, 49610
