-------------------------------------------------------------------------
TPs satisfied = 166; Total TPs = 625; Percentage Satisfied + 26.6%
-------------------------------------------------------------------------

-------------------------------------------------------------------------

EVs

-------------------------------------------------------------------------
--------------------------------------
EV1
--------------------------------------
Num TPs served = 7
TPs served = 18 2290 2338 3586 3618 4210 5442
Total energy used = 35512
--------------------------------------
Schedule:
0 1 1250 3750 1250 3750 0 0 35632 35632 0 1 0
1 4263 1250 3750 2482 720 0 1 35632 31370 18 601 4262
4263 13990 2482 720 37 8002 1 0 31370 21643 -18 601 9727
13990 22382 37 8002 2147 1720 0 1 21643 13251 2290 422 8392
22382 23134 2147 1720 2636 1457 1 2 13251 12499 2338 511 752
23134 23679 2636 1457 2508 1040 2 1 12499 11954 -2290 166 545
23679 25740 2508 1040 4221 692 1 0 11954 9893 -2338 255 2061
25740 26980 4221 692 3225 936 0 1 9893 8653 3586 14 1240
26980 27261 3225 936 3217 1209 1 0 8653 8372 -3586 14 281
27261 27552 3217 1209 3172 963 0 1 8372 8081 3618 96 291
27552 28927 3172 963 2602 1768 1 0 8081 6706 -3618 96 1375
28927 29411 2602 1768 2501 1385 0 1 6706 6222 4210 64 484
29411 30612 2501 1385 3454 1633 1 0 6222 5021 -4210 64 1201
30612 31292 3454 1633 3454 1633 0 0 5021 5021 0 680 0
31292 32365 3454 1633 2671 1343 0 1 5021 3948 5442 301 1073
32365 32969 2671 1343 2235 1511 1 0 3948 3344 -5442 301 604
32969 46776 2235 1511 2235 1511 0 0 3344 3344 0 13807 0
46776 50000 2235 1511 1250 3750 0 0 3344 120 1000000000 0 3224
--------------------------------------
--------------------------------------
EV2
--------------------------------------
Num TPs served = 8
TPs served = 50 210 3202 3570 4162 4562 4626 4882
Total energy used = 35192
--------------------------------------
Schedule:
0 1 1250 3750 1250 3750 0 0 35632 35632 0 1 0
1 4548 1250 3750 2968 921 0 1 35632 31085 50 734 4547
4548 4938 2968 921 2877 1220 1 2 31085 30695 210 4969 390
4938 15112 2877 1220 1313 9830 2 1 30695 20521 -50 734 10174
15112 16968 1313 9830 449 8838 1 0 20521 18665 -210 2985 1856
16968 26299 449 8838 2624 1682 0 1 18665 9334 3202 296 9331
26299 26948 2624 1682 3044 1453 1 2 9334 8685 3570 333 649
26948 27911 3044 1453 3714 1160 2 1 8685 7722 -3570 333 963
27911 28515 3714 1160 3571 699 1 0 7722 7118 -3202 10 604
28515 29381 3571 699 3363 1357 0 1 7118 6252 4162 630 866
29381 29700 3363 1357 3363 1357 1 1 6252 6252 0 319 0
29700 29924 3363 1357 3324 1172 1 2 6252 6028 4562 89 224
29924 29994 3324 1172 3324 1172 2 2 6028 6028 0 70 0
29994 30089 3324 1172 3282 1119 2 3 6028 5933 4626 225 95
30089 30173 3282 1119 3226 1091 3 2 5933 5849 -4562 19 84
30173 30541 3226 1091 2989 960 2 1 5849 5481 -4626 225 368
30541 31018 2989 960 2600 872 1 2 5481 5004 4882 17 477
31018 31524 2600 872 2262 704 2 1 5004 4498 -4882 17 506
31524 32436 2262 704 1406 760 1 0 4498 3586 -4162 129 912
32436 46854 1406 760 1406 760 0 0 3586 3586 0 14418 0
46854 50000 1406 760 1250 3750 0 0 3586 440 1000000000 0 3146
--------------------------------------
--------------------------------------
EV3
--------------------------------------
Num TPs served = 14
TPs served = 274 434 498 610 754 914 1138 1314 1970 2322 2898 2978 3682 4130
Total energy used = 34420
--------------------------------------
Schedule:
0 3204 1250 3750 1250 3750 0 0 35632 35632 0 3204 0
3204 6898 1250 3750 2261 1067 0 1 35632 31938 274 475 3694
6898 8830 2261 1067 4182 1078 1 0 31938 30006 -274 475 1932
8830 8868 4182 1078 4182 1078 0 0 30006 30006 0 38 0
8868 9540 4182 1078 3847 741 0 1 30006 29334 434 1099 672
9540 10503 3847 741 2919 776 1 2 29334 28371 498 463 963
10503 11520 2919 776 2120 994 2 1 28371 27354 -498 463 1017
11520 12135 2120 994 1985 1474 1 2 27354 26739 610 1067 615
12135 12735 1985 1474 2483 1576 2 1 26739 26139 -434 103 600
12735 12983 2483 1576 2483 1576 1 1 26139 26139 0 248 0
12983 13621 2483 1576 2666 1121 1 2 26139 25501 754 666 638
13621 14955 2666 1121 3847 968 2 1 25501 24167 -754 666 1334
14955 15239 3847 968 3631 900 1 0 24167 23883 -610 183 284
15239 15583 3631 900 3413 1026 0 1 23883 23539 914 26 344
15583 16806 3413 1026 2551 1387 1 0 23539 22316 -914 26 1223
16806 16875 2551 1387 2508 1361 0 1 22316 22247 1138 347 69
16875 18208 2508 1361 2787 307 1 2 22247 20914 1314 384 1333
18208 18392 2787 307 2885 393 2 1 20914 20730 -1138 175 184
18392 20368 2885 393 4542 712 1 0 20730 18754 -1314 384 1976
20368 21066 4542 712 4067 935 0 1 18754 18056 1970 858 698
21066 21289 4067 935 4067 935 1 1 18056 18056 0 223 0
21289 22401 4067 935 3216 674 1 2 18056 16944 2322 731 1112
22401 23717 3216 674 2260 1034 2 1 16944 15628 -1970 113 1316
23717 24584 2260 1034 2121 306 1 0 15628 14761 -2322 11 867
24584 24876 2121 306 2378 271 0 1 14761 14469 2978 1513 292
24876 25291 2378 271 2678 386 1 2 14469 14054 2898 15 415
25291 26639 2678 386 2256 1312 2 1 14054 12706 -2898 15 1348
26639 26990 2256 1312 2256 1312 1 1 12706 12706 0 351 0
26990 27152 2256 1312 2373 1267 1 2 12706 12544 3682 652 162
27152 28458 2373 1267 3404 1542 2 1 12544 11238 -3682 652 1306
28458 29208 3404 1542 3535 2161 1 0 11238 10488 -2978 228 750
29208 30616 3535 2161 2994 1294 0 1 10488 9080 4130 217 1408
30616 34948 2994 1294 2952 5584 1 0 9080 4748 -4130 217 4332
34948 46464 2952 5584 2952 5584 0 0 4748 4748 0 11516 0
46464 50000 2952 5584 1250 3750 0 0 4748 1212 1000000000 0 3536
--------------------------------------
--------------------------------------
EV4
--------------------------------------
Num TPs served = 13
TPs served = 290 402 562 578 642 818 1026 1538 1858 2194 2514 2914 3346
Total energy used = 35516
--------------------------------------
Schedule:
0 3399 1250 3750 1250 3750 0 0 35632 35632 0 3399 0
3399 7351 1250 3750 2590 1138 0 1 35632 31680 290 12 3952
7351 8482 2590 1138 2705 122 1 0 31680 30549 -290 12 1131
8482 9355 2705 122 2936 764 0 1 30549 29676 402 262 873
9355 10660 2936 764 3277 1728 1 0 29676 28371 -402 262 1305
10660 11146 3277 1728 3277 1728 0 0 28371 28371 0 486 0
11146 11648 3277 1728 3194 1309 0 1 28371 27869 578 63 502
11648 11776 3194 1309 3249 1382 1 0 27869 27741 -578 63 128
11776 11980 3249 1382 3174 1511 0 1 27741 27537 562 241 204
11980 12017 3174 1511 3174 1511 1 1 27537 27537 0 37 0
12017 12458 3174 1511 2812 1590 1 2 27537 27096 642 645 441
12458 13845 2812 1590 2687 328 2 1 27096 25709 -562 46 1387
13845 13998 2687 328 2658 452 1 0 25709 25556 -642 397 153
13998 14691 2658 452 2195 682 0 1 25556 24863 818 0 693
14691 15720 2195 682 2450 1456 1 0 24863 23834 -818 0 1029
15720 16056 2450 1456 2616 1286 0 1 23834 23498 1026 743 336
16056 18039 2616 1286 4212 899 1 0 23498 21515 -1026 743 1983
18039 19083 4212 899 3570 1301 0 1 21515 20471 1538 55 1044
19083 19931 3570 1301 3481 542 1 0 20471 19623 -1538 55 848
19931 20699 3481 542 3088 917 0 1 19623 18855 1858 135 768
20699 21470 3088 917 2946 288 1 0 18855 18084 -1858 135 771
21470 22027 2946 288 3019 772 0 1 18084 17527 2194 440 557
22027 22237 3019 772 3019 772 1 1 17527 17527 0 210 0
22237 23175 3019 772 2645 1336 1 2 17527 16589 2514 648 938
23175 23420 2645 1336 2558 1494 2 1 16589 16344 -2194 230 245
23420 24962 2558 1494 3156 550 1 0 16344 14802 -2514 158 1542
24962 25103 3156 550 3161 414 0 1 14802 14661 2914 74 141
25103 26082 3161 414 2310 542 1 0 14661 13682 -2914 74 979
26082 26634 2310 542 1994 306 0 1 13682 13130 3346 3536 552
26634 34906 1994 306 1579 8163 1 0 13130 4858 -3346 3536 8272
34906 45258 1579 8163 1579 8163 0 0 4858 4858 0 10352 0
45258 50000 1579 8163 1250 3750 0 0 4858 116 1000000000 0 4742
--------------------------------------
--------------------------------------
EV5
--------------------------------------
Num TPs served = 19
TPs served = 306 514 674 882 930 1362 1650 1810 1826 2418 2834 3314 3554 4178 4706 5250 5522 6066 6258
Total energy used = 35006
--------------------------------------
Schedule:
0 3537 1250 3750 1250 3750 0 0 35632 35632 0 3537 0
3537 7689 1250 3750 3177 1525 0 1 35632 31480 306 294 4152
7689 9510 3177 1525 3621 148 1 0 31480 29659 -306 294 1821
9510 10872 3621 148 2423 312 0 1 29659 28297 514 685 1362
10872 10983 2423 312 2423 312 1 1 28297 28297 0 111 0
10983 12768 2423 312 2595 1925 1 2 28297 26512 674 825 1785
12768 13215 2595 1925 2228 1845 2 1 26512 26065 -514 70 447
13215 14419 2228 1845 1804 1065 1 0 26065 24861 -674 825 1204
14419 14851 1804 1065 2227 1074 0 1 24861 24429 882 530 432
14851 14886 2227 1074 2227 1074 1 1 24429 24429 0 35 0
14886 15140 2227 1074 2455 1048 1 2 24429 24175 930 681 254
15140 16041 2455 1048 3086 1318 2 1 24175 23274 -882 443 901
16041 17044 3086 1318 3240 469 1 0 23274 22271 -930 141 1003
17044 18281 3240 469 2082 390 0 1 22271 21034 1362 359 1237
18281 18325 2082 390 2082 390 1 1 21034 21034 0 44 0
18325 19353 2082 390 2238 1262 1 2 21034 20006 1650 283 1028
19353 19920 2238 1262 2442 1625 2 1 20006 19439 -1650 283 567
19920 20123 2442 1625 2578 1558 1 0 19439 19236 -1362 181 203
20123 20334 2578 1558 2562 1363 0 1 19236 19025 1826 462 211
20334 20518 2562 1363 2455 1440 1 2 19025 18841 1810 573 184
20518 21709 2455 1440 3281 1075 2 1 18841 17650 -1826 94 1191
21709 22223 3281 1075 3669 949 1 0 17650 17136 -1810 573 514
22223 23382 3669 949 3999 1778 0 1 17136 15977 2418 762 1159
23382 24433 3999 1778 3340 1386 1 2 15977 14926 2834 607 1051
24433 25683 3340 1386 2099 1377 2 1 14926 13676 -2834 607 1250
25683 26161 2099 1377 2070 928 1 2 13676 13198 3314 369 478
26161 26419 2070 928 2227 827 2 1 13198 12940 -2418 448 258
26419 26872 2227 827 2596 911 1 2 12940 12487 3554 679 453
26872 27571 2596 911 3071 1135 2 1 12487 11788 -3314 167 699
27571 28462 3071 1135 3462 1635 1 0 11788 10897 -3554 679 891
28462 29184 3462 1635 3266 1109 0 1 10897 10175 4178 333 722
29184 30328 3266 1109 2384 1371 1 2 10175 9031 4706 727 1144
30328 30645 2384 1371 2317 1621 2 1 9031 8714 -4178 333 317
30645 30701 2317 1621 2317 1621 1 1 8714 8714 0 56 0
30701 31838 2317 1621 2844 1011 1 2 8714 7577 5250 215 1137
31838 32270 2844 1011 3039 774 2 1 7577 7145 -5250 215 432
32270 32498 3039 774 3039 546 1 0 7145 6917 -4706 37 228
32498 32803 3039 546 2829 641 0 1 6917 6612 5522 190 305
32803 33577 2829 641 2464 1050 1 0 6612 5838 -5522 190 774
33577 33611 2464 1050 2464 1050 0 0 5838 5838 0 34 0
33611 34016 2464 1050 2498 679 0 1 5838 5433 6066 776 405
34016 34609 2498 679 2639 1131 1 2 5433 4840 6258 199 593
34609 35137 2639 1131 2742 1556 2 1 4840 4312 -6258 199 528
35137 36058 2742 1556 2177 1912 1 0 4312 3391 -6066 288 921
36058 47235 2177 1912 2177 1912 0 0 3391 3391 0 11177 0
47235 50000 2177 1912 1250 3750 0 0 3391 626 1000000000 0 2765
--------------------------------------
--------------------------------------
EV6
--------------------------------------
Num TPs served = 15
TPs served = 370 466 546 898 994 1186 1602 1714 1842 3010 3266 3714 4450 4930 5586
Total energy used = 33428
--------------------------------------
Schedule:
0 4146 1250 3750 1250 3750 0 0 35632 35632 0 4146 0
4146 8405 1250 3750 3309 1550 0 1 35632 31373 370 1137 4259
8405 10262 3309 1550 2090 912 1 2 31373 29516 466 22 1857
10262 10978 2090 912 2311 417 2 1 29516 28800 -466 22 716
10978 11414 2311 417 2070 612 1 2 28800 28364 546 680 436
11414 11738 2070 612 1960 398 2 1 28364 28040 -370 305 324
11738 14087 1960 398 3783 924 1 0 28040 25691 -546 32 2349
14087 14841 3783 924 3783 924 0 0 25691 25691 0 754 0
14841 14924 3783 924 3780 1004 0 1 25691 25608 898 268 83
14924 15462 3780 1004 3388 1150 1 0 25608 25070 -898 268 538
15462 15497 3388 1150 3388 1150 0 0 25070 25070 0 35 0
15497 15669 3388 1150 3244 1122 0 1 25070 24898 994 275 172
15669 16221 3244 1122 3785 1133 1 0 24898 24346 -994 275 552
16221 17247 3785 1133 2786 1160 0 1 24346 23320 1186 161 1026
17247 18573 2786 1160 1809 811 1 0 23320 21994 -1186 161 1326
18573 18632 1809 811 1809 811 0 0 21994 21994 0 59 0
18632 19051 1809 811 1703 1124 0 1 21994 21575 1602 730 419
19051 19770 1703 1124 2408 1110 1 2 21575 20856 1714 635 719
19770 20619 2408 1110 2608 1759 2 3 20856 20007 1842 1158 849
20619 20730 2608 1759 2624 1664 3 2 20007 19896 -1602 512 111
20730 21769 2624 1664 2037 2116 2 1 19896 18857 -1714 13 1039
21769 24404 2037 2116 1240 278 1 0 18857 16222 -1842 222 2635
24404 25705 1240 278 2307 512 0 1 16222 14921 3010 167 1301
25705 26415 2307 512 2761 768 1 2 14921 14211 3266 4 710
26415 27451 2761 768 3484 1081 2 1 14211 13175 -3010 167 1036
27451 27659 3484 1081 3564 1209 1 0 13175 12967 -3266 4 208
27659 28274 3564 1209 3800 1588 0 1 12967 12352 3714 96 615
28274 28339 3800 1588 3800 1588 1 1 12352 12352 0 65 0
28339 29548 3800 1588 3650 529 1 2 12352 11143 4450 1026 1209
29548 30576 3650 529 2745 406 2 1 11143 10115 -3714 31 1028
30576 30765 2745 406 2745 406 1 1 10115 10115 0 189 0
30765 30889 2745 406 2663 364 1 2 10115 9991 4930 794 124
30889 32121 2663 364 2385 1318 2 1 9991 8759 -4450 507 1232
32121 33035 2385 1318 3148 1469 1 0 8759 7845 -4930 238 914
33035 33766 3148 1469 3529 1119 0 1 7845 7114 5586 291 731
33766 36346 3529 1119 2265 2435 1 0 7114 4534 -5586 291 2580
36346 47670 2265 2435 2265 2435 0 0 4534 4534 0 11324 0
47670 50000 2265 2435 1250 3750 0 0 4534 2204 1000000000 0 2330
--------------------------------------
--------------------------------------
EV7
--------------------------------------
Num TPs served = 18
TPs served = 386 482 530 690 770 946 1058 1394 1938 2466 2962 3362 3874 4642 4674 4946 5762 6402
Total energy used = 33558
--------------------------------------
Schedule:
0 5285 1250 3750 1250 3750 0 0 35632 35632 0 5285 0
5285 8604 1250 3750 2659 1840 0 1 35632 32313 386 360 3319
8604 9325 2659 1840 3031 1491 1 0 32313 31592 -386 360 721
9325 9716 3031 1491 3031 1491 0 0 31592 31592 0 391 0
9716 10314 3031 1491 2909 1015 0 1 31592 30994 482 64 598
10314 10444 2909 1015 2995 1059 1 0 30994 30864 -482 64 130
10444 10563 2995 1059 2995 1059 0 0 30864 30864 0 119 0
10563 10929 2995 1059 2850 838 0 1 30864 30498 530 328 366
10929 11586 2850 838 3486 859 1 0 30498 29841 -530 328 657
11586 11725 3486 859 3486 859 0 0 29841 29841 0 139 0
11725 12924 3486 859 2581 565 0 1 29841 28642 690 325 1199
12924 13575 2581 565 2565 1200 1 0 28642 27991 -690 325 651
13575 14011 2565 1200 2865 1064 0 1 27991 27555 770 179 436
14011 14960 2865 1064 2048 932 1 0 27555 26606 -770 179 949
14960 15435 2048 932 2226 1229 0 1 26606 26131 946 657 475
15435 15618 2226 1229 2226 1229 1 1 26131 26131 0 183 0
15618 16005 2226 1229 2222 1612 1 2 26131 25744 1058 1293 387
16005 17180 2222 1612 3131 1878 2 1 25744 24569 -946 466 1175
17180 18106 3131 1878 2915 1168 1 2 24569 23643 1394 31 926
18106 18475 2915 1168 2786 928 2 1 23643 23274 -1394 31 369
18475 19815 2786 928 3447 249 1 0 23274 21934 -1058 71 1340
19815 21135 3447 249 2838 960 0 1 21934 20614 1938 287 1320
21135 22274 2838 960 3780 763 1 0 20614 19475 -1938 287 1139
22274 23549 3780 763 3030 238 0 1 19475 18200 2466 47 1275
23549 24760 3030 238 2996 1415 1 0 18200 16989 -2466 47 1211
24760 25189 2996 1415 3402 1438 0 1 16989 16560 2962 178 429
25189 26269 3402 1438 2374 1386 1 0 16560 15480 -2962 178 1080
26269 27086 2374 1386 1797 1626 0 1 15480 14663 3362 353 817
27086 28217 1797 1626 2493 1191 1 2 14663 13532 3874 125 1131
28217 29226 2493 1191 3162 851 2 1 13532 12523 -3874 125 1009
29226 29773 3162 851 3488 630 1 0 12523 11976 -3362 353 547
29773 30608 3488 630 3388 1365 0 1 11976 11141 4674 338 835
30608 30680 3388 1365 3345 1394 1 2 11141 11069 4642 628 72
30680 30745 3345 1394 3345 1394 2 2 11069 11069 0 65 0
30745 30958 3345 1394 3266 1260 2 3 11069 10856 4946 728 213
30958 32175 3266 1260 2421 888 3 2 10856 9639 -4674 215 1217
32175 32519 2421 888 2129 940 2 1 9639 9295 -4946 624 344
32519 33344 2129 940 2201 187 1 0 9295 8470 -4642 315 825
33344 34231 2201 187 2782 493 0 1 8470 7583 5762 289 887
34231 35116 2782 493 2012 608 1 2 7583 6698 6402 92 885
35116 35719 2012 608 1442 575 2 1 6698 6095 -6402 92 603
35719 36876 1442 575 923 1213 1 0 6095 4938 -5762 223 1157
36876 47136 923 1213 923 1213 0 0 4938 4938 0 10260 0
47136 50000 923 1213 1250 3750 0 0 4938 2074 1000000000 0 2864
--------------------------------------
--------------------------------------
EV8
--------------------------------------
Num TPs served = 21
TPs served = 418 594 658 786 962 1090 1458 1762 2130 2482 3122 3218 3970 4226 4578 4770 5570 5730 6338 6386 7026
Total energy used = 35602
--------------------------------------
Schedule:
0 5199 1250 3750 1250 3750 0 0 35632 35632 0 5199 0
5199 9314 1250 3750 2816 1201 0 1 35632 31517 418 505 4115
9314 10325 2816 1201 3551 925 1 0 31517 30506 -418 505 1011
10325 11088 3551 925 3551 925 0 0 30506 30506 0 763 0
11088 11850 3551 925 2872 1008 0 1 30506 29744 594 383 762
11850 12605 2872 1008 2421 1312 1 2 29744 28989 658 448 755
12605 12811 2421 1312 2518 1421 2 1 28989 28783 -594 189 206
12811 13742 2518 1421 2702 674 1 0 28783 27852 -658 230 931
13742 14143 2702 674 2640 1013 0 1 27852 27451 786 55 401
14143 14848 2640 1013 2949 1409 1 0 27451 26746 -786 55 705
14848 15717 2949 1409 2812 677 0 1 26746 25877 962 244 869
15717 16800 2812 677 2133 1081 1 0 25877 24794 -962 244 1083
16800 17256 2133 1081 2003 755 0 1 24794 24338 1090 330 456
17256 18328 2003 755 2915 915 1 2 24338 23266 1458 62 1072
18328 18600 2915 915 3055 1047 2 1 23266 22994 -1458 62 272
18600 20032 3055 1047 3476 2058 1 0 22994 21562 -1090 330 1432
20032 20528 3476 2058 3501 1587 0 1 21562 21066 1762 240 496
20528 20543 3501 1587 3501 1587 1 1 21066 21066 0 15 0
20543 21565 3501 1587 3039 1027 1 2 21066 20044 2130 340 1022
21565 22131 3039 1027 2636 864 2 1 20044 19478 -1762 225 566
22131 22574 2636 864 2800 585 1 0 19478 19035 -2130 12 443
22574 23496 2800 585 3191 54 0 1 19035 18113 2482 326 922
23496 25019 3191 54 3313 1455 1 0 18113 16590 -2482 326 1523
25019 25084 3313 1455 3313 1455 0 0 16590 16590 0 65 0
25084 25653 3313 1455 3411 984 0 1 16590 16021 3218 1008 569
25653 25818 3411 984 3322 908 1 2 16021 15856 3122 195 165
25818 27120 3322 908 2463 1351 2 1 15856 14554 -3122 195 1302
27120 27823 2463 1351 1995 1586 1 0 14554 13851 -3218 856 703
27823 28630 1995 1586 2535 1853 0 1 13851 13044 3970 465 807
28630 29009 2535 1853 2631 1570 1 2 13044 12665 4226 389 379
29009 29378 2631 1570 2631 1570 2 2 12665 12665 0 369 0
29378 29967 2631 1570 2638 988 2 3 12665 12076 4578 265 589
29967 30363 2638 988 2948 902 3 2 12076 11680 -4226 20 396
30363 30573 2948 902 3121 939 2 1 11680 11470 -4578 191 210
30573 30900 3121 939 3386 877 1 0 11470 11143 -3970 22 327
30900 31109 3386 877 3294 760 0 1 11143 10934 4770 144 209
31109 32624 3294 760 3052 2033 1 0 10934 9419 -4770 144 1515
32624 32887 3052 2033 3124 1842 0 1 9419 9156 5570 464 263
32887 33739 3124 1842 2525 1589 1 2 9156 8304 5730 31 852
33739 34517 2525 1589 2724 1010 2 1 8304 7526 -5570 66 778
34517 34992 2724 1010 3022 833 1 0 7526 7051 -5730 31 475
34992 35156 3022 833 3161 808 0 1 7051 6887 6386 259 164
35156 35391 3161 808 3100 982 1 2 6887 6652 6338 35 235
35391 36263 3100 982 2310 1064 2 1 6652 5780 -6386 259 872
36263 36746 2310 1064 2140 1377 1 0 5780 5297 -6338 35 483
36746 37037 2140 1377 2035 1563 0 1 5297 5006 7026 115 291
37037 38039 2035 1563 2722 1248 1 0 5006 4004 -7026 115 1002
38039 46026 2722 1248 2722 1248 0 0 4004 4004 0 7987 0
46026 50000 2722 1248 1250 3750 0 0 4004 30 1000000000 0 3974
--------------------------------------
--------------------------------------
EV9
--------------------------------------
Num TPs served = 19
TPs served = 450 626 722 978 1010 1218 1634 2018 2498 2882 3538 3650 4754 4978 5378 5714 6754 7154 7666
Total energy used = 35122
--------------------------------------
Schedule:
0 5627 1250 3750 1250 3750 0 0 35632 35632 0 5627 0
5627 9746 1250 3750 2257 638 0 1 35632 31513 450 377 4119
9746 10502 2257 638 2809 842 1 0 31513 30757 -450 377 756
10502 11492 2809 842 2809 842 0 0 30757 30757 0 990 0
11492 12271 2809 842 2295 1107 0 1 30757 29978 626 323 779
12271 12919 2295 1107 2783 947 1 0 29978 29330 -626 323 648
12919 13741 2783 947 3198 540 0 1 29330 28508 722 155 822
13741 14931 3198 540 3028 1560 1 0 28508 27318 -722 155 1190
14931 14962 3028 1560 3028 1560 0 0 27318 27318 0 31 0
14962 15542 3028 1560 2783 1225 0 1 27318 26738 978 222 580
15542 15988 2783 1225 2974 970 1 0 26738 26292 -978 222 446
15988 16526 2974 970 3484 942 0 1 26292 25754 1010 24 538
16526 17299 3484 942 2805 1036 1 2 25754 24981 1218 252 773
17299 18152 2805 1036 1958 1042 2 1 24981 24128 -1010 24 853
18152 18583 1958 1042 1945 624 1 0 24128 23697 -1218 240 431
18583 19663 1945 624 2643 1006 0 1 23697 22617 1634 144 1080
19663 20791 2643 1006 3511 1266 1 0 22617 21489 -1634 144 1128
20791 21321 3511 1266 3971 1196 0 1 21489 20959 2018 474 530
21321 22572 3971 1196 3171 745 1 0 20959 19708 -2018 474 1251
22572 22608 3171 745 3171 745 0 0 19708 19708 0 36 0
22608 23115 3171 745 3295 362 0 1 19708 19201 2498 672 507
23115 24460 3295 362 3433 1569 1 0 19201 17856 -2498 672 1345
24460 25232 3433 1569 3777 1141 0 1 17856 17084 2882 27 772
25232 26618 3777 1141 2909 623 1 0 17084 15698 -2882 27 1386
26618 27488 2909 623 2246 416 0 1 15698 14828 3650 283 870
27488 27711 2246 416 2310 575 1 2 14828 14605 3538 52 223
27711 28955 2310 575 3356 773 2 1 14605 13361 -3650 283 1244
28955 29811 3356 773 3808 1177 1 0 13361 12505 -3538 52 856
29811 30416 3808 1177 3808 1177 0 0 12505 12505 0 605 0
30416 30438 3808 1177 3827 1180 0 1 12505 12483 4754 694 22
30438 31296 3827 1180 3191 1402 1 2 12483 11625 4978 399 858
31296 32194 3191 1402 2476 1219 2 1 11625 10727 -4754 328 898
32194 32686 2476 1219 2319 884 1 2 10727 10235 5378 662 492
32686 32793 2319 884 2330 980 2 1 10235 10128 -4978 185 107
32793 33179 2330 980 2526 1170 1 2 10128 9742 5714 473 386
33179 34240 2526 1170 2888 1869 2 1 9742 8681 -5714 473 1061
34240 35004 2888 1869 3501 2020 1 0 8681 7917 -5378 662 764
35004 36140 3501 2020 2709 1676 0 1 7917 6781 6754 24 1136
36140 36805 2709 1676 3105 1407 1 0 6781 6116 -6754 24 665
36805 37411 3105 1407 2791 1115 0 1 6116 5510 7154 25 606
37411 38263 2791 1115 3188 1570 1 0 5510 4658 -7154 25 852
38263 38570 3188 1570 2896 1555 0 1 4658 4351 7666 298 307
38570 39185 2896 1555 2349 1623 1 0 4351 3736 -7666 298 615
39185 46774 2349 1623 2349 1623 0 0 3736 3736 0 7589 0
46774 50000 2349 1623 1250 3750 0 0 3736 510 1000000000 0 3226
--------------------------------------
--------------------------------------
EV10
--------------------------------------
Num TPs served = 6
TPs served = 706 866 1042 1106 1346 2578
Total energy used = 35522
--------------------------------------
Schedule:
0 9852 1250 3750 1250 3750 0 0 35632 35632 0 9852 0
9852 13129 1250 3750 2619 1842 0 1 35632 32355 706 468 3277
13129 14067 2619 1842 2280 1243 1 0 32355 31417 -706 468 938
14067 14716 2280 1243 2538 1634 0 1 31417 30768 866 488 649
14716 15704 2538 1634 2434 750 1 0 30768 29780 -866 488 988
15704 16197 2434 750 2499 1178 0 1 29780 29287 1042 36 493
16197 16823 2499 1178 2392 659 1 0 29287 28661 -1042 36 626
16823 17245 2392 659 2025 714 0 1 28661 28239 1106 195 422
17245 18511 2025 714 2021 1976 1 2 28239 26973 1346 5864 1266
18511 19467 2021 1976 2718 2235 2 1 26973 26017 -1106 187 956
19467 22774 2718 2235 2718 2235 1 1 26017 26017 0 3307 0
22774 23410 2718 2235 2849 1730 1 2 26017 25381 2578 252 636
23410 23916 2849 1730 2713 2100 2 1 25381 24875 -2578 252 506
23916 36392 2713 2100 9999 7290 1 0 24875 12399 -1346 1275 12476
36392 37711 9999 7290 9999 7290 0 0 12399 12399 0 1319 0
37711 50000 9999 7290 1250 3750 0 0 12399 110 1000000000 0 12289
--------------------------------------
--------------------------------------
EV11
--------------------------------------
Num TPs served = 16
TPs served = 738 802 1074 1266 1698 1794 2098 2610 3490 4386 4722 5298 5506 5890 6786 8130
Total energy used = 34900
--------------------------------------
Schedule:
0 8652 1250 3750 1250 3750 0 0 35632 35632 0 8652 0
8652 13457 1250 3750 3500 1195 0 1 35632 30827 738 311 4805
13457 14081 3500 1195 2888 1183 1 0 30827 30203 -738 311 624
14081 14362 2888 1183 2810 1386 0 1 30203 29922 802 97 281
14362 15295 2810 1386 2215 1048 1 0 29922 28989 -802 97 933
15295 15574 2215 1048 2215 1048 0 0 28989 28989 0 279 0
15574 16087 2215 1048 2521 841 0 1 28989 28476 1074 826 513
16087 16354 2521 841 2521 841 1 1 28476 28476 0 267 0
16354 17182 2521 841 3063 1127 1 2 28476 27648 1266 644 828
17182 18007 3063 1127 3809 1206 2 1 27648 26823 -1074 559 825
18007 18776 3809 1206 3657 1823 1 0 26823 26054 -1266 340 769
18776 18818 3657 1823 3657 1823 0 0 26054 26054 0 42 0
18818 20146 3657 1823 3225 927 0 1 26054 24726 1794 244 1328
20146 20264 3225 927 3324 946 1 2 24726 24608 1698 178 118
20264 20833 3324 946 2852 1043 2 1 24608 24039 -1794 46 569
20833 21917 2852 1043 2582 1857 1 0 24039 22955 -1698 178 1084
21917 22341 2582 1857 2410 1605 0 1 22955 22531 2098 24 424
22341 23772 2410 1605 3093 857 1 2 22531 21100 2610 757 1431
23772 24182 3093 857 3284 638 2 1 21100 20690 -2098 24 410
24182 26122 3284 638 1914 68 1 0 20690 18750 -2610 375 1940
26122 27044 1914 68 2201 703 0 1 18750 17828 3490 342 922
27044 28800 2201 703 3798 544 1 0 17828 16072 -3490 342 1756
28800 29734 3798 544 3210 198 0 1 16072 15138 4386 356 934
29734 30397 3210 198 2737 388 1 2 15138 14475 4722 745 663
30397 31210 2737 388 2729 1193 2 1 14475 13662 -4386 356 813
31210 31536 2729 1193 2729 1193 1 1 13662 13662 0 326 0
31536 31958 2729 1193 2968 1010 1 2 13662 13240 5298 339 422
31958 32637 2968 1010 3289 1368 2 1 13240 12561 -5298 339 679
32637 32651 3289 1368 3295 1376 1 0 12561 12547 -4722 37 14
32651 32906 3295 1376 3466 1292 0 1 12547 12292 5506 84 255
32906 33739 3466 1292 2655 1314 1 0 12292 11459 -5506 84 833
33739 34418 2655 1314 2784 1864 0 1 11459 10780 5890 124 679
34418 36410 2784 1864 1480 2552 1 0 10780 8788 -5890 124 1992
36410 37084 1480 2552 1699 2097 0 1 8788 8114 6786 150 674
37084 39649 1699 2097 2386 219 1 0 8114 5549 -6786 150 2565
39649 40322 2386 219 2461 817 0 1 5549 4876 8130 236 673
40322 41362 2461 817 2378 1774 1 0 4876 3836 -8130 236 1040
41362 46896 2378 1774 2378 1774 0 0 3836 3836 0 5534 0
46896 50000 2378 1774 1250 3750 0 0 3836 732 1000000000 0 3104
--------------------------------------
--------------------------------------
EV12
--------------------------------------
Num TPs served = 10
TPs served = 834 1122 1234 1378 1906 2450 2642 3058 3378 8354
Total energy used = 35486
--------------------------------------
Schedule:
0 9195 1250 3750 1250 3750 0 0 35632 35632 0 9195 0
9195 14304 1250 3750 3140 531 0 1 35632 30523 834 160 5109
14304 14625 3140 531 2846 504 1 0 30523 30202 -834 160 321
14625 15265 2846 504 2846 504 0 0 30202 30202 0 640 0
15265 16440 2846 504 2984 1541 0 1 30202 29027 1122 853 1175
16440 16677 2984 1541 2984 1541 1 1 29027 29027 0 237 0
16677 17018 2984 1541 3133 1349 1 2 29027 28686 1234 957 341
17018 17108 3133 1349 3133 1349 2 2 28686 28686 0 90 0
17108 17865 3133 1349 2924 801 2 3 28686 27929 1378 242 757
17865 18351 2924 801 2713 526 3 2 27929 27443 -1378 242 486
18351 18773 2713 526 2656 161 2 1 27443 27021 -1122 228 422
18773 19744 2656 161 2045 521 1 0 27021 26050 -1234 147 971
19744 20922 2045 521 2288 1456 0 1 26050 24872 1906 660 1178
20922 22708 2288 1456 4007 1389 1 0 24872 23086 -1906 660 1786
22708 22771 4007 1389 4007 1389 0 0 23086 23086 0 63 0
22771 23661 4007 1389 3143 1415 0 1 23086 22196 2642 348 890
23661 24358 3143 1415 2604 1257 1 0 22196 21499 -2642 348 697
24358 24933 2604 1257 2604 1257 0 0 21499 21499 0 575 0
24933 25147 2604 1257 2672 1403 0 1 21499 21285 3058 157 214
25147 25463 2672 1403 2718 1673 1 0 21285 20969 -3058 157 316
25463 25629 2718 1673 2582 1643 0 1 20969 20803 2450 1522 166
25629 26661 2582 1643 2786 815 1 2 20803 19771 3378 43 1032
26661 27798 2786 815 3779 959 2 1 19771 18634 -3378 43 1137
27798 34382 3779 959 9999 595 1 0 18634 12050 -2450 1234 6584
34382 41338 9999 595 3619 1171 0 1 12050 5094 8354 273 6956
41338 42821 3619 1171 3189 2224 1 0 5094 3611 -8354 273 1483
42821 46535 3189 2224 3189 2224 0 0 3611 3611 0 3714 0
46535 50000 3189 2224 1250 3750 0 0 3611 146 1000000000 0 3465
--------------------------------------

-------------------------------------------------------------------------

TPs

-------------------------------------------------------------------------

----------------------
TP2 not allocated
----------------------

----------------------
TP18 allocated to 1
----------------------

----------------------
TP34 not allocated
----------------------

----------------------
TP50 allocated to 2
----------------------

----------------------
TP66 not allocated
----------------------

----------------------
TP82 not allocated
----------------------

----------------------
TP98 not allocated
----------------------

----------------------
TP114 not allocated
----------------------

----------------------
TP130 not allocated
----------------------

----------------------
TP146 not allocated
----------------------

----------------------
TP162 not allocated
----------------------

----------------------
TP178 not allocated
----------------------

----------------------
TP194 not allocated
----------------------

----------------------
TP210 allocated to 2
----------------------

----------------------
TP226 not allocated
----------------------

----------------------
TP242 not allocated
----------------------

----------------------
TP258 not allocated
----------------------

----------------------
TP274 allocated to 3
----------------------

----------------------
TP290 allocated to 4
----------------------

----------------------
TP306 allocated to 5
----------------------

----------------------
TP322 not allocated
----------------------

----------------------
TP338 not allocated
----------------------

----------------------
TP354 not allocated
----------------------

----------------------
TP370 allocated to 6
----------------------

----------------------
TP386 allocated to 7
----------------------

----------------------
TP402 allocated to 4
----------------------

----------------------
TP418 allocated to 8
----------------------

----------------------
TP434 allocated to 3
----------------------

----------------------
TP450 allocated to 9
----------------------

----------------------
TP466 allocated to 6
----------------------

----------------------
TP482 allocated to 7
----------------------

----------------------
TP498 allocated to 3
----------------------

----------------------
TP514 allocated to 5
----------------------

----------------------
TP530 allocated to 7
----------------------

----------------------
TP546 allocated to 6
----------------------

----------------------
TP562 allocated to 4
----------------------

----------------------
TP578 allocated to 4
----------------------

----------------------
TP594 allocated to 8
----------------------

----------------------
TP610 allocated to 3
----------------------

----------------------
TP626 allocated to 9
----------------------

----------------------
TP642 allocated to 4
----------------------

----------------------
TP658 allocated to 8
----------------------

----------------------
TP674 allocated to 5
----------------------

----------------------
TP690 allocated to 7
----------------------

----------------------
TP706 allocated to 10
----------------------

----------------------
TP722 allocated to 9
----------------------

----------------------
TP738 allocated to 11
----------------------

----------------------
TP754 allocated to 3
----------------------

----------------------
TP770 allocated to 7
----------------------

----------------------
TP786 allocated to 8
----------------------

----------------------
TP802 allocated to 11
----------------------

----------------------
TP818 allocated to 4
----------------------

----------------------
TP834 allocated to 12
----------------------

----------------------
TP850 not allocated
----------------------

----------------------
TP866 allocated to 10
----------------------

----------------------
TP882 allocated to 5
----------------------

----------------------
TP898 allocated to 6
----------------------

----------------------
TP914 allocated to 3
----------------------

----------------------
TP930 allocated to 5
----------------------

----------------------
TP946 allocated to 7
----------------------

----------------------
TP962 allocated to 8
----------------------

----------------------
TP978 allocated to 9
----------------------

----------------------
TP994 allocated to 6
----------------------

----------------------
TP1010 allocated to 9
----------------------

----------------------
TP1026 allocated to 4
----------------------

----------------------
TP1042 allocated to 10
----------------------

----------------------
TP1058 allocated to 7
----------------------

----------------------
TP1074 allocated to 11
----------------------

----------------------
TP1090 allocated to 8
----------------------

----------------------
TP1106 allocated to 10
----------------------

----------------------
TP1122 allocated to 12
----------------------

----------------------
TP1138 allocated to 3
----------------------

----------------------
TP1154 not allocated
----------------------

----------------------
TP1170 not allocated
----------------------

----------------------
TP1186 allocated to 6
----------------------

----------------------
TP1202 not allocated
----------------------

----------------------
TP1218 allocated to 9
----------------------

----------------------
TP1234 allocated to 12
----------------------

----------------------
TP1250 not allocated
----------------------

----------------------
TP1266 allocated to 11
----------------------

----------------------
TP1282 not allocated
----------------------

----------------------
TP1298 not allocated
----------------------

----------------------
TP1314 allocated to 3
----------------------

----------------------
TP1330 not allocated
----------------------

----------------------
TP1346 allocated to 10
----------------------

----------------------
TP1362 allocated to 5
----------------------

----------------------
TP1378 allocated to 12
----------------------

----------------------
TP1394 allocated to 7
----------------------

----------------------
TP1410 not allocated
----------------------

----------------------
TP1426 not allocated
----------------------

----------------------
TP1442 not allocated
----------------------

----------------------
TP1458 allocated to 8
----------------------

----------------------
TP1474 not allocated
----------------------

----------------------
TP1490 not allocated
----------------------

----------------------
TP1506 not allocated
----------------------

----------------------
TP1522 not allocated
----------------------

----------------------
TP1538 allocated to 4
----------------------

----------------------
TP1554 not allocated
----------------------

----------------------
TP1570 not allocated
----------------------

----------------------
TP1586 not allocated
----------------------

----------------------
TP1602 allocated to 6
----------------------

----------------------
TP1618 not allocated
----------------------

----------------------
TP1634 allocated to 9
----------------------

----------------------
TP1650 allocated to 5
----------------------

----------------------
TP1666 not allocated
----------------------

----------------------
TP1682 not allocated
----------------------

----------------------
TP1698 allocated to 11
----------------------

----------------------
TP1714 allocated to 6
----------------------

----------------------
TP1730 not allocated
----------------------

----------------------
TP1746 not allocated
----------------------

----------------------
TP1762 allocated to 8
----------------------

----------------------
TP1778 not allocated
----------------------

----------------------
TP1794 allocated to 11
----------------------

----------------------
TP1810 allocated to 5
----------------------

----------------------
TP1826 allocated to 5
----------------------

----------------------
TP1842 allocated to 6
----------------------

----------------------
TP1858 allocated to 4
----------------------

----------------------
TP1874 not allocated
----------------------

----------------------
TP1890 not allocated
----------------------

----------------------
TP1906 allocated to 12
----------------------

----------------------
TP1922 not allocated
----------------------

----------------------
TP1938 allocated to 7
----------------------

----------------------
TP1954 not allocated
----------------------

----------------------
TP1970 allocated to 3
----------------------

----------------------
TP1986 not allocated
----------------------

----------------------
TP2002 not allocated
----------------------

----------------------
TP2018 allocated to 9
----------------------

----------------------
TP2034 not allocated
----------------------

----------------------
TP2050 not allocated
----------------------

----------------------
TP2066 not allocated
----------------------

----------------------
TP2082 not allocated
----------------------

----------------------
TP2098 allocated to 11
----------------------

----------------------
TP2114 not allocated
----------------------

----------------------
TP2130 allocated to 8
----------------------

----------------------
TP2146 not allocated
----------------------

----------------------
TP2162 not allocated
----------------------

----------------------
TP2178 not allocated
----------------------

----------------------
TP2194 allocated to 4
----------------------

----------------------
TP2210 not allocated
----------------------

----------------------
TP2226 not allocated
----------------------

----------------------
TP2242 not allocated
----------------------

----------------------
TP2258 not allocated
----------------------

----------------------
TP2274 not allocated
----------------------

----------------------
TP2290 allocated to 1
----------------------

----------------------
TP2306 not allocated
----------------------

----------------------
TP2322 allocated to 3
----------------------

----------------------
TP2338 allocated to 1
----------------------

----------------------
TP2354 not allocated
----------------------

----------------------
TP2370 not allocated
----------------------

----------------------
TP2386 not allocated
----------------------

----------------------
TP2402 not allocated
----------------------

----------------------
TP2418 allocated to 5
----------------------

----------------------
TP2434 not allocated
----------------------

----------------------
TP2450 allocated to 12
----------------------

----------------------
TP2466 allocated to 7
----------------------

----------------------
TP2482 allocated to 8
----------------------

----------------------
TP2498 allocated to 9
----------------------

----------------------
TP2514 allocated to 4
----------------------

----------------------
TP2530 not allocated
----------------------

----------------------
TP2546 not allocated
----------------------

----------------------
TP2562 not allocated
----------------------

----------------------
TP2578 allocated to 10
----------------------

----------------------
TP2594 not allocated
----------------------

----------------------
TP2610 allocated to 11
----------------------

----------------------
TP2626 not allocated
----------------------

----------------------
TP2642 allocated to 12
----------------------

----------------------
TP2658 not allocated
----------------------

----------------------
TP2674 not allocated
----------------------

----------------------
TP2690 not allocated
----------------------

----------------------
TP2706 not allocated
----------------------

----------------------
TP2722 not allocated
----------------------

----------------------
TP2738 not allocated
----------------------

----------------------
TP2754 not allocated
----------------------

----------------------
TP2770 not allocated
----------------------

----------------------
TP2786 not allocated
----------------------

----------------------
TP2802 not allocated
----------------------

----------------------
TP2818 not allocated
----------------------

----------------------
TP2834 allocated to 5
----------------------

----------------------
TP2850 not allocated
----------------------

----------------------
TP2866 not allocated
----------------------

----------------------
TP2882 allocated to 9
----------------------

----------------------
TP2898 allocated to 3
----------------------

----------------------
TP2914 allocated to 4
----------------------

----------------------
TP2930 not allocated
----------------------

----------------------
TP2946 not allocated
----------------------

----------------------
TP2962 allocated to 7
----------------------

----------------------
TP2978 allocated to 3
----------------------

----------------------
TP2994 not allocated
----------------------

----------------------
TP3010 allocated to 6
----------------------

----------------------
TP3026 not allocated
----------------------

----------------------
TP3042 not allocated
----------------------

----------------------
TP3058 allocated to 12
----------------------

----------------------
TP3074 not allocated
----------------------

----------------------
TP3090 not allocated
----------------------

----------------------
TP3106 not allocated
----------------------

----------------------
TP3122 allocated to 8
----------------------

----------------------
TP3138 not allocated
----------------------

----------------------
TP3154 not allocated
----------------------

----------------------
TP3170 not allocated
----------------------

----------------------
TP3186 not allocated
----------------------

----------------------
TP3202 allocated to 2
----------------------

----------------------
TP3218 allocated to 8
----------------------

----------------------
TP3234 not allocated
----------------------

----------------------
TP3250 not allocated
----------------------

----------------------
TP3266 allocated to 6
----------------------

----------------------
TP3282 not allocated
----------------------

----------------------
TP3298 not allocated
----------------------

----------------------
TP3314 allocated to 5
----------------------

----------------------
TP3330 not allocated
----------------------

----------------------
TP3346 allocated to 4
----------------------

----------------------
TP3362 allocated to 7
----------------------

----------------------
TP3378 allocated to 12
----------------------

----------------------
TP3394 not allocated
----------------------

----------------------
TP3410 not allocated
----------------------

----------------------
TP3426 not allocated
----------------------

----------------------
TP3442 not allocated
----------------------

----------------------
TP3458 not allocated
----------------------

----------------------
TP3474 not allocated
----------------------

----------------------
TP3490 allocated to 11
----------------------

----------------------
TP3506 not allocated
----------------------

----------------------
TP3522 not allocated
----------------------

----------------------
TP3538 allocated to 9
----------------------

----------------------
TP3554 allocated to 5
----------------------

----------------------
TP3570 allocated to 2
----------------------

----------------------
TP3586 allocated to 1
----------------------

----------------------
TP3602 not allocated
----------------------

----------------------
TP3618 allocated to 1
----------------------

----------------------
TP3634 not allocated
----------------------

----------------------
TP3650 allocated to 9
----------------------

----------------------
TP3666 not allocated
----------------------

----------------------
TP3682 allocated to 3
----------------------

----------------------
TP3698 not allocated
----------------------

----------------------
TP3714 allocated to 6
----------------------

----------------------
TP3730 not allocated
----------------------

----------------------
TP3746 not allocated
----------------------

----------------------
TP3762 not allocated
----------------------

----------------------
TP3778 not allocated
----------------------

----------------------
TP3794 not allocated
----------------------

----------------------
TP3810 not allocated
----------------------

----------------------
TP3826 not allocated
----------------------

----------------------
TP3842 not allocated
----------------------

----------------------
TP3858 not allocated
----------------------

----------------------
TP3874 allocated to 7
----------------------

----------------------
TP3890 not allocated
----------------------

----------------------
TP3906 not allocated
----------------------

----------------------
TP3922 not allocated
----------------------

----------------------
TP3938 not allocated
----------------------

----------------------
TP3954 not allocated
----------------------

----------------------
TP3970 allocated to 8
----------------------

----------------------
TP3986 not allocated
----------------------

----------------------
TP4002 not allocated
----------------------

----------------------
TP4018 not allocated
----------------------

----------------------
TP4034 not allocated
----------------------

----------------------
TP4050 not allocated
----------------------

----------------------
TP4066 not allocated
----------------------

----------------------
TP4082 not allocated
----------------------

----------------------
TP4098 not allocated
----------------------

----------------------
TP4114 not allocated
----------------------

----------------------
TP4130 allocated to 3
----------------------

----------------------
TP4146 not allocated
----------------------

----------------------
TP4162 allocated to 2
----------------------

----------------------
TP4178 allocated to 5
----------------------

----------------------
TP4194 not allocated
----------------------

----------------------
TP4210 allocated to 1
----------------------

----------------------
TP4226 allocated to 8
----------------------

----------------------
TP4242 not allocated
----------------------

----------------------
TP4258 not allocated
----------------------

----------------------
TP4274 not allocated
----------------------

----------------------
TP4290 not allocated
----------------------

----------------------
TP4306 not allocated
----------------------

----------------------
TP4322 not allocated
----------------------

----------------------
TP4338 not allocated
----------------------

----------------------
TP4354 not allocated
----------------------

----------------------
TP4370 not allocated
----------------------

----------------------
TP4386 allocated to 11
----------------------

----------------------
TP4402 not allocated
----------------------

----------------------
TP4418 not allocated
----------------------

----------------------
TP4434 not allocated
----------------------

----------------------
TP4450 allocated to 6
----------------------

----------------------
TP4466 not allocated
----------------------

----------------------
TP4482 not allocated
----------------------

----------------------
TP4498 not allocated
----------------------

----------------------
TP4514 not allocated
----------------------

----------------------
TP4530 not allocated
----------------------

----------------------
TP4546 not allocated
----------------------

----------------------
TP4562 allocated to 2
----------------------

----------------------
TP4578 allocated to 8
----------------------

----------------------
TP4594 not allocated
----------------------

----------------------
TP4610 not allocated
----------------------

----------------------
TP4626 allocated to 2
----------------------

----------------------
TP4642 allocated to 7
----------------------

----------------------
TP4658 not allocated
----------------------

----------------------
TP4674 allocated to 7
----------------------

----------------------
TP4690 not allocated
----------------------

----------------------
TP4706 allocated to 5
----------------------

----------------------
TP4722 allocated to 11
----------------------

----------------------
TP4738 not allocated
----------------------

----------------------
TP4754 allocated to 9
----------------------

----------------------
TP4770 allocated to 8
----------------------

----------------------
TP4786 not allocated
----------------------

----------------------
TP4802 not allocated
----------------------

----------------------
TP4818 not allocated
----------------------

----------------------
TP4834 not allocated
----------------------

----------------------
TP4850 not allocated
----------------------

----------------------
TP4866 not allocated
----------------------

----------------------
TP4882 allocated to 2
----------------------

----------------------
TP4898 not allocated
----------------------

----------------------
TP4914 not allocated
----------------------

----------------------
TP4930 allocated to 6
----------------------

----------------------
TP4946 allocated to 7
----------------------

----------------------
TP4962 not allocated
----------------------

----------------------
TP4978 allocated to 9
----------------------

----------------------
TP4994 not allocated
----------------------

----------------------
TP5010 not allocated
----------------------

----------------------
TP5026 not allocated
----------------------

----------------------
TP5042 not allocated
----------------------

----------------------
TP5058 not allocated
----------------------

----------------------
TP5074 not allocated
----------------------

----------------------
TP5090 not allocated
----------------------

----------------------
TP5106 not allocated
----------------------

----------------------
TP5122 not allocated
----------------------

----------------------
TP5138 not allocated
----------------------

----------------------
TP5154 not allocated
----------------------

----------------------
TP5170 not allocated
----------------------

----------------------
TP5186 not allocated
----------------------

----------------------
TP5202 not allocated
----------------------

----------------------
TP5218 not allocated
----------------------

----------------------
TP5234 not allocated
----------------------

----------------------
TP5250 allocated to 5
----------------------

----------------------
TP5266 not allocated
----------------------

----------------------
TP5282 not allocated
----------------------

----------------------
TP5298 allocated to 11
----------------------

----------------------
TP5314 not allocated
----------------------

----------------------
TP5330 not allocated
----------------------

----------------------
TP5346 not allocated
----------------------

----------------------
TP5362 not allocated
----------------------

----------------------
TP5378 allocated to 9
----------------------

----------------------
TP5394 not allocated
----------------------

----------------------
TP5410 not allocated
----------------------

----------------------
TP5426 not allocated
----------------------

----------------------
TP5442 allocated to 1
----------------------

----------------------
TP5458 not allocated
----------------------

----------------------
TP5474 not allocated
----------------------

----------------------
TP5490 not allocated
----------------------

----------------------
TP5506 allocated to 11
----------------------

----------------------
TP5522 allocated to 5
----------------------

----------------------
TP5538 not allocated
----------------------

----------------------
TP5554 not allocated
----------------------

----------------------
TP5570 allocated to 8
----------------------

----------------------
TP5586 allocated to 6
----------------------

----------------------
TP5602 not allocated
----------------------

----------------------
TP5618 not allocated
----------------------

----------------------
TP5634 not allocated
----------------------

----------------------
TP5650 not allocated
----------------------

----------------------
TP5666 not allocated
----------------------

----------------------
TP5682 not allocated
----------------------

----------------------
TP5698 not allocated
----------------------

----------------------
TP5714 allocated to 9
----------------------

----------------------
TP5730 allocated to 8
----------------------

----------------------
TP5746 not allocated
----------------------

----------------------
TP5762 allocated to 7
----------------------

----------------------
TP5778 not allocated
----------------------

----------------------
TP5794 not allocated
----------------------

----------------------
TP5810 not allocated
----------------------

----------------------
TP5826 not allocated
----------------------

----------------------
TP5842 not allocated
----------------------

----------------------
TP5858 not allocated
----------------------

----------------------
TP5874 not allocated
----------------------

----------------------
TP5890 allocated to 11
----------------------

----------------------
TP5906 not allocated
----------------------

----------------------
TP5922 not allocated
----------------------

----------------------
TP5938 not allocated
----------------------

----------------------
TP5954 not allocated
----------------------

----------------------
TP5970 not allocated
----------------------

----------------------
TP5986 not allocated
----------------------

----------------------
TP6002 not allocated
----------------------

----------------------
TP6018 not allocated
----------------------

----------------------
TP6034 not allocated
----------------------

----------------------
TP6050 not allocated
----------------------

----------------------
TP6066 allocated to 5
----------------------

----------------------
TP6082 not allocated
----------------------

----------------------
TP6098 not allocated
----------------------

----------------------
TP6114 not allocated
----------------------

----------------------
TP6130 not allocated
----------------------

----------------------
TP6146 not allocated
----------------------

----------------------
TP6162 not allocated
----------------------

----------------------
TP6178 not allocated
----------------------

----------------------
TP6194 not allocated
----------------------

----------------------
TP6210 not allocated
----------------------

----------------------
TP6226 not allocated
----------------------

----------------------
TP6242 not allocated
----------------------

----------------------
TP6258 allocated to 5
----------------------

----------------------
TP6274 not allocated
----------------------

----------------------
TP6290 not allocated
----------------------

----------------------
TP6306 not allocated
----------------------

----------------------
TP6322 not allocated
----------------------

----------------------
TP6338 allocated to 8
----------------------

----------------------
TP6354 not allocated
----------------------

----------------------
TP6370 not allocated
----------------------

----------------------
TP6386 allocated to 8
----------------------

----------------------
TP6402 allocated to 7
----------------------

----------------------
TP6418 not allocated
----------------------

----------------------
TP6434 not allocated
----------------------

----------------------
TP6450 not allocated
----------------------

----------------------
TP6466 not allocated
----------------------

----------------------
TP6482 not allocated
----------------------

----------------------
TP6498 not allocated
----------------------

----------------------
TP6514 not allocated
----------------------

----------------------
TP6530 not allocated
----------------------

----------------------
TP6546 not allocated
----------------------

----------------------
TP6562 not allocated
----------------------

----------------------
TP6578 not allocated
----------------------

----------------------
TP6594 not allocated
----------------------

----------------------
TP6610 not allocated
----------------------

----------------------
TP6626 not allocated
----------------------

----------------------
TP6642 not allocated
----------------------

----------------------
TP6658 not allocated
----------------------

----------------------
TP6674 not allocated
----------------------

----------------------
TP6690 not allocated
----------------------

----------------------
TP6706 not allocated
----------------------

----------------------
TP6722 not allocated
----------------------

----------------------
TP6738 not allocated
----------------------

----------------------
TP6754 allocated to 9
----------------------

----------------------
TP6770 not allocated
----------------------

----------------------
TP6786 allocated to 11
----------------------

----------------------
TP6802 not allocated
----------------------

----------------------
TP6818 not allocated
----------------------

----------------------
TP6834 not allocated
----------------------

----------------------
TP6850 not allocated
----------------------

----------------------
TP6866 not allocated
----------------------

----------------------
TP6882 not allocated
----------------------

----------------------
TP6898 not allocated
----------------------

----------------------
TP6914 not allocated
----------------------

----------------------
TP6930 not allocated
----------------------

----------------------
TP6946 not allocated
----------------------

----------------------
TP6962 not allocated
----------------------

----------------------
TP6978 not allocated
----------------------

----------------------
TP6994 not allocated
----------------------

----------------------
TP7010 not allocated
----------------------

----------------------
TP7026 allocated to 8
----------------------

----------------------
TP7042 not allocated
----------------------

----------------------
TP7058 not allocated
----------------------

----------------------
TP7074 not allocated
----------------------

----------------------
TP7090 not allocated
----------------------

----------------------
TP7106 not allocated
----------------------

----------------------
TP7122 not allocated
----------------------

----------------------
TP7138 not allocated
----------------------

----------------------
TP7154 allocated to 9
----------------------

----------------------
TP7170 not allocated
----------------------

----------------------
TP7186 not allocated
----------------------

----------------------
TP7202 not allocated
----------------------

----------------------
TP7218 not allocated
----------------------

----------------------
TP7234 not allocated
----------------------

----------------------
TP7250 not allocated
----------------------

----------------------
TP7266 not allocated
----------------------

----------------------
TP7282 not allocated
----------------------

----------------------
TP7298 not allocated
----------------------

----------------------
TP7314 not allocated
----------------------

----------------------
TP7330 not allocated
----------------------

----------------------
TP7346 not allocated
----------------------

----------------------
TP7362 not allocated
----------------------

----------------------
TP7378 not allocated
----------------------

----------------------
TP7394 not allocated
----------------------

----------------------
TP7410 not allocated
----------------------

----------------------
TP7426 not allocated
----------------------

----------------------
TP7442 not allocated
----------------------

----------------------
TP7458 not allocated
----------------------

----------------------
TP7474 not allocated
----------------------

----------------------
TP7490 not allocated
----------------------

----------------------
TP7506 not allocated
----------------------

----------------------
TP7522 not allocated
----------------------

----------------------
TP7538 not allocated
----------------------

----------------------
TP7554 not allocated
----------------------

----------------------
TP7570 not allocated
----------------------

----------------------
TP7586 not allocated
----------------------

----------------------
TP7602 not allocated
----------------------

----------------------
TP7618 not allocated
----------------------

----------------------
TP7634 not allocated
----------------------

----------------------
TP7650 not allocated
----------------------

----------------------
TP7666 allocated to 9
----------------------

----------------------
TP7682 not allocated
----------------------

----------------------
TP7698 not allocated
----------------------

----------------------
TP7714 not allocated
----------------------

----------------------
TP7730 not allocated
----------------------

----------------------
TP7746 not allocated
----------------------

----------------------
TP7762 not allocated
----------------------

----------------------
TP7778 not allocated
----------------------

----------------------
TP7794 not allocated
----------------------

----------------------
TP7810 not allocated
----------------------

----------------------
TP7826 not allocated
----------------------

----------------------
TP7842 not allocated
----------------------

----------------------
TP7858 not allocated
----------------------

----------------------
TP7874 not allocated
----------------------

----------------------
TP7890 not allocated
----------------------

----------------------
TP7906 not allocated
----------------------

----------------------
TP7922 not allocated
----------------------

----------------------
TP7938 not allocated
----------------------

----------------------
TP7954 not allocated
----------------------

----------------------
TP7970 not allocated
----------------------

----------------------
TP7986 not allocated
----------------------

----------------------
TP8002 not allocated
----------------------

----------------------
TP8018 not allocated
----------------------

----------------------
TP8034 not allocated
----------------------

----------------------
TP8050 not allocated
----------------------

----------------------
TP8066 not allocated
----------------------

----------------------
TP8082 not allocated
----------------------

----------------------
TP8098 not allocated
----------------------

----------------------
TP8114 not allocated
----------------------

----------------------
TP8130 allocated to 11
----------------------

----------------------
TP8146 not allocated
----------------------

----------------------
TP8162 not allocated
----------------------

----------------------
TP8178 not allocated
----------------------

----------------------
TP8194 not allocated
----------------------

----------------------
TP8210 not allocated
----------------------

----------------------
TP8226 not allocated
----------------------

----------------------
TP8242 not allocated
----------------------

----------------------
TP8258 not allocated
----------------------

----------------------
TP8274 not allocated
----------------------

----------------------
TP8290 not allocated
----------------------

----------------------
TP8306 not allocated
----------------------

----------------------
TP8322 not allocated
----------------------

----------------------
TP8338 not allocated
----------------------

----------------------
TP8354 allocated to 12
----------------------

----------------------
TP8370 not allocated
----------------------

----------------------
TP8386 not allocated
----------------------

----------------------
TP8402 not allocated
----------------------

----------------------
TP8418 not allocated
----------------------

----------------------
TP8434 not allocated
----------------------

----------------------
TP8450 not allocated
----------------------

----------------------
TP8466 not allocated
----------------------

----------------------
TP8482 not allocated
----------------------

----------------------
TP8498 not allocated
----------------------

----------------------
TP8514 not allocated
----------------------

----------------------
TP8530 not allocated
----------------------

----------------------
TP8546 not allocated
----------------------

----------------------
TP8562 not allocated
----------------------

----------------------
TP8578 not allocated
----------------------

----------------------
TP8594 not allocated
----------------------

----------------------
TP8610 not allocated
----------------------

----------------------
TP8626 not allocated
----------------------

----------------------
TP8642 not allocated
----------------------

----------------------
TP8658 not allocated
----------------------

----------------------
TP8674 not allocated
----------------------

----------------------
TP8690 not allocated
----------------------

----------------------
TP8706 not allocated
----------------------

----------------------
TP8722 not allocated
----------------------

----------------------
TP8738 not allocated
----------------------

----------------------
TP8754 not allocated
----------------------

----------------------
TP8770 not allocated
----------------------

----------------------
TP8786 not allocated
----------------------

----------------------
TP8802 not allocated
----------------------

----------------------
TP8818 not allocated
----------------------

----------------------
TP8834 not allocated
----------------------

----------------------
TP8850 not allocated
----------------------

----------------------
TP8866 not allocated
----------------------

----------------------
TP8882 not allocated
----------------------

----------------------
TP8898 not allocated
----------------------

----------------------
TP8914 not allocated
----------------------

----------------------
TP8930 not allocated
----------------------

----------------------
TP8946 not allocated
----------------------

----------------------
TP8962 not allocated
----------------------

----------------------
TP8978 not allocated
----------------------

----------------------
TP8994 not allocated
----------------------

----------------------
TP9010 not allocated
----------------------

----------------------
TP9026 not allocated
----------------------

----------------------
TP9042 not allocated
----------------------

----------------------
TP9058 not allocated
----------------------

----------------------
TP9074 not allocated
----------------------

----------------------
TP9090 not allocated
----------------------

----------------------
TP9106 not allocated
----------------------

----------------------
TP9122 not allocated
----------------------

----------------------
TP9138 not allocated
----------------------

----------------------
TP9154 not allocated
----------------------

----------------------
TP9170 not allocated
----------------------

----------------------
TP9186 not allocated
----------------------

----------------------
TP9202 not allocated
----------------------

----------------------
TP9218 not allocated
----------------------

----------------------
TP9234 not allocated
----------------------

----------------------
TP9250 not allocated
----------------------

----------------------
TP9266 not allocated
----------------------

----------------------
TP9282 not allocated
----------------------

----------------------
TP9298 not allocated
----------------------

----------------------
TP9314 not allocated
----------------------

----------------------
TP9330 not allocated
----------------------

----------------------
TP9346 not allocated
----------------------

----------------------
TP9362 not allocated
----------------------

----------------------
TP9378 not allocated
----------------------

----------------------
TP9394 not allocated
----------------------

----------------------
TP9410 not allocated
----------------------

----------------------
TP9426 not allocated
----------------------

----------------------
TP9442 not allocated
----------------------

----------------------
TP9458 not allocated
----------------------

----------------------
TP9474 not allocated
----------------------

----------------------
TP9490 not allocated
----------------------

----------------------
TP9506 not allocated
----------------------

----------------------
TP9522 not allocated
----------------------

----------------------
TP9538 not allocated
----------------------

----------------------
TP9554 not allocated
----------------------

----------------------
TP9570 not allocated
----------------------

----------------------
TP9586 not allocated
----------------------

----------------------
TP9602 not allocated
----------------------

----------------------
TP9618 not allocated
----------------------

----------------------
TP9634 not allocated
----------------------

----------------------
TP9650 not allocated
----------------------

----------------------
TP9666 not allocated
----------------------

----------------------
TP9682 not allocated
----------------------

----------------------
TP9698 not allocated
----------------------

----------------------
TP9714 not allocated
----------------------

----------------------
TP9730 not allocated
----------------------

----------------------
TP9746 not allocated
----------------------

----------------------
TP9762 not allocated
----------------------

----------------------
TP9778 not allocated
----------------------

----------------------
TP9794 not allocated
----------------------

----------------------
TP9810 not allocated
----------------------

----------------------
TP9826 not allocated
----------------------

----------------------
TP9842 not allocated
----------------------

----------------------
TP9858 not allocated
----------------------

----------------------
TP9874 not allocated
----------------------

----------------------
TP9890 not allocated
----------------------

----------------------
TP9906 not allocated
----------------------

----------------------
TP9922 not allocated
----------------------

----------------------
TP9938 not allocated
----------------------

----------------------
TP9954 not allocated
----------------------

----------------------
TP9970 not allocated
----------------------

----------------------
TP9986 not allocated
----------------------

-------------------------------------------------------------------------

Ride-sharing vs Individual Mode - Num Vehicles and Distance Comparisson 

-------------------------------------------------------------------------
Individual Mode = 625 vehicles.
Ride-sharing Mode = 471 vehicles. The 12 ride-sharing vehicles + 459 vehicles of the individuals not served by the ride-sharing service.
-------------------------------------------------------------------------
Individual Mode = 923024 distance.
Ride-sharing Mode = 1068741 distance. 419264 from the EV fleet + 649477 from the distance of the trips not covered individuals had to do with their own vehicle.
-------------------------------------------------------------------------
