-------------------------------------------------------------------------
TPs satisfied = 319; Total TPs = 625; Percentage Satisfied + 51.0%
-------------------------------------------------------------------------

-------------------------------------------------------------------------

EVs

-------------------------------------------------------------------------
--------------------------------------
EV1
--------------------------------------
Num TPs served = 7
TPs served = 18 2290 2338 3586 3618 4210 5442
Total energy used = 35512
--------------------------------------
Schedule:
0 1 1250 3750 1250 3750 0 0 35632 35632 0 1 0
1 4263 1250 3750 2482 720 0 1 35632 31370 18 601 4262
4263 13990 2482 720 37 8002 1 0 31370 21643 -18 601 9727
13990 22382 37 8002 2147 1720 0 1 21643 13251 2290 422 8392
22382 23134 2147 1720 2636 1457 1 2 13251 12499 2338 511 752
23134 23679 2636 1457 2508 1040 2 1 12499 11954 -2290 166 545
23679 25740 2508 1040 4221 692 1 0 11954 9893 -2338 255 2061
25740 26980 4221 692 3225 936 0 1 9893 8653 3586 14 1240
26980 27261 3225 936 3217 1209 1 0 8653 8372 -3586 14 281
27261 27552 3217 1209 3172 963 0 1 8372 8081 3618 96 291
27552 28927 3172 963 2602 1768 1 0 8081 6706 -3618 96 1375
28927 29411 2602 1768 2501 1385 0 1 6706 6222 4210 64 484
29411 30612 2501 1385 3454 1633 1 0 6222 5021 -4210 64 1201
30612 31292 3454 1633 3454 1633 0 0 5021 5021 0 680 0
31292 32365 3454 1633 2671 1343 0 1 5021 3948 5442 301 1073
32365 32969 2671 1343 2235 1511 1 0 3948 3344 -5442 301 604
32969 46776 2235 1511 2235 1511 0 0 3344 3344 0 13807 0
46776 50000 2235 1511 1250 3750 0 0 3344 120 1000000000 0 3224
--------------------------------------
--------------------------------------
EV2
--------------------------------------
Num TPs served = 8
TPs served = 50 210 3202 3570 4162 4562 4626 4882
Total energy used = 35192
--------------------------------------
Schedule:
0 1 1250 3750 1250 3750 0 0 35632 35632 0 1 0
1 4548 1250 3750 2968 921 0 1 35632 31085 50 734 4547
4548 4938 2968 921 2877 1220 1 2 31085 30695 210 4969 390
4938 15112 2877 1220 1313 9830 2 1 30695 20521 -50 734 10174
15112 16968 1313 9830 449 8838 1 0 20521 18665 -210 2985 1856
16968 26299 449 8838 2624 1682 0 1 18665 9334 3202 296 9331
26299 26948 2624 1682 3044 1453 1 2 9334 8685 3570 333 649
26948 27911 3044 1453 3714 1160 2 1 8685 7722 -3570 333 963
27911 28515 3714 1160 3571 699 1 0 7722 7118 -3202 10 604
28515 29381 3571 699 3363 1357 0 1 7118 6252 4162 630 866
29381 29700 3363 1357 3363 1357 1 1 6252 6252 0 319 0
29700 29924 3363 1357 3324 1172 1 2 6252 6028 4562 89 224
29924 29994 3324 1172 3324 1172 2 2 6028 6028 0 70 0
29994 30089 3324 1172 3282 1119 2 3 6028 5933 4626 225 95
30089 30173 3282 1119 3226 1091 3 2 5933 5849 -4562 19 84
30173 30541 3226 1091 2989 960 2 1 5849 5481 -4626 225 368
30541 31018 2989 960 2600 872 1 2 5481 5004 4882 17 477
31018 31524 2600 872 2262 704 2 1 5004 4498 -4882 17 506
31524 32436 2262 704 1406 760 1 0 4498 3586 -4162 129 912
32436 46854 1406 760 1406 760 0 0 3586 3586 0 14418 0
46854 50000 1406 760 1250 3750 0 0 3586 440 1000000000 0 3146
--------------------------------------
--------------------------------------
EV3
--------------------------------------
Num TPs served = 14
TPs served = 274 434 498 610 754 914 1138 1314 1970 2322 2898 2978 3682 4130
Total energy used = 34420
--------------------------------------
Schedule:
0 3204 1250 3750 1250 3750 0 0 35632 35632 0 3204 0
3204 6898 1250 3750 2261 1067 0 1 35632 31938 274 475 3694
6898 8830 2261 1067 4182 1078 1 0 31938 30006 -274 475 1932
8830 8868 4182 1078 4182 1078 0 0 30006 30006 0 38 0
8868 9540 4182 1078 3847 741 0 1 30006 29334 434 1099 672
9540 10503 3847 741 2919 776 1 2 29334 28371 498 463 963
10503 11520 2919 776 2120 994 2 1 28371 27354 -498 463 1017
11520 12135 2120 994 1985 1474 1 2 27354 26739 610 1067 615
12135 12735 1985 1474 2483 1576 2 1 26739 26139 -434 103 600
12735 12983 2483 1576 2483 1576 1 1 26139 26139 0 248 0
12983 13621 2483 1576 2666 1121 1 2 26139 25501 754 666 638
13621 14955 2666 1121 3847 968 2 1 25501 24167 -754 666 1334
14955 15239 3847 968 3631 900 1 0 24167 23883 -610 183 284
15239 15583 3631 900 3413 1026 0 1 23883 23539 914 26 344
15583 16806 3413 1026 2551 1387 1 0 23539 22316 -914 26 1223
16806 16875 2551 1387 2508 1361 0 1 22316 22247 1138 347 69
16875 18208 2508 1361 2787 307 1 2 22247 20914 1314 384 1333
18208 18392 2787 307 2885 393 2 1 20914 20730 -1138 175 184
18392 20368 2885 393 4542 712 1 0 20730 18754 -1314 384 1976
20368 21066 4542 712 4067 935 0 1 18754 18056 1970 858 698
21066 21289 4067 935 4067 935 1 1 18056 18056 0 223 0
21289 22401 4067 935 3216 674 1 2 18056 16944 2322 731 1112
22401 23717 3216 674 2260 1034 2 1 16944 15628 -1970 113 1316
23717 24584 2260 1034 2121 306 1 0 15628 14761 -2322 11 867
24584 24876 2121 306 2378 271 0 1 14761 14469 2978 1513 292
24876 25291 2378 271 2678 386 1 2 14469 14054 2898 15 415
25291 26639 2678 386 2256 1312 2 1 14054 12706 -2898 15 1348
26639 26990 2256 1312 2256 1312 1 1 12706 12706 0 351 0
26990 27152 2256 1312 2373 1267 1 2 12706 12544 3682 652 162
27152 28458 2373 1267 3404 1542 2 1 12544 11238 -3682 652 1306
28458 29208 3404 1542 3535 2161 1 0 11238 10488 -2978 228 750
29208 30616 3535 2161 2994 1294 0 1 10488 9080 4130 217 1408
30616 34948 2994 1294 2952 5584 1 0 9080 4748 -4130 217 4332
34948 46464 2952 5584 2952 5584 0 0 4748 4748 0 11516 0
46464 50000 2952 5584 1250 3750 0 0 4748 1212 1000000000 0 3536
--------------------------------------
--------------------------------------
EV4
--------------------------------------
Num TPs served = 13
TPs served = 290 402 562 578 642 818 1026 1538 1858 2194 2514 2914 3346
Total energy used = 35516
--------------------------------------
Schedule:
0 3399 1250 3750 1250 3750 0 0 35632 35632 0 3399 0
3399 7351 1250 3750 2590 1138 0 1 35632 31680 290 12 3952
7351 8482 2590 1138 2705 122 1 0 31680 30549 -290 12 1131
8482 9355 2705 122 2936 764 0 1 30549 29676 402 262 873
9355 10660 2936 764 3277 1728 1 0 29676 28371 -402 262 1305
10660 11146 3277 1728 3277 1728 0 0 28371 28371 0 486 0
11146 11648 3277 1728 3194 1309 0 1 28371 27869 578 63 502
11648 11776 3194 1309 3249 1382 1 0 27869 27741 -578 63 128
11776 11980 3249 1382 3174 1511 0 1 27741 27537 562 241 204
11980 12017 3174 1511 3174 1511 1 1 27537 27537 0 37 0
12017 12458 3174 1511 2812 1590 1 2 27537 27096 642 645 441
12458 13845 2812 1590 2687 328 2 1 27096 25709 -562 46 1387
13845 13998 2687 328 2658 452 1 0 25709 25556 -642 397 153
13998 14691 2658 452 2195 682 0 1 25556 24863 818 0 693
14691 15720 2195 682 2450 1456 1 0 24863 23834 -818 0 1029
15720 16056 2450 1456 2616 1286 0 1 23834 23498 1026 743 336
16056 18039 2616 1286 4212 899 1 0 23498 21515 -1026 743 1983
18039 19083 4212 899 3570 1301 0 1 21515 20471 1538 55 1044
19083 19931 3570 1301 3481 542 1 0 20471 19623 -1538 55 848
19931 20699 3481 542 3088 917 0 1 19623 18855 1858 135 768
20699 21470 3088 917 2946 288 1 0 18855 18084 -1858 135 771
21470 22027 2946 288 3019 772 0 1 18084 17527 2194 440 557
22027 22237 3019 772 3019 772 1 1 17527 17527 0 210 0
22237 23175 3019 772 2645 1336 1 2 17527 16589 2514 648 938
23175 23420 2645 1336 2558 1494 2 1 16589 16344 -2194 230 245
23420 24962 2558 1494 3156 550 1 0 16344 14802 -2514 158 1542
24962 25103 3156 550 3161 414 0 1 14802 14661 2914 74 141
25103 26082 3161 414 2310 542 1 0 14661 13682 -2914 74 979
26082 26634 2310 542 1994 306 0 1 13682 13130 3346 3536 552
26634 34906 1994 306 1579 8163 1 0 13130 4858 -3346 3536 8272
34906 45258 1579 8163 1579 8163 0 0 4858 4858 0 10352 0
45258 50000 1579 8163 1250 3750 0 0 4858 116 1000000000 0 4742
--------------------------------------
--------------------------------------
EV5
--------------------------------------
Num TPs served = 19
TPs served = 306 514 674 882 930 1362 1650 1810 1826 2418 2834 3314 3554 4178 4706 5250 5522 6066 6258
Total energy used = 35006
--------------------------------------
Schedule:
0 3537 1250 3750 1250 3750 0 0 35632 35632 0 3537 0
3537 7689 1250 3750 3177 1525 0 1 35632 31480 306 294 4152
7689 9510 3177 1525 3621 148 1 0 31480 29659 -306 294 1821
9510 10872 3621 148 2423 312 0 1 29659 28297 514 685 1362
10872 10983 2423 312 2423 312 1 1 28297 28297 0 111 0
10983 12768 2423 312 2595 1925 1 2 28297 26512 674 825 1785
12768 13215 2595 1925 2228 1845 2 1 26512 26065 -514 70 447
13215 14419 2228 1845 1804 1065 1 0 26065 24861 -674 825 1204
14419 14851 1804 1065 2227 1074 0 1 24861 24429 882 530 432
14851 14886 2227 1074 2227 1074 1 1 24429 24429 0 35 0
14886 15140 2227 1074 2455 1048 1 2 24429 24175 930 681 254
15140 16041 2455 1048 3086 1318 2 1 24175 23274 -882 443 901
16041 17044 3086 1318 3240 469 1 0 23274 22271 -930 141 1003
17044 18281 3240 469 2082 390 0 1 22271 21034 1362 359 1237
18281 18325 2082 390 2082 390 1 1 21034 21034 0 44 0
18325 19353 2082 390 2238 1262 1 2 21034 20006 1650 283 1028
19353 19920 2238 1262 2442 1625 2 1 20006 19439 -1650 283 567
19920 20123 2442 1625 2578 1558 1 0 19439 19236 -1362 181 203
20123 20334 2578 1558 2562 1363 0 1 19236 19025 1826 462 211
20334 20518 2562 1363 2455 1440 1 2 19025 18841 1810 573 184
20518 21709 2455 1440 3281 1075 2 1 18841 17650 -1826 94 1191
21709 22223 3281 1075 3669 949 1 0 17650 17136 -1810 573 514
22223 23382 3669 949 3999 1778 0 1 17136 15977 2418 762 1159
23382 24433 3999 1778 3340 1386 1 2 15977 14926 2834 607 1051
24433 25683 3340 1386 2099 1377 2 1 14926 13676 -2834 607 1250
25683 26161 2099 1377 2070 928 1 2 13676 13198 3314 369 478
26161 26419 2070 928 2227 827 2 1 13198 12940 -2418 448 258
26419 26872 2227 827 2596 911 1 2 12940 12487 3554 679 453
26872 27571 2596 911 3071 1135 2 1 12487 11788 -3314 167 699
27571 28462 3071 1135 3462 1635 1 0 11788 10897 -3554 679 891
28462 29184 3462 1635 3266 1109 0 1 10897 10175 4178 333 722
29184 30328 3266 1109 2384 1371 1 2 10175 9031 4706 727 1144
30328 30645 2384 1371 2317 1621 2 1 9031 8714 -4178 333 317
30645 30701 2317 1621 2317 1621 1 1 8714 8714 0 56 0
30701 31838 2317 1621 2844 1011 1 2 8714 7577 5250 215 1137
31838 32270 2844 1011 3039 774 2 1 7577 7145 -5250 215 432
32270 32498 3039 774 3039 546 1 0 7145 6917 -4706 37 228
32498 32803 3039 546 2829 641 0 1 6917 6612 5522 190 305
32803 33577 2829 641 2464 1050 1 0 6612 5838 -5522 190 774
33577 33611 2464 1050 2464 1050 0 0 5838 5838 0 34 0
33611 34016 2464 1050 2498 679 0 1 5838 5433 6066 776 405
34016 34609 2498 679 2639 1131 1 2 5433 4840 6258 199 593
34609 35137 2639 1131 2742 1556 2 1 4840 4312 -6258 199 528
35137 36058 2742 1556 2177 1912 1 0 4312 3391 -6066 288 921
36058 47235 2177 1912 2177 1912 0 0 3391 3391 0 11177 0
47235 50000 2177 1912 1250 3750 0 0 3391 626 1000000000 0 2765
--------------------------------------
--------------------------------------
EV6
--------------------------------------
Num TPs served = 15
TPs served = 370 466 546 898 994 1186 1602 1714 1842 3010 3266 3714 4450 4930 5586
Total energy used = 33428
--------------------------------------
Schedule:
0 4146 1250 3750 1250 3750 0 0 35632 35632 0 4146 0
4146 8405 1250 3750 3309 1550 0 1 35632 31373 370 1137 4259
8405 10262 3309 1550 2090 912 1 2 31373 29516 466 22 1857
10262 10978 2090 912 2311 417 2 1 29516 28800 -466 22 716
10978 11414 2311 417 2070 612 1 2 28800 28364 546 680 436
11414 11738 2070 612 1960 398 2 1 28364 28040 -370 305 324
11738 14087 1960 398 3783 924 1 0 28040 25691 -546 32 2349
14087 14841 3783 924 3783 924 0 0 25691 25691 0 754 0
14841 14924 3783 924 3780 1004 0 1 25691 25608 898 268 83
14924 15462 3780 1004 3388 1150 1 0 25608 25070 -898 268 538
15462 15497 3388 1150 3388 1150 0 0 25070 25070 0 35 0
15497 15669 3388 1150 3244 1122 0 1 25070 24898 994 275 172
15669 16221 3244 1122 3785 1133 1 0 24898 24346 -994 275 552
16221 17247 3785 1133 2786 1160 0 1 24346 23320 1186 161 1026
17247 18573 2786 1160 1809 811 1 0 23320 21994 -1186 161 1326
18573 18632 1809 811 1809 811 0 0 21994 21994 0 59 0
18632 19051 1809 811 1703 1124 0 1 21994 21575 1602 730 419
19051 19770 1703 1124 2408 1110 1 2 21575 20856 1714 635 719
19770 20619 2408 1110 2608 1759 2 3 20856 20007 1842 1158 849
20619 20730 2608 1759 2624 1664 3 2 20007 19896 -1602 512 111
20730 21769 2624 1664 2037 2116 2 1 19896 18857 -1714 13 1039
21769 24404 2037 2116 1240 278 1 0 18857 16222 -1842 222 2635
24404 25705 1240 278 2307 512 0 1 16222 14921 3010 167 1301
25705 26415 2307 512 2761 768 1 2 14921 14211 3266 4 710
26415 27451 2761 768 3484 1081 2 1 14211 13175 -3010 167 1036
27451 27659 3484 1081 3564 1209 1 0 13175 12967 -3266 4 208
27659 28274 3564 1209 3800 1588 0 1 12967 12352 3714 96 615
28274 28339 3800 1588 3800 1588 1 1 12352 12352 0 65 0
28339 29548 3800 1588 3650 529 1 2 12352 11143 4450 1026 1209
29548 30576 3650 529 2745 406 2 1 11143 10115 -3714 31 1028
30576 30765 2745 406 2745 406 1 1 10115 10115 0 189 0
30765 30889 2745 406 2663 364 1 2 10115 9991 4930 794 124
30889 32121 2663 364 2385 1318 2 1 9991 8759 -4450 507 1232
32121 33035 2385 1318 3148 1469 1 0 8759 7845 -4930 238 914
33035 33766 3148 1469 3529 1119 0 1 7845 7114 5586 291 731
33766 36346 3529 1119 2265 2435 1 0 7114 4534 -5586 291 2580
36346 47670 2265 2435 2265 2435 0 0 4534 4534 0 11324 0
47670 50000 2265 2435 1250 3750 0 0 4534 2204 1000000000 0 2330
--------------------------------------
--------------------------------------
EV7
--------------------------------------
Num TPs served = 18
TPs served = 386 482 530 690 770 946 1058 1394 1938 2466 2962 3362 3874 4642 4674 4946 5762 6402
Total energy used = 33558
--------------------------------------
Schedule:
0 5285 1250 3750 1250 3750 0 0 35632 35632 0 5285 0
5285 8604 1250 3750 2659 1840 0 1 35632 32313 386 360 3319
8604 9325 2659 1840 3031 1491 1 0 32313 31592 -386 360 721
9325 9716 3031 1491 3031 1491 0 0 31592 31592 0 391 0
9716 10314 3031 1491 2909 1015 0 1 31592 30994 482 64 598
10314 10444 2909 1015 2995 1059 1 0 30994 30864 -482 64 130
10444 10563 2995 1059 2995 1059 0 0 30864 30864 0 119 0
10563 10929 2995 1059 2850 838 0 1 30864 30498 530 328 366
10929 11586 2850 838 3486 859 1 0 30498 29841 -530 328 657
11586 11725 3486 859 3486 859 0 0 29841 29841 0 139 0
11725 12924 3486 859 2581 565 0 1 29841 28642 690 325 1199
12924 13575 2581 565 2565 1200 1 0 28642 27991 -690 325 651
13575 14011 2565 1200 2865 1064 0 1 27991 27555 770 179 436
14011 14960 2865 1064 2048 932 1 0 27555 26606 -770 179 949
14960 15435 2048 932 2226 1229 0 1 26606 26131 946 657 475
15435 15618 2226 1229 2226 1229 1 1 26131 26131 0 183 0
15618 16005 2226 1229 2222 1612 1 2 26131 25744 1058 1293 387
16005 17180 2222 1612 3131 1878 2 1 25744 24569 -946 466 1175
17180 18106 3131 1878 2915 1168 1 2 24569 23643 1394 31 926
18106 18475 2915 1168 2786 928 2 1 23643 23274 -1394 31 369
18475 19815 2786 928 3447 249 1 0 23274 21934 -1058 71 1340
19815 21135 3447 249 2838 960 0 1 21934 20614 1938 287 1320
21135 22274 2838 960 3780 763 1 0 20614 19475 -1938 287 1139
22274 23549 3780 763 3030 238 0 1 19475 18200 2466 47 1275
23549 24760 3030 238 2996 1415 1 0 18200 16989 -2466 47 1211
24760 25189 2996 1415 3402 1438 0 1 16989 16560 2962 178 429
25189 26269 3402 1438 2374 1386 1 0 16560 15480 -2962 178 1080
26269 27086 2374 1386 1797 1626 0 1 15480 14663 3362 353 817
27086 28217 1797 1626 2493 1191 1 2 14663 13532 3874 125 1131
28217 29226 2493 1191 3162 851 2 1 13532 12523 -3874 125 1009
29226 29773 3162 851 3488 630 1 0 12523 11976 -3362 353 547
29773 30608 3488 630 3388 1365 0 1 11976 11141 4674 338 835
30608 30680 3388 1365 3345 1394 1 2 11141 11069 4642 628 72
30680 30745 3345 1394 3345 1394 2 2 11069 11069 0 65 0
30745 30958 3345 1394 3266 1260 2 3 11069 10856 4946 728 213
30958 32175 3266 1260 2421 888 3 2 10856 9639 -4674 215 1217
32175 32519 2421 888 2129 940 2 1 9639 9295 -4946 624 344
32519 33344 2129 940 2201 187 1 0 9295 8470 -4642 315 825
33344 34231 2201 187 2782 493 0 1 8470 7583 5762 289 887
34231 35116 2782 493 2012 608 1 2 7583 6698 6402 92 885
35116 35719 2012 608 1442 575 2 1 6698 6095 -6402 92 603
35719 36876 1442 575 923 1213 1 0 6095 4938 -5762 223 1157
36876 47136 923 1213 923 1213 0 0 4938 4938 0 10260 0
47136 50000 923 1213 1250 3750 0 0 4938 2074 1000000000 0 2864
--------------------------------------
--------------------------------------
EV8
--------------------------------------
Num TPs served = 21
TPs served = 418 594 658 786 962 1090 1458 1762 2130 2482 3122 3218 3970 4226 4578 4770 5570 5730 6338 6386 7026
Total energy used = 35602
--------------------------------------
Schedule:
0 5199 1250 3750 1250 3750 0 0 35632 35632 0 5199 0
5199 9314 1250 3750 2816 1201 0 1 35632 31517 418 505 4115
9314 10325 2816 1201 3551 925 1 0 31517 30506 -418 505 1011
10325 11088 3551 925 3551 925 0 0 30506 30506 0 763 0
11088 11850 3551 925 2872 1008 0 1 30506 29744 594 383 762
11850 12605 2872 1008 2421 1312 1 2 29744 28989 658 448 755
12605 12811 2421 1312 2518 1421 2 1 28989 28783 -594 189 206
12811 13742 2518 1421 2702 674 1 0 28783 27852 -658 230 931
13742 14143 2702 674 2640 1013 0 1 27852 27451 786 55 401
14143 14848 2640 1013 2949 1409 1 0 27451 26746 -786 55 705
14848 15717 2949 1409 2812 677 0 1 26746 25877 962 244 869
15717 16800 2812 677 2133 1081 1 0 25877 24794 -962 244 1083
16800 17256 2133 1081 2003 755 0 1 24794 24338 1090 330 456
17256 18328 2003 755 2915 915 1 2 24338 23266 1458 62 1072
18328 18600 2915 915 3055 1047 2 1 23266 22994 -1458 62 272
18600 20032 3055 1047 3476 2058 1 0 22994 21562 -1090 330 1432
20032 20528 3476 2058 3501 1587 0 1 21562 21066 1762 240 496
20528 20543 3501 1587 3501 1587 1 1 21066 21066 0 15 0
20543 21565 3501 1587 3039 1027 1 2 21066 20044 2130 340 1022
21565 22131 3039 1027 2636 864 2 1 20044 19478 -1762 225 566
22131 22574 2636 864 2800 585 1 0 19478 19035 -2130 12 443
22574 23496 2800 585 3191 54 0 1 19035 18113 2482 326 922
23496 25019 3191 54 3313 1455 1 0 18113 16590 -2482 326 1523
25019 25084 3313 1455 3313 1455 0 0 16590 16590 0 65 0
25084 25653 3313 1455 3411 984 0 1 16590 16021 3218 1008 569
25653 25818 3411 984 3322 908 1 2 16021 15856 3122 195 165
25818 27120 3322 908 2463 1351 2 1 15856 14554 -3122 195 1302
27120 27823 2463 1351 1995 1586 1 0 14554 13851 -3218 856 703
27823 28630 1995 1586 2535 1853 0 1 13851 13044 3970 465 807
28630 29009 2535 1853 2631 1570 1 2 13044 12665 4226 389 379
29009 29378 2631 1570 2631 1570 2 2 12665 12665 0 369 0
29378 29967 2631 1570 2638 988 2 3 12665 12076 4578 265 589
29967 30363 2638 988 2948 902 3 2 12076 11680 -4226 20 396
30363 30573 2948 902 3121 939 2 1 11680 11470 -4578 191 210
30573 30900 3121 939 3386 877 1 0 11470 11143 -3970 22 327
30900 31109 3386 877 3294 760 0 1 11143 10934 4770 144 209
31109 32624 3294 760 3052 2033 1 0 10934 9419 -4770 144 1515
32624 32887 3052 2033 3124 1842 0 1 9419 9156 5570 464 263
32887 33739 3124 1842 2525 1589 1 2 9156 8304 5730 31 852
33739 34517 2525 1589 2724 1010 2 1 8304 7526 -5570 66 778
34517 34992 2724 1010 3022 833 1 0 7526 7051 -5730 31 475
34992 35156 3022 833 3161 808 0 1 7051 6887 6386 259 164
35156 35391 3161 808 3100 982 1 2 6887 6652 6338 35 235
35391 36263 3100 982 2310 1064 2 1 6652 5780 -6386 259 872
36263 36746 2310 1064 2140 1377 1 0 5780 5297 -6338 35 483
36746 37037 2140 1377 2035 1563 0 1 5297 5006 7026 115 291
37037 38039 2035 1563 2722 1248 1 0 5006 4004 -7026 115 1002
38039 46026 2722 1248 2722 1248 0 0 4004 4004 0 7987 0
46026 50000 2722 1248 1250 3750 0 0 4004 30 1000000000 0 3974
--------------------------------------
--------------------------------------
EV9
--------------------------------------
Num TPs served = 19
TPs served = 450 626 722 978 1010 1218 1634 2018 2498 2882 3538 3650 4754 4978 5378 5714 6754 7154 7666
Total energy used = 35122
--------------------------------------
Schedule:
0 5627 1250 3750 1250 3750 0 0 35632 35632 0 5627 0
5627 9746 1250 3750 2257 638 0 1 35632 31513 450 377 4119
9746 10502 2257 638 2809 842 1 0 31513 30757 -450 377 756
10502 11492 2809 842 2809 842 0 0 30757 30757 0 990 0
11492 12271 2809 842 2295 1107 0 1 30757 29978 626 323 779
12271 12919 2295 1107 2783 947 1 0 29978 29330 -626 323 648
12919 13741 2783 947 3198 540 0 1 29330 28508 722 155 822
13741 14931 3198 540 3028 1560 1 0 28508 27318 -722 155 1190
14931 14962 3028 1560 3028 1560 0 0 27318 27318 0 31 0
14962 15542 3028 1560 2783 1225 0 1 27318 26738 978 222 580
15542 15988 2783 1225 2974 970 1 0 26738 26292 -978 222 446
15988 16526 2974 970 3484 942 0 1 26292 25754 1010 24 538
16526 17299 3484 942 2805 1036 1 2 25754 24981 1218 252 773
17299 18152 2805 1036 1958 1042 2 1 24981 24128 -1010 24 853
18152 18583 1958 1042 1945 624 1 0 24128 23697 -1218 240 431
18583 19663 1945 624 2643 1006 0 1 23697 22617 1634 144 1080
19663 20791 2643 1006 3511 1266 1 0 22617 21489 -1634 144 1128
20791 21321 3511 1266 3971 1196 0 1 21489 20959 2018 474 530
21321 22572 3971 1196 3171 745 1 0 20959 19708 -2018 474 1251
22572 22608 3171 745 3171 745 0 0 19708 19708 0 36 0
22608 23115 3171 745 3295 362 0 1 19708 19201 2498 672 507
23115 24460 3295 362 3433 1569 1 0 19201 17856 -2498 672 1345
24460 25232 3433 1569 3777 1141 0 1 17856 17084 2882 27 772
25232 26618 3777 1141 2909 623 1 0 17084 15698 -2882 27 1386
26618 27488 2909 623 2246 416 0 1 15698 14828 3650 283 870
27488 27711 2246 416 2310 575 1 2 14828 14605 3538 52 223
27711 28955 2310 575 3356 773 2 1 14605 13361 -3650 283 1244
28955 29811 3356 773 3808 1177 1 0 13361 12505 -3538 52 856
29811 30416 3808 1177 3808 1177 0 0 12505 12505 0 605 0
30416 30438 3808 1177 3827 1180 0 1 12505 12483 4754 694 22
30438 31296 3827 1180 3191 1402 1 2 12483 11625 4978 399 858
31296 32194 3191 1402 2476 1219 2 1 11625 10727 -4754 328 898
32194 32686 2476 1219 2319 884 1 2 10727 10235 5378 662 492
32686 32793 2319 884 2330 980 2 1 10235 10128 -4978 185 107
32793 33179 2330 980 2526 1170 1 2 10128 9742 5714 473 386
33179 34240 2526 1170 2888 1869 2 1 9742 8681 -5714 473 1061
34240 35004 2888 1869 3501 2020 1 0 8681 7917 -5378 662 764
35004 36140 3501 2020 2709 1676 0 1 7917 6781 6754 24 1136
36140 36805 2709 1676 3105 1407 1 0 6781 6116 -6754 24 665
36805 37411 3105 1407 2791 1115 0 1 6116 5510 7154 25 606
37411 38263 2791 1115 3188 1570 1 0 5510 4658 -7154 25 852
38263 38570 3188 1570 2896 1555 0 1 4658 4351 7666 298 307
38570 39185 2896 1555 2349 1623 1 0 4351 3736 -7666 298 615
39185 46774 2349 1623 2349 1623 0 0 3736 3736 0 7589 0
46774 50000 2349 1623 1250 3750 0 0 3736 510 1000000000 0 3226
--------------------------------------
--------------------------------------
EV10
--------------------------------------
Num TPs served = 6
TPs served = 706 866 1042 1106 1346 2578
Total energy used = 35522
--------------------------------------
Schedule:
0 9852 1250 3750 1250 3750 0 0 35632 35632 0 9852 0
9852 13129 1250 3750 2619 1842 0 1 35632 32355 706 468 3277
13129 14067 2619 1842 2280 1243 1 0 32355 31417 -706 468 938
14067 14716 2280 1243 2538 1634 0 1 31417 30768 866 488 649
14716 15704 2538 1634 2434 750 1 0 30768 29780 -866 488 988
15704 16197 2434 750 2499 1178 0 1 29780 29287 1042 36 493
16197 16823 2499 1178 2392 659 1 0 29287 28661 -1042 36 626
16823 17245 2392 659 2025 714 0 1 28661 28239 1106 195 422
17245 18511 2025 714 2021 1976 1 2 28239 26973 1346 5864 1266
18511 19467 2021 1976 2718 2235 2 1 26973 26017 -1106 187 956
19467 22774 2718 2235 2718 2235 1 1 26017 26017 0 3307 0
22774 23410 2718 2235 2849 1730 1 2 26017 25381 2578 252 636
23410 23916 2849 1730 2713 2100 2 1 25381 24875 -2578 252 506
23916 36392 2713 2100 9999 7290 1 0 24875 12399 -1346 1275 12476
36392 37711 9999 7290 9999 7290 0 0 12399 12399 0 1319 0
37711 50000 9999 7290 1250 3750 0 0 12399 110 1000000000 0 12289
--------------------------------------
--------------------------------------
EV11
--------------------------------------
Num TPs served = 16
TPs served = 738 802 1074 1266 1698 1794 2098 2610 3490 4386 4722 5298 5506 5890 6786 8130
Total energy used = 34900
--------------------------------------
Schedule:
0 8652 1250 3750 1250 3750 0 0 35632 35632 0 8652 0
8652 13457 1250 3750 3500 1195 0 1 35632 30827 738 311 4805
13457 14081 3500 1195 2888 1183 1 0 30827 30203 -738 311 624
14081 14362 2888 1183 2810 1386 0 1 30203 29922 802 97 281
14362 15295 2810 1386 2215 1048 1 0 29922 28989 -802 97 933
15295 15574 2215 1048 2215 1048 0 0 28989 28989 0 279 0
15574 16087 2215 1048 2521 841 0 1 28989 28476 1074 826 513
16087 16354 2521 841 2521 841 1 1 28476 28476 0 267 0
16354 17182 2521 841 3063 1127 1 2 28476 27648 1266 644 828
17182 18007 3063 1127 3809 1206 2 1 27648 26823 -1074 559 825
18007 18776 3809 1206 3657 1823 1 0 26823 26054 -1266 340 769
18776 18818 3657 1823 3657 1823 0 0 26054 26054 0 42 0
18818 20146 3657 1823 3225 927 0 1 26054 24726 1794 244 1328
20146 20264 3225 927 3324 946 1 2 24726 24608 1698 178 118
20264 20833 3324 946 2852 1043 2 1 24608 24039 -1794 46 569
20833 21917 2852 1043 2582 1857 1 0 24039 22955 -1698 178 1084
21917 22341 2582 1857 2410 1605 0 1 22955 22531 2098 24 424
22341 23772 2410 1605 3093 857 1 2 22531 21100 2610 757 1431
23772 24182 3093 857 3284 638 2 1 21100 20690 -2098 24 410
24182 26122 3284 638 1914 68 1 0 20690 18750 -2610 375 1940
26122 27044 1914 68 2201 703 0 1 18750 17828 3490 342 922
27044 28800 2201 703 3798 544 1 0 17828 16072 -3490 342 1756
28800 29734 3798 544 3210 198 0 1 16072 15138 4386 356 934
29734 30397 3210 198 2737 388 1 2 15138 14475 4722 745 663
30397 31210 2737 388 2729 1193 2 1 14475 13662 -4386 356 813
31210 31536 2729 1193 2729 1193 1 1 13662 13662 0 326 0
31536 31958 2729 1193 2968 1010 1 2 13662 13240 5298 339 422
31958 32637 2968 1010 3289 1368 2 1 13240 12561 -5298 339 679
32637 32651 3289 1368 3295 1376 1 0 12561 12547 -4722 37 14
32651 32906 3295 1376 3466 1292 0 1 12547 12292 5506 84 255
32906 33739 3466 1292 2655 1314 1 0 12292 11459 -5506 84 833
33739 34418 2655 1314 2784 1864 0 1 11459 10780 5890 124 679
34418 36410 2784 1864 1480 2552 1 0 10780 8788 -5890 124 1992
36410 37084 1480 2552 1699 2097 0 1 8788 8114 6786 150 674
37084 39649 1699 2097 2386 219 1 0 8114 5549 -6786 150 2565
39649 40322 2386 219 2461 817 0 1 5549 4876 8130 236 673
40322 41362 2461 817 2378 1774 1 0 4876 3836 -8130 236 1040
41362 46896 2378 1774 2378 1774 0 0 3836 3836 0 5534 0
46896 50000 2378 1774 1250 3750 0 0 3836 732 1000000000 0 3104
--------------------------------------
--------------------------------------
EV12
--------------------------------------
Num TPs served = 10
TPs served = 834 1122 1234 1378 1906 2450 2642 3058 3378 8354
Total energy used = 35486
--------------------------------------
Schedule:
0 9195 1250 3750 1250 3750 0 0 35632 35632 0 9195 0
9195 14304 1250 3750 3140 531 0 1 35632 30523 834 160 5109
14304 14625 3140 531 2846 504 1 0 30523 30202 -834 160 321
14625 15265 2846 504 2846 504 0 0 30202 30202 0 640 0
15265 16440 2846 504 2984 1541 0 1 30202 29027 1122 853 1175
16440 16677 2984 1541 2984 1541 1 1 29027 29027 0 237 0
16677 17018 2984 1541 3133 1349 1 2 29027 28686 1234 957 341
17018 17108 3133 1349 3133 1349 2 2 28686 28686 0 90 0
17108 17865 3133 1349 2924 801 2 3 28686 27929 1378 242 757
17865 18351 2924 801 2713 526 3 2 27929 27443 -1378 242 486
18351 18773 2713 526 2656 161 2 1 27443 27021 -1122 228 422
18773 19744 2656 161 2045 521 1 0 27021 26050 -1234 147 971
19744 20922 2045 521 2288 1456 0 1 26050 24872 1906 660 1178
20922 22708 2288 1456 4007 1389 1 0 24872 23086 -1906 660 1786
22708 22771 4007 1389 4007 1389 0 0 23086 23086 0 63 0
22771 23661 4007 1389 3143 1415 0 1 23086 22196 2642 348 890
23661 24358 3143 1415 2604 1257 1 0 22196 21499 -2642 348 697
24358 24933 2604 1257 2604 1257 0 0 21499 21499 0 575 0
24933 25147 2604 1257 2672 1403 0 1 21499 21285 3058 157 214
25147 25463 2672 1403 2718 1673 1 0 21285 20969 -3058 157 316
25463 25629 2718 1673 2582 1643 0 1 20969 20803 2450 1522 166
25629 26661 2582 1643 2786 815 1 2 20803 19771 3378 43 1032
26661 27798 2786 815 3779 959 2 1 19771 18634 -3378 43 1137
27798 34382 3779 959 9999 595 1 0 18634 12050 -2450 1234 6584
34382 41338 9999 595 3619 1171 0 1 12050 5094 8354 273 6956
41338 42821 3619 1171 3189 2224 1 0 5094 3611 -8354 273 1483
42821 46535 3189 2224 3189 2224 0 0 3611 3611 0 3714 0
46535 50000 3189 2224 1250 3750 0 0 3611 146 1000000000 0 3465
--------------------------------------
--------------------------------------
EV13
--------------------------------------
Num TPs served = 11
TPs served = 850 1154 1522 1730 1746 2402 2930 3394 3522 3954 4290
Total energy used = 35566
--------------------------------------
Schedule:
0 10461 1250 3750 1250 3750 0 0 35632 35632 0 10461 0
10461 14479 1250 3750 1935 417 0 1 35632 31614 850 623 4018
14479 15726 1935 417 2676 923 1 0 31614 30367 -850 623 1247
15726 17136 2676 923 1451 1108 0 1 30367 28957 1154 128 1410
17136 18412 1451 1108 2505 886 1 0 28957 27681 -1154 128 1276
18412 18914 2505 886 2767 1126 0 1 27681 27179 1522 27 502
18914 19607 2767 1126 3130 796 1 0 27179 26486 -1522 27 693
19607 19937 3130 796 2936 932 0 1 26486 26156 1730 7 330
19937 20239 2936 932 3150 844 1 0 26156 25854 -1730 7 302
20239 20653 3150 844 3046 1154 0 1 25854 25440 1746 134 414
20653 22496 3046 1154 1838 519 1 0 25440 23597 -1746 134 1843
22496 23269 1838 519 2166 964 0 1 23597 22824 2402 164 773
23269 24671 2166 964 3521 917 1 0 22824 21422 -2402 164 1402
24671 24847 3521 917 3451 1023 0 1 21422 21246 2930 203 176
24847 25464 3451 1023 3239 618 1 0 21246 20629 -2930 203 617
25464 26677 3239 618 2105 539 0 1 20629 19416 3394 101 1213
26677 27044 2105 539 2081 882 1 2 19416 19049 3522 160 367
27044 27898 2081 882 2571 1246 2 1 19049 18195 -3394 53 854
27898 28136 2571 1246 2784 1271 1 0 18195 17957 -3522 160 238
28136 28593 2784 1271 2784 1271 0 0 17957 17957 0 457 0
28593 29072 2784 1271 2762 1728 0 1 17957 17478 4290 469 479
29072 29667 2762 1728 2492 1403 1 2 17478 16883 3954 3486 595
29667 30011 2492 1403 2269 1282 2 1 16883 16539 -4290 469 344
30011 39991 2269 1282 156 9149 1 0 16539 6559 -3954 3244 9980
39991 43507 156 9149 156 9149 0 0 6559 6559 0 3516 0
43507 50000 156 9149 1250 3750 0 0 6559 66 1000000000 0 6493
--------------------------------------
--------------------------------------
EV14
--------------------------------------
Num TPs served = 9
TPs served = 1170 1282 1618 1954 1986 2434 2690 3986 9170
Total energy used = 35552
--------------------------------------
Schedule:
0 11983 1250 3750 1250 3750 0 0 35632 35632 0 11983 0
11983 16700 1250 3750 2713 496 0 1 35632 30915 1170 269 4717
16700 17239 2713 496 2502 824 1 0 30915 30376 -1170 269 539
17239 17526 2502 824 2648 965 0 1 30376 30089 1282 261 287
17526 18408 2648 965 2549 182 1 0 30089 29207 -1282 261 882
18408 19549 2549 182 2530 1304 0 1 29207 28066 1618 129 1141
19549 20604 2530 1304 2813 532 1 0 28066 27011 -1618 129 1055
20604 20743 2813 532 2813 532 0 0 27011 27011 0 139 0
20743 21064 2813 532 2706 746 0 1 27011 26690 1986 790 321
21064 21399 2706 746 2484 859 1 2 26690 26355 1954 69 335
21399 22517 2484 859 2875 1586 2 1 26355 25237 -1954 69 1118
22517 23090 2875 1586 3067 1967 1 0 25237 24664 -1986 346 573
23090 24351 3067 1967 3157 796 0 1 24664 23403 2690 243 1261
24351 25791 3157 796 2315 1394 1 0 23403 21963 -2690 243 1440
25791 26767 2315 1394 2032 2087 0 1 21963 20987 2434 689 976
26767 27030 2032 2087 2032 2087 1 1 20987 20987 0 263 0
27030 28243 2032 2087 2605 1447 1 2 20987 19774 3986 171 1213
28243 28587 2605 1447 2620 1118 2 1 19774 19430 -3986 171 344
28587 36208 2620 1118 9999 876 1 0 19430 11809 -2434 426 7621
36208 38120 9999 876 9999 876 0 0 11809 11809 0 1912 0
38120 44010 9999 876 4162 823 0 1 11809 5919 9170 889 5890
44010 45789 4162 823 2471 911 1 0 5919 4140 -9170 889 1779
45789 45940 2471 911 2471 911 0 0 4140 4140 0 151 0
45940 50000 2471 911 1250 3750 0 0 4140 80 1000000000 0 4060
--------------------------------------
--------------------------------------
EV15
--------------------------------------
Num TPs served = 11
TPs served = 1202 1330 1586 1874 2162 2754 3458 3474 3698 4418 9122
Total energy used = 35440
--------------------------------------
Schedule:
0 13625 1250 3750 1250 3750 0 0 35632 35632 0 13625 0
13625 16822 1250 3750 2390 1693 0 1 35632 32435 1202 170 3197
16822 17163 2390 1693 2213 1529 1 0 32435 32094 -1202 170 341
17163 17340 2213 1529 2213 1529 0 0 32094 32094 0 177 0
17340 17630 2213 1529 2501 1527 0 1 32094 31804 1330 500 290
17630 18631 2501 1527 2908 2121 1 0 31804 30803 -1330 500 1001
18631 19503 2908 2121 2041 2126 0 1 30803 29931 1586 258 872
19503 20572 2041 2126 2473 1489 1 2 29931 28862 1874 445 1069
20572 21080 2473 1489 2535 1043 2 1 28862 28354 -1586 258 508
21080 21560 2535 1043 2840 868 1 0 28354 27874 -1874 445 480
21560 22196 2840 868 2420 1084 0 1 27874 27238 2162 212 636
22196 23588 2420 1084 3298 1598 1 0 27238 25846 -2162 212 1392
23588 24446 3298 1598 2546 1704 0 1 25846 24988 2754 380 858
24446 25847 2546 1704 3428 1185 1 0 24988 23587 -2754 380 1401
25847 26013 3428 1185 3428 1185 0 0 23587 23587 0 166 0
26013 26433 3428 1185 3110 1083 0 1 23587 23167 3474 198 420
26433 26561 3110 1083 3020 1045 1 2 23167 23039 3458 156 128
26561 26831 3020 1045 2964 831 2 1 23039 22769 -3474 198 270
26831 27371 2964 831 3118 445 1 0 22769 22229 -3458 44 540
27371 28502 3118 445 2607 1065 0 1 22229 21098 3698 2928 1131
28502 28668 2607 1065 2607 1065 1 1 21098 21098 0 166 0
28668 29450 2607 1065 2965 641 1 2 21098 20316 4418 127 782
29450 29706 2965 641 3156 576 2 1 20316 20060 -4418 127 256
29706 37100 3156 576 9999 25 1 0 20060 12666 -3698 2762 7394
37100 44588 9999 25 3132 646 0 1 12666 5178 9122 97 7488
44588 46294 3132 646 2283 1503 1 0 5178 3472 -9122 97 1706
46294 46720 2283 1503 2283 1503 0 0 3472 3472 0 426 0
46720 50000 2283 1503 1250 3750 0 0 3472 192 1000000000 0 3280
--------------------------------------
--------------------------------------
EV16
--------------------------------------
Num TPs served = 16
TPs served = 1250 1426 1554 1778 1890 2050 2786 3506 3810 4498 5058 5906 6642 6962 7250 8770
Total energy used = 35332
--------------------------------------
Schedule:
0 11905 1250 3750 1250 3750 0 0 35632 35632 0 11905 0
11905 17088 1250 3750 3485 802 0 1 35632 30449 1250 267 5183
17088 17624 3485 802 2969 782 1 0 30449 29913 -1250 267 536
17624 17714 2969 782 2969 782 0 0 29913 29913 0 90 0
17714 18142 2969 782 3041 1138 0 1 29913 29485 1426 563 428
18142 18193 3041 1138 3041 1138 1 1 29485 29485 0 51 0
18193 18796 3041 1138 2588 1288 1 2 29485 28882 1554 33 603
18796 18863 2588 1288 2542 1309 2 1 28882 28815 -1554 33 67
18863 19321 2542 1309 2295 1520 1 0 28815 28357 -1426 512 458
19321 19882 2295 1520 2295 1520 0 0 28357 28357 0 561 0
19882 20064 2295 1520 2231 1402 0 1 28357 28175 1778 319 182
20064 20704 2231 1402 2680 1211 1 0 28175 27535 -1778 319 640
20704 21369 2680 1211 2726 1830 0 1 27535 26870 1890 247 665
21369 21746 2726 1830 2617 1562 1 2 26870 26493 2050 50 377
21746 22779 2617 1562 3139 1051 2 1 26493 25460 -2050 50 1033
22779 23600 3139 1051 3322 413 1 0 25460 24639 -1890 29 821
23600 24734 3322 413 2775 1000 0 1 24639 23505 2786 25 1134
24734 25754 2775 1000 3508 1287 1 0 23505 22485 -2786 25 1020
25754 26626 3508 1287 2773 1150 0 1 22485 21613 3506 409 872
26626 27514 2773 1150 3328 1483 1 0 21613 20725 -3506 409 888
27514 28080 3328 1483 2767 1478 0 1 20725 20159 3810 225 566
28080 29511 2767 1478 2428 386 1 0 20159 18728 -3810 225 1431
29511 30244 2428 386 3065 482 0 1 18728 17995 4498 69 733
30244 31470 3065 482 3011 1654 1 0 17995 16769 -4498 69 1226
31470 32341 3011 1654 2347 1861 0 1 16769 15898 5058 7 871
32341 33698 2347 1861 3117 1274 1 2 15898 14541 5906 780 1357
33698 34447 3117 1274 3285 693 2 1 14541 13792 -5058 7 749
34447 35783 3285 693 2103 847 1 2 13792 12456 6642 377 1336
35783 36126 2103 847 2026 581 2 1 12456 12113 -5906 136 343
36126 36523 2026 581 2175 333 1 2 12113 11716 6962 493 397
36523 37144 2175 333 2790 339 2 1 11716 11095 -6642 211 621
37144 37666 2790 339 2810 841 1 0 11095 10573 -6962 493 522
37666 38138 2810 841 2472 707 0 1 10573 10101 7250 372 472
38138 40514 2472 707 462 341 1 0 10101 7725 -7250 372 2376
40514 42556 462 341 2115 730 0 1 7725 5683 8770 656 2042
42556 44184 2115 730 2864 1609 1 0 5683 4055 -8770 656 1628
44184 46245 2864 1609 2864 1609 0 0 4055 4055 0 2061 0
46245 50000 2864 1609 1250 3750 0 0 4055 300 1000000000 0 3755
--------------------------------------
--------------------------------------
EV17
--------------------------------------
Num TPs served = 17
TPs served = 1298 1474 1922 2530 3170 3250 3634 3730 4610 4738 5042 5554 5874 6434 7266 7490 7954
Total energy used = 34004
--------------------------------------
Schedule:
0 13142 1250 3750 1250 3750 0 0 35632 35632 0 13142 0
13142 17429 1250 3750 2808 1021 0 1 35632 31345 1298 299 4287
17429 18029 2808 1021 3260 1169 1 0 31345 30745 -1298 299 600
18029 18913 3260 1169 3214 2007 0 1 30745 29861 1474 32 884
18913 20112 3214 2007 3007 1015 1 0 29861 28662 -1474 32 1199
20112 21442 3007 1015 1868 824 0 1 28662 27332 1922 106 1330
21442 23008 1868 824 3259 649 1 0 27332 25766 -1922 106 1566
23008 23846 3259 649 2873 197 0 1 25766 24928 2530 163 838
23846 25386 2873 197 2345 1209 1 0 24928 23388 -2530 163 1540
25386 25535 2345 1209 2477 1192 0 1 23388 23239 3170 521 149
25535 25891 2477 1192 2825 1200 1 2 23239 22883 3250 25 356
25891 26219 2825 1200 2966 1387 2 1 22883 22555 -3250 25 328
26219 26985 2966 1387 3441 1096 1 0 22555 21789 -3170 131 766
26985 27303 3441 1096 3293 1266 0 1 21789 21471 3634 31 318
27303 27906 3293 1266 3387 757 1 2 21471 20868 3730 197 603
27906 27988 3387 757 3384 678 2 1 20868 20786 -3634 25 82
27988 29649 3384 678 2792 1747 1 0 20786 19125 -3730 39 1661
29649 30110 2792 1747 2622 1456 0 1 19125 18664 4610 34 461
30110 30304 2622 1456 2669 1309 1 0 18664 18470 -4610 34 194
30304 30710 2669 1309 2813 1571 0 1 18470 18064 4738 479 406
30710 31432 2813 1571 3248 1284 1 2 18064 17342 5042 73 722
31432 31984 3248 1284 3174 806 2 1 17342 16790 -5042 73 552
31984 32606 3174 806 3704 898 1 0 16790 16168 -4738 147 622
32606 32995 3704 898 3785 1206 0 1 16168 15779 5554 111 389
32995 33835 3785 1206 3131 1020 1 0 15779 14939 -5554 111 840
33835 33972 3131 1020 3000 1014 0 1 14939 14802 5874 157 137
33972 35223 3000 1014 1834 1099 1 0 14802 13551 -5874 157 1251
35223 35721 1834 1099 1497 1260 0 1 13551 13053 6434 205 498
35721 37601 1497 1260 3376 1261 1 0 13053 11173 -6434 205 1880
37601 37891 3376 1261 3355 1530 0 1 11173 10883 7266 172 290
37891 39287 3355 1530 2171 1318 1 0 10883 9487 -7266 172 1396
39287 39733 2171 1318 2550 1251 0 1 9487 9041 7954 104 446
39733 40515 2550 1251 2519 500 1 0 9041 8259 -7954 104 782
40515 40661 2519 500 2664 501 0 1 8259 8113 7490 99 146
40661 46145 2664 501 1340 4661 1 0 8113 2629 -7490 99 5484
46145 48999 1340 4661 1340 4661 0 0 2629 2629 0 2854 0
48999 50000 1340 4661 1250 3750 0 0 2629 1628 1000000000 0 1001
--------------------------------------
--------------------------------------
EV18
--------------------------------------
Num TPs served = 9
TPs served = 1410 1666 2210 3042 3762 3890 4834 5010 5634
Total energy used = 34452
--------------------------------------
Schedule:
0 13978 1250 3750 1250 3750 0 0 35632 35632 0 13978 0
13978 18014 1250 3750 1659 123 0 1 35632 31596 1410 1234 4036
18014 18938 1659 123 1659 123 1 1 31596 31596 0 924 0
18938 19482 1659 123 1794 532 1 2 31596 31052 1666 280 544
19482 20043 1794 532 1993 894 2 1 31052 30491 -1666 280 561
20043 21407 1993 894 3032 1219 1 0 30491 29127 -1410 310 1364
21407 22520 3032 1219 3246 320 0 1 29127 28014 2210 418 1113
22520 24493 3246 320 2215 1262 1 0 28014 26041 -2210 418 1973
24493 25220 2215 1262 2527 847 0 1 26041 25314 3042 575 727
25220 26616 2527 847 3263 1507 1 0 25314 23918 -3042 575 1396
26616 27648 3263 1507 2607 1131 0 1 23918 22886 3762 132 1032
27648 28392 2607 1131 2389 605 1 0 22886 22142 -3762 132 744
28392 28621 2389 605 2348 417 0 1 22142 21913 3890 5 229
28621 30137 2348 417 2694 1587 1 0 21913 20397 -3890 5 1516
30137 30958 2694 1587 3021 1093 0 1 20397 19576 4834 106 821
30958 31800 3021 1093 2863 409 1 0 19576 18734 -4834 106 842
31800 32034 2863 409 2644 424 0 1 18734 18500 5010 5 234
32034 32927 2644 424 2029 702 1 2 18500 17607 5634 4998 893
32927 33801 2029 702 1742 1289 2 1 17607 16733 -5010 5 874
33801 43054 1742 1289 740 9540 1 0 16733 7480 -5634 4998 9253
43054 43700 740 9540 740 9540 0 0 7480 7480 0 646 0
43700 50000 740 9540 1250 3750 0 0 7480 1180 1000000000 0 6300
--------------------------------------
--------------------------------------
EV19
--------------------------------------
Num TPs served = 20
TPs served = 1442 2002 2082 2242 2674 2802 3282 3826 4002 4098 4690 4898 5794 6290 6482 7138 8050 8306 8578 8834
Total energy used = 35194
--------------------------------------
Schedule:
0 13445 1250 3750 1250 3750 0 0 35632 35632 0 13445 0
13445 18202 1250 3750 2841 584 0 1 35632 30875 1442 296 4757
18202 18796 2841 584 2999 148 1 0 30875 30281 -1442 296 594
18796 19059 2999 148 2999 148 0 0 30281 30281 0 263 0
19059 21121 2999 148 2498 1709 0 1 30281 28219 2002 170 2062
21121 21463 2498 1709 2267 1820 1 0 28219 27877 -2002 170 342
21463 22031 2267 1820 2260 1259 0 1 27877 27309 2082 72 568
22031 22306 2260 1259 2529 1253 1 2 27309 27034 2242 84 275
22306 22927 2529 1253 2682 785 2 1 27034 26413 -2242 84 621
22927 23498 2682 785 2862 394 1 0 26413 25842 -2082 72 571
23498 23835 2862 394 2626 495 0 1 25842 25505 2674 185 337
23835 24270 2626 495 2344 342 1 0 25505 25070 -2674 185 435
24270 24629 2344 342 2374 671 0 1 25070 24711 2802 171 359
24629 25634 2374 671 2671 1379 1 0 24711 23706 -2802 171 1005
25634 26254 2671 1379 2303 1127 0 1 23706 23086 3282 21 620
26254 27125 2303 1127 3040 993 1 0 23086 22215 -3282 21 871
27125 27296 3040 993 3040 993 0 0 22215 22215 0 171 0
27296 27652 3040 993 2702 1011 0 1 22215 21859 3826 130 356
27652 27913 2702 1011 2637 1207 1 0 21859 21598 -3826 130 261
27913 28362 2637 1207 2233 1162 0 1 21598 21149 4002 464 449
28362 28831 2233 1162 2324 784 1 2 21149 20680 4098 261 469
28831 29399 2324 784 2868 760 2 1 20680 20112 -4002 464 568
29399 29877 2868 760 2927 1179 1 0 20112 19634 -4098 213 478
29877 30271 2927 1179 3105 963 0 1 19634 19240 4690 443 394
30271 31069 3105 963 3644 704 1 2 19240 18442 4898 518 798
31069 31468 3644 704 3497 452 2 1 18442 18043 -4690 149 399
31468 33122 3497 452 2294 903 1 0 18043 16389 -4898 14 1654
33122 33550 2294 903 2603 784 0 1 16389 15961 5794 150 428
33550 34341 2603 784 3260 650 1 0 15961 15170 -5794 150 791
34341 34892 3260 650 3260 650 0 0 15170 15170 0 551 0
34892 35139 3260 650 3468 689 0 1 15170 14923 6482 394 247
35139 35309 3468 689 3549 600 1 2 14923 14753 6290 133 170
35309 36268 3549 600 2910 920 2 1 14753 13794 -6482 54 959
36268 36957 2910 920 2780 1479 1 0 13794 13105 -6290 133 689
36957 37708 2780 1479 3240 1770 0 1 13105 12354 7138 136 751
37708 39480 3240 1770 3274 32 1 0 12354 10582 -7138 136 1772
39480 40362 3274 32 3430 758 0 1 10582 9700 8050 118 882
40362 40771 3430 758 3216 953 1 2 9700 9291 8306 148 409
40771 41155 3216 953 3019 1140 2 1 9291 8907 -8306 148 384
41155 41717 3019 1140 2502 1185 1 2 8907 8345 8578 382 562
41717 41808 2502 1185 2533 1245 2 1 8345 8254 -8050 56 91
41808 42625 2533 1245 2446 1975 1 0 8254 7437 -8578 320 817
42625 43275 2446 1975 2207 1564 0 1 7437 6787 8834 161 650
43275 44878 2207 1564 3735 1489 1 0 6787 5184 -8834 161 1603
44878 45254 3735 1489 3735 1489 0 0 5184 5184 0 376 0
45254 50000 3735 1489 1250 3750 0 0 5184 438 1000000000 0 4746
--------------------------------------
--------------------------------------
EV20
--------------------------------------
Num TPs served = 17
TPs served = 1490 2034 2274 2818 2946 3778 4514 5746 6034 6594 6722 7410 8178 8338 8482 8642 8866
Total energy used = 33522
--------------------------------------
Schedule:
0 14371 1250 3750 1250 3750 0 0 35632 35632 0 14371 0
14371 18423 1250 3750 2769 1217 0 1 35632 31580 1490 229 4052
18423 18883 2769 1217 3078 1066 1 0 31580 31120 -1490 229 460
18883 20120 3078 1066 3078 1066 0 0 31120 31120 0 1237 0
20120 21240 3078 1066 2419 1527 0 1 31120 30000 2034 426 1120
21240 21260 2419 1527 2419 1527 1 1 30000 30000 0 20 0
21260 22228 2419 1527 2153 825 1 2 30000 29032 2274 806 968
22228 22343 2153 825 2228 865 2 1 29032 28917 -2034 176 115
22343 23922 2228 865 3751 809 1 0 28917 27338 -2274 726 1579
23922 23971 3751 809 3751 809 0 0 27338 27338 0 49 0
23971 24362 3751 809 3503 666 0 1 27338 26947 2818 188 391
24362 24739 3503 666 3326 866 1 0 26947 26570 -2818 188 377
24739 25226 3326 866 3611 664 0 1 26570 26083 2946 198 487
25226 26508 3611 664 3287 1622 1 0 26083 24801 -2946 198 1282
26508 26593 3287 1622 3287 1622 0 0 24801 24801 0 85 0
26593 27468 3287 1622 2700 1910 0 1 24801 23926 3778 817 875
27468 29103 2700 1910 2618 357 1 0 23926 22291 -3778 817 1635
29103 30217 2618 357 1911 764 0 1 22291 21177 4514 815 1114
30217 32724 1911 764 3260 1922 1 0 21177 18670 -4514 815 2507
32724 33702 3260 1922 2619 1585 0 1 18670 17692 5746 39 978
33702 34383 2619 1585 3258 1543 1 2 17692 17011 6034 100 681
34383 34824 3258 1543 3249 1111 2 1 17011 16570 -5746 21 441
34824 35468 3249 1111 2971 745 1 0 16570 15926 -6034 100 644
35468 35604 2971 745 2926 654 0 1 15926 15790 6594 325 136
35604 36570 2926 654 2233 381 1 0 15790 14824 -6594 325 966
36570 37077 2233 381 1813 468 0 1 14824 14317 6722 9 507
37077 37938 1813 468 2150 992 1 2 14317 13456 7410 281 861
37938 38802 2150 992 2806 1200 2 1 13456 12592 -7410 281 864
38802 39737 2806 1200 3441 1500 1 0 12592 11657 -6722 9 935
39737 40392 3441 1500 3243 1043 0 1 11657 11002 8178 348 655
40392 40905 3243 1043 3364 1435 1 2 11002 10489 8338 503 513
40905 41500 3364 1435 3107 1773 2 3 10489 9894 8482 906 595
41500 41655 3107 1773 2962 1783 3 2 9894 9739 -8178 106 155
41655 41786 2962 1783 2962 1783 2 2 9739 9739 0 131 0
41786 41933 2962 1783 3015 1689 2 3 9739 9592 8642 1465 147
41933 42512 3015 1689 2613 1866 3 2 9592 9013 -8338 78 579
42512 43014 2613 1866 2681 1432 2 3 9013 8511 8866 643 502
43014 44391 2681 1432 2193 543 3 2 8511 7134 -8482 159 1377
44391 44807 2193 543 2047 273 2 1 7134 6718 -8866 643 416
44807 45354 2047 273 1667 106 1 0 6718 6171 -8642 975 547
45354 45939 1667 106 1667 106 0 0 6171 6171 0 585 0
45939 50000 1667 106 1250 3750 0 0 6171 2110 1000000000 0 4061
--------------------------------------
--------------------------------------
EV21
--------------------------------------
Num TPs served = 12
TPs served = 1506 2066 2306 2994 3426 4018 4050 4802 4850 5154 5698 6466
Total energy used = 33596
--------------------------------------
Schedule:
0 13306 1250 3750 1250 3750 0 0 35632 35632 0 13306 0
13306 18533 1250 3750 3535 808 0 1 35632 30405 1506 100 5227
18533 18734 3535 808 3368 842 1 0 30405 30204 -1506 100 201
18734 20507 3368 842 3368 842 0 0 30204 30204 0 1773 0
20507 21325 3368 842 3022 1314 0 1 30204 29386 2066 266 818
21325 21858 3022 1314 3514 1273 1 0 29386 28853 -2066 266 533
21858 22510 3514 1273 2873 1262 0 1 28853 28201 2306 327 652
22510 23538 2873 1262 3584 945 1 0 28201 27173 -2306 327 1028
23538 24282 3584 945 3584 945 0 0 27173 27173 0 744 0
24282 24953 3584 945 2992 1024 0 1 27173 26502 2994 283 671
24953 25520 2992 1024 3195 1388 1 0 26502 25935 -2994 283 567
25520 26745 3195 1388 2745 613 0 1 25935 24710 3426 13 1225
26745 27671 2745 613 2284 1078 1 0 24710 23784 -3426 13 926
27671 28488 2284 1078 2645 1534 0 1 23784 22967 4050 427 817
28488 28577 2645 1534 2667 1467 1 2 22967 22878 4018 347 89
28577 29406 2667 1467 3035 1006 2 1 22878 22049 -4050 427 829
29406 30032 3035 1006 3501 1166 1 0 22049 21423 -4018 27 626
30032 30108 3501 1166 3501 1166 0 0 21423 21423 0 76 0
30108 30692 3501 1166 3784 865 0 1 21423 20839 4850 896 584
30692 30940 3784 865 3831 1066 1 2 20839 20591 4802 104 248
30940 31896 3831 1066 3011 930 2 1 20591 19635 -4802 104 956
31896 32593 3011 930 2990 254 1 2 19635 18938 5154 4124 697
32593 32982 2990 254 2792 63 2 1 18938 18549 -4850 400 389
32982 33334 2792 63 2791 414 1 2 18549 18197 5698 108 352
33334 34056 2791 414 3336 591 2 1 18197 17475 -5698 108 722
34056 35127 3336 591 2947 1273 1 2 17475 16404 6466 369 1071
35127 35934 2947 1273 2586 1719 2 1 16404 15597 -6466 369 807
35934 44398 2586 1719 729 8326 1 0 15597 7133 -5154 2652 8464
44398 44903 729 8326 729 8326 0 0 7133 7133 0 505 0
44903 50000 729 8326 1250 3750 0 0 7133 2036 1000000000 0 5097
--------------------------------------
--------------------------------------
EV22
--------------------------------------
Num TPs served = 13
TPs served = 1570 2114 2354 2626 3666 4786 5218 5346 6690 7570 8290 8530 8690
Total energy used = 32392
--------------------------------------
Schedule:
0 14989 1250 3750 1250 3750 0 0 35632 35632 0 14989 0
14989 18878 1250 3750 2333 944 0 1 35632 31743 1570 296 3889
18878 19472 2333 944 2063 1268 1 0 31743 31149 -1570 296 594
19472 20674 2063 1268 2063 1268 0 0 31149 31149 0 1202 0
20674 21508 2063 1268 2071 442 0 1 31149 30315 2114 730 834
21508 22092 2071 442 2071 442 1 1 30315 30315 0 584 0
22092 22522 2071 442 2478 419 1 2 30315 29885 2354 191 430
22522 22906 2478 419 2461 786 2 1 29885 29501 -2354 191 384
22906 23687 2461 786 2434 1540 1 0 29501 28720 -2114 12 781
23687 24270 2434 1540 2175 1864 0 1 28720 28137 2626 397 583
24270 26369 2175 1864 3118 708 1 0 28137 26038 -2626 397 2099
26369 27676 3118 708 2027 924 0 1 26038 24731 3666 309 1307
27676 29479 2027 924 3189 1565 1 0 24731 22928 -3666 309 1803
29479 30741 3189 1565 2628 864 0 1 22928 21666 4786 16 1262
30741 31177 2628 864 2562 494 1 0 21666 21230 -4786 16 436
31177 31217 2562 494 2562 494 0 0 21230 21230 0 40 0
31217 31724 2562 494 2271 710 0 1 21230 20723 5218 604 507
31724 33047 2271 710 2804 1500 1 2 20723 19400 5346 27 1323
33047 33168 2804 1500 2808 1383 2 1 19400 19279 -5218 370 121
33168 34998 2808 1383 1765 596 1 0 19279 17449 -5346 19 1830
34998 36177 1765 596 2505 1035 0 1 17449 16270 6690 331 1179
36177 37829 2505 1035 3352 230 1 0 16270 14618 -6690 331 1652
37829 38815 3352 230 2815 679 0 1 14618 13632 7570 100 986
38815 40069 2815 679 2874 1874 1 0 13632 12378 -7570 100 1254
40069 40105 2874 1874 2874 1874 0 0 12378 12378 0 36 0
40105 40646 2874 1874 2930 1389 0 1 12378 11837 8290 349 541
40646 41346 2930 1389 2776 843 1 0 11837 11137 -8290 349 700
41346 41792 2776 843 2382 791 0 1 11137 10691 8530 84 446
41792 42484 2382 791 3044 761 1 0 10691 9999 -8530 84 692
42484 43092 3044 761 2881 1206 0 1 9999 9391 8690 328 608
43092 45711 2881 1206 553 915 1 0 9391 6772 -8690 328 2619
45711 46468 553 915 553 915 0 0 6772 6772 0 757 0
46468 50000 553 915 1250 3750 0 0 6772 3240 1000000000 0 3532
--------------------------------------
--------------------------------------
EV23
--------------------------------------
Num TPs served = 18
TPs served = 1682 2146 2370 2770 3410 3794 4034 4530 4658 5458 5666 6370 6738 7698 7730 8034 8450 9234
Total energy used = 31534
--------------------------------------
Schedule:
0 16791 1250 3750 1250 3750 0 0 35632 35632 0 16791 0
16791 19551 1250 3750 2516 2256 0 1 35632 32872 1682 492 2760
19551 20537 2516 2256 2294 1492 1 0 32872 31886 -1682 492 986
20537 21806 2294 1492 3296 1759 0 1 31886 30617 2146 224 1269
21806 21990 3296 1759 3296 1759 1 1 30617 30617 0 184 0
21990 22598 3296 1759 2846 1601 1 2 30617 30009 2370 414 608
22598 22795 2846 1601 2662 1588 2 1 30009 29812 -2146 40 197
22795 23751 2662 1588 2824 794 1 0 29812 28856 -2370 90 956
23751 24299 2824 794 2386 904 0 1 28856 28308 2770 362 548
24299 25275 2386 904 3263 1003 1 0 28308 27332 -2770 362 976
25275 26328 3263 1003 2539 674 0 1 27332 26279 3410 504 1053
26328 27545 2539 674 2783 1647 1 2 26279 25062 3794 194 1217
27545 27596 2783 1647 2791 1604 2 1 25062 25011 -3410 418 51
27596 27997 2791 1604 2663 1331 1 0 25011 24610 -3794 178 401
27997 28678 2663 1331 2400 913 0 1 24610 23929 4034 0 681
28678 29219 2400 913 2773 745 1 0 23929 23388 -4034 0 541
29219 29231 2773 745 2773 745 0 0 23388 23388 0 12 0
29231 30181 2773 745 2326 242 0 1 23388 22438 4658 669 950
30181 30253 2326 242 2368 272 1 2 22438 22366 4530 288 72
30253 31521 2368 272 3337 571 2 1 22366 21098 -4658 669 1268
31521 31710 3337 571 3327 750 1 0 21098 20909 -4530 268 189
31710 31879 3327 750 3327 750 0 0 20909 20909 0 169 0
31879 32432 3327 750 3158 1134 0 1 20909 20356 5458 327 553
32432 33125 3158 1134 3562 845 1 2 20356 19663 5666 500 693
33125 33297 3562 845 3457 778 2 1 19663 19491 -5458 117 172
33297 34426 3457 778 2728 378 1 0 19491 18362 -5666 500 1129
34426 35170 2728 378 3099 5 0 1 18362 17618 6370 698 744
35170 36066 3099 5 2948 750 1 2 17618 16722 6738 181 896
36066 36971 2948 750 2887 1594 2 1 16722 15817 -6738 181 905
36971 37959 2887 1594 3748 1467 1 0 15817 14829 -6370 20 988
37959 38335 3748 1467 3748 1467 0 0 14829 14829 0 376 0
38335 38793 3748 1467 3776 1037 0 1 14829 14371 7730 752 458
38793 38899 3776 1037 3822 977 1 2 14371 14265 7698 504 106
38899 39776 3822 977 3016 906 2 3 14265 13388 8034 695 877
39776 40359 3016 906 2575 764 3 2 13388 12805 -7698 504 583
40359 40937 2575 764 2547 1314 2 1 12805 12227 -7730 114 578
40937 41038 2547 1314 2547 1314 1 1 12227 12227 0 101 0
41038 41201 2547 1314 2694 1330 1 2 12227 12064 8450 712 163
41201 41904 2694 1330 2264 1603 2 1 12064 11361 -8034 16 703
41904 43173 2264 1603 1633 965 1 0 11361 10092 -8450 166 1269
43173 44586 1633 965 3014 933 0 1 10092 8679 9234 245 1413
44586 45631 3014 933 2565 1529 1 0 8679 7634 -9234 245 1045
45631 46464 2565 1529 2565 1529 0 0 7634 7634 0 833 0
46464 50000 2565 1529 1250 3750 0 0 7634 4098 1000000000 0 3536
--------------------------------------

-------------------------------------------------------------------------

TPs

-------------------------------------------------------------------------

----------------------
TP2 not allocated
----------------------

----------------------
TP18 allocated to 1
----------------------

----------------------
TP34 not allocated
----------------------

----------------------
TP50 allocated to 2
----------------------

----------------------
TP66 not allocated
----------------------

----------------------
TP82 not allocated
----------------------

----------------------
TP98 not allocated
----------------------

----------------------
TP114 not allocated
----------------------

----------------------
TP130 not allocated
----------------------

----------------------
TP146 not allocated
----------------------

----------------------
TP162 not allocated
----------------------

----------------------
TP178 not allocated
----------------------

----------------------
TP194 not allocated
----------------------

----------------------
TP210 allocated to 2
----------------------

----------------------
TP226 not allocated
----------------------

----------------------
TP242 not allocated
----------------------

----------------------
TP258 not allocated
----------------------

----------------------
TP274 allocated to 3
----------------------

----------------------
TP290 allocated to 4
----------------------

----------------------
TP306 allocated to 5
----------------------

----------------------
TP322 not allocated
----------------------

----------------------
TP338 not allocated
----------------------

----------------------
TP354 not allocated
----------------------

----------------------
TP370 allocated to 6
----------------------

----------------------
TP386 allocated to 7
----------------------

----------------------
TP402 allocated to 4
----------------------

----------------------
TP418 allocated to 8
----------------------

----------------------
TP434 allocated to 3
----------------------

----------------------
TP450 allocated to 9
----------------------

----------------------
TP466 allocated to 6
----------------------

----------------------
TP482 allocated to 7
----------------------

----------------------
TP498 allocated to 3
----------------------

----------------------
TP514 allocated to 5
----------------------

----------------------
TP530 allocated to 7
----------------------

----------------------
TP546 allocated to 6
----------------------

----------------------
TP562 allocated to 4
----------------------

----------------------
TP578 allocated to 4
----------------------

----------------------
TP594 allocated to 8
----------------------

----------------------
TP610 allocated to 3
----------------------

----------------------
TP626 allocated to 9
----------------------

----------------------
TP642 allocated to 4
----------------------

----------------------
TP658 allocated to 8
----------------------

----------------------
TP674 allocated to 5
----------------------

----------------------
TP690 allocated to 7
----------------------

----------------------
TP706 allocated to 10
----------------------

----------------------
TP722 allocated to 9
----------------------

----------------------
TP738 allocated to 11
----------------------

----------------------
TP754 allocated to 3
----------------------

----------------------
TP770 allocated to 7
----------------------

----------------------
TP786 allocated to 8
----------------------

----------------------
TP802 allocated to 11
----------------------

----------------------
TP818 allocated to 4
----------------------

----------------------
TP834 allocated to 12
----------------------

----------------------
TP850 allocated to 13
----------------------

----------------------
TP866 allocated to 10
----------------------

----------------------
TP882 allocated to 5
----------------------

----------------------
TP898 allocated to 6
----------------------

----------------------
TP914 allocated to 3
----------------------

----------------------
TP930 allocated to 5
----------------------

----------------------
TP946 allocated to 7
----------------------

----------------------
TP962 allocated to 8
----------------------

----------------------
TP978 allocated to 9
----------------------

----------------------
TP994 allocated to 6
----------------------

----------------------
TP1010 allocated to 9
----------------------

----------------------
TP1026 allocated to 4
----------------------

----------------------
TP1042 allocated to 10
----------------------

----------------------
TP1058 allocated to 7
----------------------

----------------------
TP1074 allocated to 11
----------------------

----------------------
TP1090 allocated to 8
----------------------

----------------------
TP1106 allocated to 10
----------------------

----------------------
TP1122 allocated to 12
----------------------

----------------------
TP1138 allocated to 3
----------------------

----------------------
TP1154 allocated to 13
----------------------

----------------------
TP1170 allocated to 14
----------------------

----------------------
TP1186 allocated to 6
----------------------

----------------------
TP1202 allocated to 15
----------------------

----------------------
TP1218 allocated to 9
----------------------

----------------------
TP1234 allocated to 12
----------------------

----------------------
TP1250 allocated to 16
----------------------

----------------------
TP1266 allocated to 11
----------------------

----------------------
TP1282 allocated to 14
----------------------

----------------------
TP1298 allocated to 17
----------------------

----------------------
TP1314 allocated to 3
----------------------

----------------------
TP1330 allocated to 15
----------------------

----------------------
TP1346 allocated to 10
----------------------

----------------------
TP1362 allocated to 5
----------------------

----------------------
TP1378 allocated to 12
----------------------

----------------------
TP1394 allocated to 7
----------------------

----------------------
TP1410 allocated to 18
----------------------

----------------------
TP1426 allocated to 16
----------------------

----------------------
TP1442 allocated to 19
----------------------

----------------------
TP1458 allocated to 8
----------------------

----------------------
TP1474 allocated to 17
----------------------

----------------------
TP1490 allocated to 20
----------------------

----------------------
TP1506 allocated to 21
----------------------

----------------------
TP1522 allocated to 13
----------------------

----------------------
TP1538 allocated to 4
----------------------

----------------------
TP1554 allocated to 16
----------------------

----------------------
TP1570 allocated to 22
----------------------

----------------------
TP1586 allocated to 15
----------------------

----------------------
TP1602 allocated to 6
----------------------

----------------------
TP1618 allocated to 14
----------------------

----------------------
TP1634 allocated to 9
----------------------

----------------------
TP1650 allocated to 5
----------------------

----------------------
TP1666 allocated to 18
----------------------

----------------------
TP1682 allocated to 23
----------------------

----------------------
TP1698 allocated to 11
----------------------

----------------------
TP1714 allocated to 6
----------------------

----------------------
TP1730 allocated to 13
----------------------

----------------------
TP1746 allocated to 13
----------------------

----------------------
TP1762 allocated to 8
----------------------

----------------------
TP1778 allocated to 16
----------------------

----------------------
TP1794 allocated to 11
----------------------

----------------------
TP1810 allocated to 5
----------------------

----------------------
TP1826 allocated to 5
----------------------

----------------------
TP1842 allocated to 6
----------------------

----------------------
TP1858 allocated to 4
----------------------

----------------------
TP1874 allocated to 15
----------------------

----------------------
TP1890 allocated to 16
----------------------

----------------------
TP1906 allocated to 12
----------------------

----------------------
TP1922 allocated to 17
----------------------

----------------------
TP1938 allocated to 7
----------------------

----------------------
TP1954 allocated to 14
----------------------

----------------------
TP1970 allocated to 3
----------------------

----------------------
TP1986 allocated to 14
----------------------

----------------------
TP2002 allocated to 19
----------------------

----------------------
TP2018 allocated to 9
----------------------

----------------------
TP2034 allocated to 20
----------------------

----------------------
TP2050 allocated to 16
----------------------

----------------------
TP2066 allocated to 21
----------------------

----------------------
TP2082 allocated to 19
----------------------

----------------------
TP2098 allocated to 11
----------------------

----------------------
TP2114 allocated to 22
----------------------

----------------------
TP2130 allocated to 8
----------------------

----------------------
TP2146 allocated to 23
----------------------

----------------------
TP2162 allocated to 15
----------------------

----------------------
TP2178 not allocated
----------------------

----------------------
TP2194 allocated to 4
----------------------

----------------------
TP2210 allocated to 18
----------------------

----------------------
TP2226 not allocated
----------------------

----------------------
TP2242 allocated to 19
----------------------

----------------------
TP2258 not allocated
----------------------

----------------------
TP2274 allocated to 20
----------------------

----------------------
TP2290 allocated to 1
----------------------

----------------------
TP2306 allocated to 21
----------------------

----------------------
TP2322 allocated to 3
----------------------

----------------------
TP2338 allocated to 1
----------------------

----------------------
TP2354 allocated to 22
----------------------

----------------------
TP2370 allocated to 23
----------------------

----------------------
TP2386 not allocated
----------------------

----------------------
TP2402 allocated to 13
----------------------

----------------------
TP2418 allocated to 5
----------------------

----------------------
TP2434 allocated to 14
----------------------

----------------------
TP2450 allocated to 12
----------------------

----------------------
TP2466 allocated to 7
----------------------

----------------------
TP2482 allocated to 8
----------------------

----------------------
TP2498 allocated to 9
----------------------

----------------------
TP2514 allocated to 4
----------------------

----------------------
TP2530 allocated to 17
----------------------

----------------------
TP2546 not allocated
----------------------

----------------------
TP2562 not allocated
----------------------

----------------------
TP2578 allocated to 10
----------------------

----------------------
TP2594 not allocated
----------------------

----------------------
TP2610 allocated to 11
----------------------

----------------------
TP2626 allocated to 22
----------------------

----------------------
TP2642 allocated to 12
----------------------

----------------------
TP2658 not allocated
----------------------

----------------------
TP2674 allocated to 19
----------------------

----------------------
TP2690 allocated to 14
----------------------

----------------------
TP2706 not allocated
----------------------

----------------------
TP2722 not allocated
----------------------

----------------------
TP2738 not allocated
----------------------

----------------------
TP2754 allocated to 15
----------------------

----------------------
TP2770 allocated to 23
----------------------

----------------------
TP2786 allocated to 16
----------------------

----------------------
TP2802 allocated to 19
----------------------

----------------------
TP2818 allocated to 20
----------------------

----------------------
TP2834 allocated to 5
----------------------

----------------------
TP2850 not allocated
----------------------

----------------------
TP2866 not allocated
----------------------

----------------------
TP2882 allocated to 9
----------------------

----------------------
TP2898 allocated to 3
----------------------

----------------------
TP2914 allocated to 4
----------------------

----------------------
TP2930 allocated to 13
----------------------

----------------------
TP2946 allocated to 20
----------------------

----------------------
TP2962 allocated to 7
----------------------

----------------------
TP2978 allocated to 3
----------------------

----------------------
TP2994 allocated to 21
----------------------

----------------------
TP3010 allocated to 6
----------------------

----------------------
TP3026 not allocated
----------------------

----------------------
TP3042 allocated to 18
----------------------

----------------------
TP3058 allocated to 12
----------------------

----------------------
TP3074 not allocated
----------------------

----------------------
TP3090 not allocated
----------------------

----------------------
TP3106 not allocated
----------------------

----------------------
TP3122 allocated to 8
----------------------

----------------------
TP3138 not allocated
----------------------

----------------------
TP3154 not allocated
----------------------

----------------------
TP3170 allocated to 17
----------------------

----------------------
TP3186 not allocated
----------------------

----------------------
TP3202 allocated to 2
----------------------

----------------------
TP3218 allocated to 8
----------------------

----------------------
TP3234 not allocated
----------------------

----------------------
TP3250 allocated to 17
----------------------

----------------------
TP3266 allocated to 6
----------------------

----------------------
TP3282 allocated to 19
----------------------

----------------------
TP3298 not allocated
----------------------

----------------------
TP3314 allocated to 5
----------------------

----------------------
TP3330 not allocated
----------------------

----------------------
TP3346 allocated to 4
----------------------

----------------------
TP3362 allocated to 7
----------------------

----------------------
TP3378 allocated to 12
----------------------

----------------------
TP3394 allocated to 13
----------------------

----------------------
TP3410 allocated to 23
----------------------

----------------------
TP3426 allocated to 21
----------------------

----------------------
TP3442 not allocated
----------------------

----------------------
TP3458 allocated to 15
----------------------

----------------------
TP3474 allocated to 15
----------------------

----------------------
TP3490 allocated to 11
----------------------

----------------------
TP3506 allocated to 16
----------------------

----------------------
TP3522 allocated to 13
----------------------

----------------------
TP3538 allocated to 9
----------------------

----------------------
TP3554 allocated to 5
----------------------

----------------------
TP3570 allocated to 2
----------------------

----------------------
TP3586 allocated to 1
----------------------

----------------------
TP3602 not allocated
----------------------

----------------------
TP3618 allocated to 1
----------------------

----------------------
TP3634 allocated to 17
----------------------

----------------------
TP3650 allocated to 9
----------------------

----------------------
TP3666 allocated to 22
----------------------

----------------------
TP3682 allocated to 3
----------------------

----------------------
TP3698 allocated to 15
----------------------

----------------------
TP3714 allocated to 6
----------------------

----------------------
TP3730 allocated to 17
----------------------

----------------------
TP3746 not allocated
----------------------

----------------------
TP3762 allocated to 18
----------------------

----------------------
TP3778 allocated to 20
----------------------

----------------------
TP3794 allocated to 23
----------------------

----------------------
TP3810 allocated to 16
----------------------

----------------------
TP3826 allocated to 19
----------------------

----------------------
TP3842 not allocated
----------------------

----------------------
TP3858 not allocated
----------------------

----------------------
TP3874 allocated to 7
----------------------

----------------------
TP3890 allocated to 18
----------------------

----------------------
TP3906 not allocated
----------------------

----------------------
TP3922 not allocated
----------------------

----------------------
TP3938 not allocated
----------------------

----------------------
TP3954 allocated to 13
----------------------

----------------------
TP3970 allocated to 8
----------------------

----------------------
TP3986 allocated to 14
----------------------

----------------------
TP4002 allocated to 19
----------------------

----------------------
TP4018 allocated to 21
----------------------

----------------------
TP4034 allocated to 23
----------------------

----------------------
TP4050 allocated to 21
----------------------

----------------------
TP4066 not allocated
----------------------

----------------------
TP4082 not allocated
----------------------

----------------------
TP4098 allocated to 19
----------------------

----------------------
TP4114 not allocated
----------------------

----------------------
TP4130 allocated to 3
----------------------

----------------------
TP4146 not allocated
----------------------

----------------------
TP4162 allocated to 2
----------------------

----------------------
TP4178 allocated to 5
----------------------

----------------------
TP4194 not allocated
----------------------

----------------------
TP4210 allocated to 1
----------------------

----------------------
TP4226 allocated to 8
----------------------

----------------------
TP4242 not allocated
----------------------

----------------------
TP4258 not allocated
----------------------

----------------------
TP4274 not allocated
----------------------

----------------------
TP4290 allocated to 13
----------------------

----------------------
TP4306 not allocated
----------------------

----------------------
TP4322 not allocated
----------------------

----------------------
TP4338 not allocated
----------------------

----------------------
TP4354 not allocated
----------------------

----------------------
TP4370 not allocated
----------------------

----------------------
TP4386 allocated to 11
----------------------

----------------------
TP4402 not allocated
----------------------

----------------------
TP4418 allocated to 15
----------------------

----------------------
TP4434 not allocated
----------------------

----------------------
TP4450 allocated to 6
----------------------

----------------------
TP4466 not allocated
----------------------

----------------------
TP4482 not allocated
----------------------

----------------------
TP4498 allocated to 16
----------------------

----------------------
TP4514 allocated to 20
----------------------

----------------------
TP4530 allocated to 23
----------------------

----------------------
TP4546 not allocated
----------------------

----------------------
TP4562 allocated to 2
----------------------

----------------------
TP4578 allocated to 8
----------------------

----------------------
TP4594 not allocated
----------------------

----------------------
TP4610 allocated to 17
----------------------

----------------------
TP4626 allocated to 2
----------------------

----------------------
TP4642 allocated to 7
----------------------

----------------------
TP4658 allocated to 23
----------------------

----------------------
TP4674 allocated to 7
----------------------

----------------------
TP4690 allocated to 19
----------------------

----------------------
TP4706 allocated to 5
----------------------

----------------------
TP4722 allocated to 11
----------------------

----------------------
TP4738 allocated to 17
----------------------

----------------------
TP4754 allocated to 9
----------------------

----------------------
TP4770 allocated to 8
----------------------

----------------------
TP4786 allocated to 22
----------------------

----------------------
TP4802 allocated to 21
----------------------

----------------------
TP4818 not allocated
----------------------

----------------------
TP4834 allocated to 18
----------------------

----------------------
TP4850 allocated to 21
----------------------

----------------------
TP4866 not allocated
----------------------

----------------------
TP4882 allocated to 2
----------------------

----------------------
TP4898 allocated to 19
----------------------

----------------------
TP4914 not allocated
----------------------

----------------------
TP4930 allocated to 6
----------------------

----------------------
TP4946 allocated to 7
----------------------

----------------------
TP4962 not allocated
----------------------

----------------------
TP4978 allocated to 9
----------------------

----------------------
TP4994 not allocated
----------------------

----------------------
TP5010 allocated to 18
----------------------

----------------------
TP5026 not allocated
----------------------

----------------------
TP5042 allocated to 17
----------------------

----------------------
TP5058 allocated to 16
----------------------

----------------------
TP5074 not allocated
----------------------

----------------------
TP5090 not allocated
----------------------

----------------------
TP5106 not allocated
----------------------

----------------------
TP5122 not allocated
----------------------

----------------------
TP5138 not allocated
----------------------

----------------------
TP5154 allocated to 21
----------------------

----------------------
TP5170 not allocated
----------------------

----------------------
TP5186 not allocated
----------------------

----------------------
TP5202 not allocated
----------------------

----------------------
TP5218 allocated to 22
----------------------

----------------------
TP5234 not allocated
----------------------

----------------------
TP5250 allocated to 5
----------------------

----------------------
TP5266 not allocated
----------------------

----------------------
TP5282 not allocated
----------------------

----------------------
TP5298 allocated to 11
----------------------

----------------------
TP5314 not allocated
----------------------

----------------------
TP5330 not allocated
----------------------

----------------------
TP5346 allocated to 22
----------------------

----------------------
TP5362 not allocated
----------------------

----------------------
TP5378 allocated to 9
----------------------

----------------------
TP5394 not allocated
----------------------

----------------------
TP5410 not allocated
----------------------

----------------------
TP5426 not allocated
----------------------

----------------------
TP5442 allocated to 1
----------------------

----------------------
TP5458 allocated to 23
----------------------

----------------------
TP5474 not allocated
----------------------

----------------------
TP5490 not allocated
----------------------

----------------------
TP5506 allocated to 11
----------------------

----------------------
TP5522 allocated to 5
----------------------

----------------------
TP5538 not allocated
----------------------

----------------------
TP5554 allocated to 17
----------------------

----------------------
TP5570 allocated to 8
----------------------

----------------------
TP5586 allocated to 6
----------------------

----------------------
TP5602 not allocated
----------------------

----------------------
TP5618 not allocated
----------------------

----------------------
TP5634 allocated to 18
----------------------

----------------------
TP5650 not allocated
----------------------

----------------------
TP5666 allocated to 23
----------------------

----------------------
TP5682 not allocated
----------------------

----------------------
TP5698 allocated to 21
----------------------

----------------------
TP5714 allocated to 9
----------------------

----------------------
TP5730 allocated to 8
----------------------

----------------------
TP5746 allocated to 20
----------------------

----------------------
TP5762 allocated to 7
----------------------

----------------------
TP5778 not allocated
----------------------

----------------------
TP5794 allocated to 19
----------------------

----------------------
TP5810 not allocated
----------------------

----------------------
TP5826 not allocated
----------------------

----------------------
TP5842 not allocated
----------------------

----------------------
TP5858 not allocated
----------------------

----------------------
TP5874 allocated to 17
----------------------

----------------------
TP5890 allocated to 11
----------------------

----------------------
TP5906 allocated to 16
----------------------

----------------------
TP5922 not allocated
----------------------

----------------------
TP5938 not allocated
----------------------

----------------------
TP5954 not allocated
----------------------

----------------------
TP5970 not allocated
----------------------

----------------------
TP5986 not allocated
----------------------

----------------------
TP6002 not allocated
----------------------

----------------------
TP6018 not allocated
----------------------

----------------------
TP6034 allocated to 20
----------------------

----------------------
TP6050 not allocated
----------------------

----------------------
TP6066 allocated to 5
----------------------

----------------------
TP6082 not allocated
----------------------

----------------------
TP6098 not allocated
----------------------

----------------------
TP6114 not allocated
----------------------

----------------------
TP6130 not allocated
----------------------

----------------------
TP6146 not allocated
----------------------

----------------------
TP6162 not allocated
----------------------

----------------------
TP6178 not allocated
----------------------

----------------------
TP6194 not allocated
----------------------

----------------------
TP6210 not allocated
----------------------

----------------------
TP6226 not allocated
----------------------

----------------------
TP6242 not allocated
----------------------

----------------------
TP6258 allocated to 5
----------------------

----------------------
TP6274 not allocated
----------------------

----------------------
TP6290 allocated to 19
----------------------

----------------------
TP6306 not allocated
----------------------

----------------------
TP6322 not allocated
----------------------

----------------------
TP6338 allocated to 8
----------------------

----------------------
TP6354 not allocated
----------------------

----------------------
TP6370 allocated to 23
----------------------

----------------------
TP6386 allocated to 8
----------------------

----------------------
TP6402 allocated to 7
----------------------

----------------------
TP6418 not allocated
----------------------

----------------------
TP6434 allocated to 17
----------------------

----------------------
TP6450 not allocated
----------------------

----------------------
TP6466 allocated to 21
----------------------

----------------------
TP6482 allocated to 19
----------------------

----------------------
TP6498 not allocated
----------------------

----------------------
TP6514 not allocated
----------------------

----------------------
TP6530 not allocated
----------------------

----------------------
TP6546 not allocated
----------------------

----------------------
TP6562 not allocated
----------------------

----------------------
TP6578 not allocated
----------------------

----------------------
TP6594 allocated to 20
----------------------

----------------------
TP6610 not allocated
----------------------

----------------------
TP6626 not allocated
----------------------

----------------------
TP6642 allocated to 16
----------------------

----------------------
TP6658 not allocated
----------------------

----------------------
TP6674 not allocated
----------------------

----------------------
TP6690 allocated to 22
----------------------

----------------------
TP6706 not allocated
----------------------

----------------------
TP6722 allocated to 20
----------------------

----------------------
TP6738 allocated to 23
----------------------

----------------------
TP6754 allocated to 9
----------------------

----------------------
TP6770 not allocated
----------------------

----------------------
TP6786 allocated to 11
----------------------

----------------------
TP6802 not allocated
----------------------

----------------------
TP6818 not allocated
----------------------

----------------------
TP6834 not allocated
----------------------

----------------------
TP6850 not allocated
----------------------

----------------------
TP6866 not allocated
----------------------

----------------------
TP6882 not allocated
----------------------

----------------------
TP6898 not allocated
----------------------

----------------------
TP6914 not allocated
----------------------

----------------------
TP6930 not allocated
----------------------

----------------------
TP6946 not allocated
----------------------

----------------------
TP6962 allocated to 16
----------------------

----------------------
TP6978 not allocated
----------------------

----------------------
TP6994 not allocated
----------------------

----------------------
TP7010 not allocated
----------------------

----------------------
TP7026 allocated to 8
----------------------

----------------------
TP7042 not allocated
----------------------

----------------------
TP7058 not allocated
----------------------

----------------------
TP7074 not allocated
----------------------

----------------------
TP7090 not allocated
----------------------

----------------------
TP7106 not allocated
----------------------

----------------------
TP7122 not allocated
----------------------

----------------------
TP7138 allocated to 19
----------------------

----------------------
TP7154 allocated to 9
----------------------

----------------------
TP7170 not allocated
----------------------

----------------------
TP7186 not allocated
----------------------

----------------------
TP7202 not allocated
----------------------

----------------------
TP7218 not allocated
----------------------

----------------------
TP7234 not allocated
----------------------

----------------------
TP7250 allocated to 16
----------------------

----------------------
TP7266 allocated to 17
----------------------

----------------------
TP7282 not allocated
----------------------

----------------------
TP7298 not allocated
----------------------

----------------------
TP7314 not allocated
----------------------

----------------------
TP7330 not allocated
----------------------

----------------------
TP7346 not allocated
----------------------

----------------------
TP7362 not allocated
----------------------

----------------------
TP7378 not allocated
----------------------

----------------------
TP7394 not allocated
----------------------

----------------------
TP7410 allocated to 20
----------------------

----------------------
TP7426 not allocated
----------------------

----------------------
TP7442 not allocated
----------------------

----------------------
TP7458 not allocated
----------------------

----------------------
TP7474 not allocated
----------------------

----------------------
TP7490 allocated to 17
----------------------

----------------------
TP7506 not allocated
----------------------

----------------------
TP7522 not allocated
----------------------

----------------------
TP7538 not allocated
----------------------

----------------------
TP7554 not allocated
----------------------

----------------------
TP7570 allocated to 22
----------------------

----------------------
TP7586 not allocated
----------------------

----------------------
TP7602 not allocated
----------------------

----------------------
TP7618 not allocated
----------------------

----------------------
TP7634 not allocated
----------------------

----------------------
TP7650 not allocated
----------------------

----------------------
TP7666 allocated to 9
----------------------

----------------------
TP7682 not allocated
----------------------

----------------------
TP7698 allocated to 23
----------------------

----------------------
TP7714 not allocated
----------------------

----------------------
TP7730 allocated to 23
----------------------

----------------------
TP7746 not allocated
----------------------

----------------------
TP7762 not allocated
----------------------

----------------------
TP7778 not allocated
----------------------

----------------------
TP7794 not allocated
----------------------

----------------------
TP7810 not allocated
----------------------

----------------------
TP7826 not allocated
----------------------

----------------------
TP7842 not allocated
----------------------

----------------------
TP7858 not allocated
----------------------

----------------------
TP7874 not allocated
----------------------

----------------------
TP7890 not allocated
----------------------

----------------------
TP7906 not allocated
----------------------

----------------------
TP7922 not allocated
----------------------

----------------------
TP7938 not allocated
----------------------

----------------------
TP7954 allocated to 17
----------------------

----------------------
TP7970 not allocated
----------------------

----------------------
TP7986 not allocated
----------------------

----------------------
TP8002 not allocated
----------------------

----------------------
TP8018 not allocated
----------------------

----------------------
TP8034 allocated to 23
----------------------

----------------------
TP8050 allocated to 19
----------------------

----------------------
TP8066 not allocated
----------------------

----------------------
TP8082 not allocated
----------------------

----------------------
TP8098 not allocated
----------------------

----------------------
TP8114 not allocated
----------------------

----------------------
TP8130 allocated to 11
----------------------

----------------------
TP8146 not allocated
----------------------

----------------------
TP8162 not allocated
----------------------

----------------------
TP8178 allocated to 20
----------------------

----------------------
TP8194 not allocated
----------------------

----------------------
TP8210 not allocated
----------------------

----------------------
TP8226 not allocated
----------------------

----------------------
TP8242 not allocated
----------------------

----------------------
TP8258 not allocated
----------------------

----------------------
TP8274 not allocated
----------------------

----------------------
TP8290 allocated to 22
----------------------

----------------------
TP8306 allocated to 19
----------------------

----------------------
TP8322 not allocated
----------------------

----------------------
TP8338 allocated to 20
----------------------

----------------------
TP8354 allocated to 12
----------------------

----------------------
TP8370 not allocated
----------------------

----------------------
TP8386 not allocated
----------------------

----------------------
TP8402 not allocated
----------------------

----------------------
TP8418 not allocated
----------------------

----------------------
TP8434 not allocated
----------------------

----------------------
TP8450 allocated to 23
----------------------

----------------------
TP8466 not allocated
----------------------

----------------------
TP8482 allocated to 20
----------------------

----------------------
TP8498 not allocated
----------------------

----------------------
TP8514 not allocated
----------------------

----------------------
TP8530 allocated to 22
----------------------

----------------------
TP8546 not allocated
----------------------

----------------------
TP8562 not allocated
----------------------

----------------------
TP8578 allocated to 19
----------------------

----------------------
TP8594 not allocated
----------------------

----------------------
TP8610 not allocated
----------------------

----------------------
TP8626 not allocated
----------------------

----------------------
TP8642 allocated to 20
----------------------

----------------------
TP8658 not allocated
----------------------

----------------------
TP8674 not allocated
----------------------

----------------------
TP8690 allocated to 22
----------------------

----------------------
TP8706 not allocated
----------------------

----------------------
TP8722 not allocated
----------------------

----------------------
TP8738 not allocated
----------------------

----------------------
TP8754 not allocated
----------------------

----------------------
TP8770 allocated to 16
----------------------

----------------------
TP8786 not allocated
----------------------

----------------------
TP8802 not allocated
----------------------

----------------------
TP8818 not allocated
----------------------

----------------------
TP8834 allocated to 19
----------------------

----------------------
TP8850 not allocated
----------------------

----------------------
TP8866 allocated to 20
----------------------

----------------------
TP8882 not allocated
----------------------

----------------------
TP8898 not allocated
----------------------

----------------------
TP8914 not allocated
----------------------

----------------------
TP8930 not allocated
----------------------

----------------------
TP8946 not allocated
----------------------

----------------------
TP8962 not allocated
----------------------

----------------------
TP8978 not allocated
----------------------

----------------------
TP8994 not allocated
----------------------

----------------------
TP9010 not allocated
----------------------

----------------------
TP9026 not allocated
----------------------

----------------------
TP9042 not allocated
----------------------

----------------------
TP9058 not allocated
----------------------

----------------------
TP9074 not allocated
----------------------

----------------------
TP9090 not allocated
----------------------

----------------------
TP9106 not allocated
----------------------

----------------------
TP9122 allocated to 15
----------------------

----------------------
TP9138 not allocated
----------------------

----------------------
TP9154 not allocated
----------------------

----------------------
TP9170 allocated to 14
----------------------

----------------------
TP9186 not allocated
----------------------

----------------------
TP9202 not allocated
----------------------

----------------------
TP9218 not allocated
----------------------

----------------------
TP9234 allocated to 23
----------------------

----------------------
TP9250 not allocated
----------------------

----------------------
TP9266 not allocated
----------------------

----------------------
TP9282 not allocated
----------------------

----------------------
TP9298 not allocated
----------------------

----------------------
TP9314 not allocated
----------------------

----------------------
TP9330 not allocated
----------------------

----------------------
TP9346 not allocated
----------------------

----------------------
TP9362 not allocated
----------------------

----------------------
TP9378 not allocated
----------------------

----------------------
TP9394 not allocated
----------------------

----------------------
TP9410 not allocated
----------------------

----------------------
TP9426 not allocated
----------------------

----------------------
TP9442 not allocated
----------------------

----------------------
TP9458 not allocated
----------------------

----------------------
TP9474 not allocated
----------------------

----------------------
TP9490 not allocated
----------------------

----------------------
TP9506 not allocated
----------------------

----------------------
TP9522 not allocated
----------------------

----------------------
TP9538 not allocated
----------------------

----------------------
TP9554 not allocated
----------------------

----------------------
TP9570 not allocated
----------------------

----------------------
TP9586 not allocated
----------------------

----------------------
TP9602 not allocated
----------------------

----------------------
TP9618 not allocated
----------------------

----------------------
TP9634 not allocated
----------------------

----------------------
TP9650 not allocated
----------------------

----------------------
TP9666 not allocated
----------------------

----------------------
TP9682 not allocated
----------------------

----------------------
TP9698 not allocated
----------------------

----------------------
TP9714 not allocated
----------------------

----------------------
TP9730 not allocated
----------------------

----------------------
TP9746 not allocated
----------------------

----------------------
TP9762 not allocated
----------------------

----------------------
TP9778 not allocated
----------------------

----------------------
TP9794 not allocated
----------------------

----------------------
TP9810 not allocated
----------------------

----------------------
TP9826 not allocated
----------------------

----------------------
TP9842 not allocated
----------------------

----------------------
TP9858 not allocated
----------------------

----------------------
TP9874 not allocated
----------------------

----------------------
TP9890 not allocated
----------------------

----------------------
TP9906 not allocated
----------------------

----------------------
TP9922 not allocated
----------------------

----------------------
TP9938 not allocated
----------------------

----------------------
TP9954 not allocated
----------------------

----------------------
TP9970 not allocated
----------------------

----------------------
TP9986 not allocated
----------------------

-------------------------------------------------------------------------

Ride-sharing vs Individual Mode - Num Vehicles and Distance Comparisson 

-------------------------------------------------------------------------
Individual Mode = 625 vehicles.
Ride-sharing Mode = 329 vehicles. The 23 ride-sharing vehicles + 306 vehicles of the individuals not served by the ride-sharing service.
-------------------------------------------------------------------------
Individual Mode = 923024 distance.
Ride-sharing Mode = 1223508 distance. 795848 from the EV fleet + 427660 from the distance of the trips not covered individuals had to do with their own vehicle.
-------------------------------------------------------------------------
