10000 10000 50000
1
7 3750 6250
195
1 7 0 35632 5
0
2 7 0 35632 5
0
3 7 0 35632 5
0
4 7 0 35632 5
0
5 7 0 35632 5
0
6 7 0 35632 5
0
7 7 0 35632 5
0
8 7 0 35632 5
0
9 7 0 35632 5
0
10 7 0 35632 5
0
11 7 0 35632 5
0
12 7 0 35632 5
0
13 7 0 35632 5
0
14 7 0 35632 5
0
15 7 0 35632 5
0
16 7 0 35632 5
0
17 7 0 35632 5
0
18 7 0 35632 5
0
19 7 0 35632 5
0
20 7 0 35632 5
0
21 7 0 35632 5
0
22 7 0 35632 5
0
23 7 0 35632 5
0
24 7 0 35632 5
0
25 7 0 35632 5
0
26 7 0 35632 5
0
27 7 0 35632 5
0
28 7 0 35632 5
0
29 7 0 35632 5
0
30 7 0 35632 5
0
31 7 0 35632 5
0
32 7 0 35632 5
0
33 7 0 35632 5
0
34 7 0 35632 5
0
35 7 0 35632 5
0
36 7 0 35632 5
0
37 7 0 35632 5
0
38 7 0 35632 5
0
39 7 0 35632 5
0
40 7 0 35632 5
0
41 7 0 35632 5
0
42 7 0 35632 5
0
43 7 0 35632 5
0
44 7 0 35632 5
0
45 7 0 35632 5
0
46 7 0 35632 5
0
47 7 0 35632 5
0
48 7 0 35632 5
0
49 7 0 35632 5
0
50 7 0 35632 5
0
51 7 0 35632 5
0
52 7 0 35632 5
0
53 7 0 35632 5
0
54 7 0 35632 5
0
55 7 0 35632 5
0
56 7 0 35632 5
0
57 7 0 35632 5
0
58 7 0 35632 5
0
59 7 0 35632 5
0
60 7 0 35632 5
0
61 7 0 35632 5
0
62 7 0 35632 5
0
63 7 0 35632 5
0
64 7 0 35632 5
0
65 7 0 35632 5
0
66 7 0 35632 5
0
67 7 0 35632 5
0
68 7 0 35632 5
0
69 7 0 35632 5
0
70 7 0 35632 5
0
71 7 0 35632 5
0
72 7 0 35632 5
0
73 7 0 35632 5
0
74 7 0 35632 5
0
75 7 0 35632 5
0
76 7 0 35632 5
0
77 7 0 35632 5
0
78 7 0 35632 5
0
79 7 0 35632 5
0
80 7 0 35632 5
0
81 7 0 35632 5
0
82 7 0 35632 5
0
83 7 0 35632 5
0
84 7 0 35632 5
0
85 7 0 35632 5
0
86 7 0 35632 5
0
87 7 0 35632 5
0
88 7 0 35632 5
0
89 7 0 35632 5
0
90 7 0 35632 5
0
91 7 0 35632 5
0
92 7 0 35632 5
0
93 7 0 35632 5
0
94 7 0 35632 5
0
95 7 0 35632 5
0
96 7 0 35632 5
0
97 7 0 35632 5
0
98 7 0 35632 5
0
99 7 0 35632 5
0
100 7 0 35632 5
0
101 7 0 35632 5
0
102 7 0 35632 5
0
103 7 0 35632 5
0
104 7 0 35632 5
0
105 7 0 35632 5
0
106 7 0 35632 5
0
107 7 0 35632 5
0
108 7 0 35632 5
0
109 7 0 35632 5
0
110 7 0 35632 5
0
111 7 0 35632 5
0
112 7 0 35632 5
0
113 7 0 35632 5
0
114 7 0 35632 5
0
115 7 0 35632 5
0
116 7 0 35632 5
0
117 7 0 35632 5
0
118 7 0 35632 5
0
119 7 0 35632 5
0
120 7 0 35632 5
0
121 7 0 35632 5
0
122 7 0 35632 5
0
123 7 0 35632 5
0
124 7 0 35632 5
0
125 7 0 35632 5
0
126 7 0 35632 5
0
127 7 0 35632 5
0
128 7 0 35632 5
0
129 7 0 35632 5
0
130 7 0 35632 5
0
131 7 0 35632 5
0
132 7 0 35632 5
0
133 7 0 35632 5
0
134 7 0 35632 5
0
135 7 0 35632 5
0
136 7 0 35632 5
0
137 7 0 35632 5
0
138 7 0 35632 5
0
139 7 0 35632 5
0
140 7 0 35632 5
0
141 7 0 35632 5
0
142 7 0 35632 5
0
143 7 0 35632 5
0
144 7 0 35632 5
0
145 7 0 35632 5
0
146 7 0 35632 5
0
147 7 0 35632 5
0
148 7 0 35632 5
0
149 7 0 35632 5
0
150 7 0 35632 5
0
151 7 0 35632 5
0
152 7 0 35632 5
0
153 7 0 35632 5
0
154 7 0 35632 5
0
155 7 0 35632 5
0
156 7 0 35632 5
0
157 7 0 35632 5
0
158 7 0 35632 5
0
159 7 0 35632 5
0
160 7 0 35632 5
0
161 7 0 35632 5
0
162 7 0 35632 5
0
163 7 0 35632 5
0
164 7 0 35632 5
0
165 7 0 35632 5
0
166 7 0 35632 5
0
167 7 0 35632 5
0
168 7 0 35632 5
0
169 7 0 35632 5
0
170 7 0 35632 5
0
171 7 0 35632 5
0
172 7 0 35632 5
0
173 7 0 35632 5
0
174 7 0 35632 5
0
175 7 0 35632 5
0
176 7 0 35632 5
0
177 7 0 35632 5
0
178 7 0 35632 5
0
179 7 0 35632 5
0
180 7 0 35632 5
0
181 7 0 35632 5
0
182 7 0 35632 5
0
183 7 0 35632 5
0
184 7 0 35632 5
0
185 7 0 35632 5
0
186 7 0 35632 5
0
187 7 0 35632 5
0
188 7 0 35632 5
0
189 7 0 35632 5
0
190 7 0 35632 5
0
191 7 0 35632 5
0
192 7 0 35632 5
0
193 7 0 35632 5
0
194 7 0 35632 5
0
195 7 0 35632 5
0
625
7 7 -1
1, 2229, 1096, 2666, 1370, 1, 356, 712, 1067
23 7 -1
1, 2563, 1492, 1811, 1276, 1, 484, 969, 1452
39 7 -1
1, 2875, 1270, 2689, 659, 1, 399, 798, 1196
55 7 -1
1, 3036, 921, 1865, 1755, 1, 1003, 2006, 3008
71 7 -1
1, 3427, 1388, 3372, 469, 1, 487, 975, 1461
87 7 -1
143, 2985, 923, 1914, 1228, 285, 972, 1661, 2348
103 7 -1
563, 2495, 1824, 1744, 158, 1126, 2334, 3543, 4751
119 7 -1
942, 2291, 1270, 9999, 9211, 1884, 9708, 17533, 25357
135 7 -1
1254, 3342, 587, 3845, 1292, 2508, 3111, 3716, 4319
151 7 -1
1581, 3214, 830, 2607, 1591, 3162, 3845, 4530, 5213
167 7 -1
1933, 3158, 1936, 673, 17, 3865, 6066, 8269, 10470
183 7 -1
2114, 2417, 1430, 2552, 1566, 4227, 4362, 4498, 4633
199 7 -1
2275, 3019, 258, 2057, 720, 4550, 5261, 5974, 6685
215 7 -1
2506, 2600, 997, 2501, 560, 5012, 5279, 5548, 5815
231 7 -1
2724, 2291, 767, 2678, 2074, 5448, 6294, 7142, 7988
247 7 -1
2877, 3260, 938, 1342, 322, 5753, 7019, 8287, 9553
263 7 -1
3074, 2944, 948, 3002, 1421, 6148, 6413, 6679, 6944
279 7 -1
3294, 2620, 1159, 9999, 87, 6588, 10813, 15039, 19264
295 7 -1
3424, 2661, 149, 2356, 1214, 6848, 7532, 8218, 8902
311 7 -1
3566, 3217, 745, 2492, 639, 7132, 7547, 7963, 8378
327 7 -1
3693, 2694, 1074, 2367, 997, 7386, 7587, 7790, 7991
343 7 -1
3899, 2796, 938, 2513, 1137, 7797, 8037, 8279, 8519
359 7 -1
4060, 2851, 620, 2274, 1980, 8119, 9087, 10056, 11024
375 7 -1
4202, 1831, 1722, 1505, 1384, 8403, 8734, 9067, 9398
391 7 -1
4362, 3094, 935, 3235, 1236, 8723, 8943, 9165, 9385
407 7 -1
4564, 2965, 904, 2570, 952, 9127, 9348, 9570, 9791
423 7 -1
4684, 3170, 37, 2902, 1259, 9367, 10111, 10857, 11601
439 7 -1
4814, 2262, 2019, 2303, 14, 9627, 10649, 11673, 12695
455 7 -1
4903, 3287, 1071, 3553, 657, 9805, 10144, 10485, 10824
471 7 -1
5007, 2183, 846, 2718, 1052, 10014, 10384, 10755, 11125
487 7 -1
5174, 2126, 1599, 3243, 1564, 10347, 10922, 11499, 12074
503 7 -1
5270, 2689, 1164, 1012, 7114, 10539, 14352, 18166, 21979
519 7 -1
5403, 1792, 1758, 2250, 444, 10805, 11690, 12577, 13462
535 7 -1
5488, 3195, 1013, 9999, 6867, 10975, 17303, 23633, 29961
551 7 -1
5574, 3517, 700, 2570, 465, 11147, 11737, 12329, 12919
567 7 -1
5707, 2993, 2120, 2923, 954, 11414, 12031, 12650, 13267
583 7 -1
5869, 2622, 1268, 3476, 1568, 11737, 12313, 12891, 13467
599 7 -1
5963, 2901, 1615, 3464, 986, 11926, 12521, 13118, 13713
615 7 -1
6076, 2242, 1234, 3438, 807, 12151, 12962, 13774, 14585
631 7 -1
6160, 2688, 740, 2551, 917, 12319, 12475, 12633, 12789
647 7 -1
6251, 3173, 661, 2747, 254, 12502, 12918, 13335, 13751
663 7 -1
6312, 2681, 806, 2760, 865, 12624, 12692, 12762, 12830
679 7 -1
6414, 2801, 839, 9999, 9663, 12828, 20838, 28850, 36860
695 7 -1
6504, 2669, 1169, 2670, 607, 13007, 13288, 13570, 13851
711 7 -1
6603, 2816, 1288, 3265, 1366, 13206, 13469, 13733, 13996
727 7 -1
6664, 2859, 696, 3355, 1065, 13328, 13760, 14193, 14625
743 7 -1
6766, 2285, 871, 2802, 921, 13531, 13814, 14098, 14381
759 7 -1
6818, 3102, 624, 2114, 832, 13636, 14233, 14832, 15429
775 7 -1
6873, 2603, 874, 2856, 1715, 13746, 14292, 14840, 15386
791 7 -1
6947, 2839, 505, 2997, 1420, 13893, 14429, 14966, 15502
807 7 -1
7014, 2354, 1038, 3295, 1359, 14027, 14657, 15289, 15919
823 7 -1
7112, 2607, 232, 2739, 819, 14223, 14582, 14942, 15301
839 7 -1
7172, 2536, 781, 3953, 817, 14344, 15070, 15797, 16523
855 7 -1
7274, 3061, 263, 2596, 721, 14547, 15008, 15470, 15931
871 7 -1
7369, 2378, 1017, 2545, 1064, 14737, 14843, 14951, 15057
887 7 -1
7425, 3853, 1378, 2547, 787, 14849, 15797, 16746, 17694
903 7 -1
7474, 2635, 190, 2452, 1099, 14948, 15493, 16040, 16585
919 7 -1
7515, 3429, 918, 2413, 1358, 15030, 15757, 16486, 17213
935 7 -1
7586, 3321, 1767, 1936, 356, 15171, 16568, 17967, 19364
951 7 -1
7666, 2371, 946, 3042, 571, 15331, 15853, 16377, 16899
967 7 -1
7728, 2742, 1640, 9999, 384, 15456, 19712, 23969, 28225
983 7 -1
7793, 2478, 669, 2802, 159, 15586, 16002, 16420, 16836
999 7 -1
7847, 2476, 1113, 2984, 1336, 15694, 16059, 16425, 16790
1015 7 -1
7878, 2276, 2018, 2393, 1876, 15756, 15885, 16015, 16144
1031 7 -1
7925, 3242, 411, 3652, 1229, 15849, 16462, 17077, 17690
1047 7 -1
7968, 3039, 1743, 2468, 1518, 15935, 16332, 16731, 17128
1063 7 -1
8009, 3764, 654, 3171, 1188, 16018, 16581, 17145, 17708
1079 7 -1
8063, 3160, 441, 2583, 739, 16126, 16563, 17001, 17438
1095 7 -1
8128, 2974, 1006, 1536, 746, 16256, 17104, 17954, 18802
1111 7 -1
8179, 3185, 1217, 2795, 826, 16357, 16747, 17138, 17528
1127 7 -1
8235, 3590, 357, 2923, 1154, 16469, 17200, 17933, 18664
1143 7 -1
8293, 2709, 741, 2726, 212, 16585, 16857, 17131, 17403
1159 7 -1
8321, 3168, 1388, 2215, 2017, 16641, 17431, 18223, 19013
1175 7 -1
8354, 3622, 1088, 2514, 1432, 16707, 17432, 18159, 18884
1191 7 -1
8382, 2569, 1623, 2650, 404, 16763, 17412, 18063, 18712
1207 7 -1
8429, 3079, 654, 2425, 295, 16857, 17363, 17870, 18376
1223 7 -1
8474, 2799, 1196, 3975, 1194, 16947, 17535, 18125, 18713
1239 7 -1
8521, 3195, 381, 2403, 1384, 17041, 17938, 18836, 19733
1255 7 -1
8564, 2608, 1859, 3229, 1056, 17127, 17838, 18551, 19262
1271 7 -1
8605, 3444, 1084, 3078, 1975, 17210, 17838, 18467, 19095
1287 7 -1
8678, 2839, 1154, 3074, 1025, 17355, 17536, 17719, 17900
1303 7 -1
8727, 3055, 838, 3072, 1493, 17454, 17789, 18126, 18461
1319 7 -1
8773, 3585, 1401, 1767, 857, 17545, 18725, 19907, 21087
1335 7 -1
8834, 2922, 758, 2679, 813, 17667, 17815, 17965, 18113
1351 7 -1
8875, 2778, 1412, 3257, 1229, 17749, 18079, 18411, 18741
1367 7 -1
8914, 1856, 293, 2050, 1217, 17828, 18386, 18946, 19504
1383 7 -1
8951, 2674, 417, 2129, 815, 17901, 18372, 18844, 19315
1399 7 -1
8985, 3307, 1670, 2702, 2334, 17969, 18603, 19238, 19872
1415 7 -1
9028, 2335, 1204, 2778, 1062, 18055, 18347, 18640, 18932
1431 7 -1
9076, 3173, 1194, 2463, 786, 18151, 18709, 19269, 19827
1447 7 -1
9106, 2007, 1527, 3160, 1890, 18212, 18969, 19728, 20485
1463 7 -1
9144, 2014, 1365, 3382, 852, 18287, 19227, 20168, 21108
1479 7 -1
9188, 2973, 1197, 2029, 2255, 18376, 19376, 20378, 21378
1495 7 -1
9220, 2634, 905, 2390, 1691, 18439, 18953, 19469, 19983
1511 7 -1
9272, 3242, 974, 3680, 1322, 18544, 18936, 19330, 19722
1527 7 -1
9326, 3216, 1506, 2178, 1308, 18651, 19268, 19887, 20504
1543 7 -1
9370, 2725, 931, 2545, 767, 18739, 18910, 19083, 19254
1559 7 -1
9417, 2445, 1439, 2861, 531, 18834, 19495, 20158, 20819
1575 7 -1
9452, 3470, 973, 3241, 460, 18903, 19273, 19645, 20015
1591 7 -1
9497, 3092, 1649, 2936, 703, 18993, 19543, 20095, 20645
1607 7 -1
9539, 2351, 410, 3035, 517, 19077, 19472, 19868, 20263
1623 7 -1
9585, 3033, 1159, 2784, 173, 19169, 19786, 20404, 21021
1639 7 -1
9650, 3304, 2191, 3683, 1453, 19299, 19857, 20416, 20974
1655 7 -1
9697, 2667, 953, 2712, 1289, 19394, 19584, 19775, 19965
1671 7 -1
9763, 1690, 1482, 2153, 1017, 19525, 19988, 20453, 20916
1687 7 -1
9786, 2644, 1129, 2140, 1305, 19571, 19910, 20251, 20590
1703 7 -1
9833, 3059, 1177, 2676, 956, 19666, 19967, 20270, 20571
1719 7 -1
9868, 3207, 1208, 2785, 418, 19736, 20341, 20948, 21553
1735 7 -1
9911, 2533, 1547, 3275, 966, 19821, 20482, 21144, 21805
1751 7 -1
9950, 3050, 1443, 2998, 790, 19899, 20251, 20604, 20956
1767 7 -1
9999, 3349, 908, 2343, 902, 19998, 20503, 21010, 21515
1783 7 -1
10042, 1865, 944, 2568, 639, 20084, 20587, 21092, 21595
1799 7 -1
10091, 2468, 614, 2671, 1444, 20181, 20697, 21214, 21730
1815 7 -1
10128, 3268, 780, 2261, 426, 20255, 20935, 21616, 22296
1831 7 -1
10156, 2874, 1472, 2543, 1076, 20312, 20675, 21039, 21402
1847 7 -1
10209, 2112, 1770, 9999, 309, 20417, 25090, 29765, 34438
1863 7 -1
10232, 2939, 1336, 3356, 1051, 20463, 20813, 21165, 21515
1879 7 -1
10274, 3541, 1598, 3232, 1103, 20547, 20948, 21351, 21752
1895 7 -1
10316, 2511, 1587, 2783, 310, 20632, 21406, 22181, 22955
1911 7 -1
10360, 2785, 1177, 3208, 659, 20719, 21189, 21660, 22130
1927 7 -1
10407, 2485, 1168, 2400, 1433, 20813, 20987, 21163, 21337
1943 7 -1
10438, 2170, 1772, 2512, 1594, 20875, 21134, 21395, 21654
1959 7 -1
10468, 2977, 387, 2539, 1229, 20935, 21574, 22215, 22854
1975 7 -1
10508, 2625, 1109, 3263, 340, 21015, 21718, 22422, 23125
1991 7 -1
10541, 3077, 650, 3050, 1166, 21081, 21352, 21624, 21895
2007 7 -1
10570, 2644, 116, 3480, 1109, 21139, 22053, 22968, 23882
2023 7 -1
10595, 3324, 922, 3373, 1418, 21189, 21461, 21734, 22006
2039 7 -1
10629, 2194, 1619, 9999, 4703, 21258, 26702, 32147, 37591
2055 7 -1
10648, 2567, 1469, 2935, 1128, 21295, 21649, 22004, 22358
2071 7 -1
10676, 2447, 1166, 2860, 774, 21351, 21753, 22156, 22558
2087 7 -1
10695, 3214, 817, 3038, 943, 21390, 21540, 21692, 21842
2103 7 -1
10738, 2354, 522, 2969, 327, 21475, 21879, 22285, 22689
2119 7 -1
10764, 2394, 1144, 1784, 1922, 21527, 22220, 22915, 23608
2135 7 -1
10789, 3021, 1410, 2927, 1528, 21578, 21683, 21790, 21895
2151 7 -1
10836, 3260, 899, 3139, 1595, 21671, 22079, 22488, 22896
2167 7 -1
10877, 3007, 584, 2641, 1322, 21753, 22304, 22857, 23408
2183 7 -1
10911, 2811, 1623, 3507, 1604, 21821, 22178, 22536, 22893
2199 7 -1
10950, 2079, 421, 3062, 723, 21899, 22541, 23184, 23826
2215 7 -1
10981, 3021, 1882, 2620, 265, 21962, 22970, 23980, 24988
2231 7 -1
11019, 2383, 273, 1904, 799, 22037, 22539, 23042, 23544
2247 7 -1
11049, 2370, 787, 2329, 679, 22098, 22172, 22247, 22321
2263 7 -1
11092, 2538, 1475, 3584, 353, 22183, 23266, 24351, 25434
2279 7 -1
11120, 2985, 935, 2791, 1361, 22239, 22548, 22859, 23168
2295 7 -1
11153, 2938, 618, 9999, 8580, 22306, 29817, 37329, 44840
2311 7 -1
11178, 2320, 616, 2829, 1153, 22355, 22877, 23401, 23923
2327 7 -1
11219, 3296, 612, 1594, 1193, 22437, 23578, 24720, 25861
2343 7 -1
11242, 2692, 488, 2281, 1134, 22483, 23011, 23540, 24068
2359 7 -1
11272, 2550, 1274, 756, 754, 22543, 23699, 24857, 26013
2375 7 -1
11312, 2785, 1569, 3277, 1201, 22623, 23052, 23483, 23912
2391 7 -1
11347, 2826, 160, 2663, 1299, 22693, 23343, 23995, 24645
2407 7 -1
11375, 3057, 1300, 2778, 1123, 22749, 22976, 23205, 23432
2423 7 -1
11407, 2515, 722, 2942, 548, 22813, 23113, 23414, 23714
2439 7 -1
11441, 1861, 2116, 3492, 561, 22881, 24473, 26067, 27659
2455 7 -1
11469, 2642, 1428, 3355, 371, 22937, 23821, 24707, 25591
2471 7 -1
11501, 2381, 1297, 3251, 1414, 23002, 23495, 23989, 24482
2487 7 -1
11542, 3153, 1575, 3445, 737, 23083, 23647, 24213, 24777
2503 7 -1
11564, 1937, 1401, 2481, 1176, 23127, 23511, 23896, 24280
2519 7 -1
11605, 2913, 998, 1853, 1380, 23210, 23930, 24652, 25372
2535 7 -1
11627, 2568, 907, 2385, 1058, 23253, 23419, 23587, 23753
2551 7 -1
11656, 2988, 1114, 9999, 600, 23311, 27073, 30836, 34598
2567 7 -1
11682, 2489, 1442, 2965, 1026, 23363, 23808, 24255, 24700
2583 7 -1
11713, 2865, 1238, 3296, 541, 23425, 23988, 24553, 25116
2599 7 -1
11751, 2735, 2095, 2711, 968, 23502, 24077, 24653, 25228
2615 7 -1
11784, 2876, 1044, 3807, 2256, 23567, 24638, 25710, 26781
2631 7 -1
11816, 2956, 203, 2922, 986, 23632, 24040, 24449, 24857
2647 7 -1
11840, 2642, 559, 9999, 0, 23679, 27636, 31595, 35552
2663 7 -1
11882, 2122, 956, 2723, 638, 23764, 24223, 24683, 25142
2679 7 -1
11910, 2625, 161, 2740, 1913, 23819, 24752, 25686, 26619
2695 7 -1
11951, 2137, 916, 2868, 757, 23901, 24345, 24791, 25235
2711 7 -1
11970, 2373, 584, 2745, 494, 23939, 24169, 24401, 24631
2727 7 -1
11999, 3090, 2020, 3210, 1252, 23997, 24440, 24885, 25328
2743 7 -1
12042, 1965, 50, 2681, 301, 24083, 24566, 25050, 25533
2759 7 -1
12073, 3494, 1708, 2740, 1140, 24146, 24806, 25468, 26128
2775 7 -1
12095, 2617, 978, 2979, 528, 24190, 24595, 25002, 25407
2791 7 -1
12134, 3300, 324, 2936, 1354, 24267, 24963, 25661, 26357
2807 7 -1
12154, 2284, 1314, 3129, 1796, 24307, 24970, 25634, 26297
2823 7 -1
12186, 1919, 1332, 2336, 682, 24372, 24905, 25439, 25972
2839 7 -1
12213, 2863, 1472, 2791, 1030, 24426, 24682, 24940, 25196
2855 7 -1
12240, 3249, 1102, 3392, 878, 24480, 24663, 24847, 25030
2871 7 -1
12271, 2631, 187, 3123, 1005, 24541, 25195, 25851, 26505
2887 7 -1
12307, 3052, 1007, 3556, 756, 24613, 24990, 25368, 25745
2903 7 -1
12327, 2648, 487, 2969, 1043, 24653, 25091, 25530, 25968
2919 7 -1
12354, 3018, 632, 9999, 611, 24708, 28208, 31710, 35210
2935 7 -1
12377, 3137, 1699, 2670, 964, 24754, 25354, 25956, 26556
2951 7 -1
12397, 2568, 1318, 2311, 601, 24794, 25280, 25768, 26254
2967 7 -1
12422, 2937, 920, 2874, 497, 24843, 25085, 25329, 25571
2983 7 -1
12457, 3417, 1780, 2283, 899, 24913, 25920, 26928, 27935
2999 7 -1
12484, 2647, 1485, 2432, 1123, 24968, 25256, 25545, 25833
3015 7 -1
12508, 2186, 862, 3212, 1488, 25015, 25840, 26667, 27492
3031 7 -1
12532, 2265, 919, 3258, 2006, 25064, 26103, 27144, 28183
3047 7 -1
12557, 2328, 1478, 2751, 751, 25114, 25688, 26264, 26838
3063 7 -1
12578, 2302, 1081, 9999, 8948, 25156, 32937, 40720, 48501
3079 7 -1
12602, 2390, 1034, 3624, 1290, 25204, 25948, 26694, 27438
3095 7 -1
12633, 2208, 488, 2055, 1048, 25266, 25622, 25979, 26335
3111 7 -1
12666, 3107, 899, 3420, 1163, 25331, 25619, 25908, 26196
3127 7 -1
12694, 2424, 1068, 2589, 1317, 25387, 25593, 25801, 26007
3143 7 -1
12727, 2660, 766, 2524, 950, 25454, 25613, 25774, 25933
3159 7 -1
12748, 3223, 1714, 3043, 888, 25495, 25997, 26501, 27003
3175 7 -1
12774, 2528, 921, 1703, 1351, 25547, 26174, 26802, 27429
3191 7 -1
12793, 2763, 416, 3363, 768, 25586, 26061, 26538, 27013
3207 7 -1
12818, 3299, 1333, 2522, 485, 25636, 26448, 27261, 28073
3223 7 -1
12834, 2760, 1040, 1683, 557, 25668, 26447, 27228, 28007
3239 7 -1
12859, 3566, 1255, 2114, 1574, 25718, 26603, 27489, 28374
3255 7 -1
12884, 1923, 1524, 3479, 1489, 25768, 26563, 27359, 28154
3271 7 -1
12901, 3764, 1160, 2828, 853, 25802, 26423, 27045, 27666
3287 7 -1
12929, 2468, 1584, 2551, 940, 25857, 26220, 26584, 26947
3303 7 -1
12952, 3089, 1400, 2015, 1158, 25904, 26561, 27220, 27877
3319 7 -1
12976, 3265, 1085, 2180, 1686, 25951, 26793, 27637, 28479
3335 7 -1
13007, 3457, 1018, 2863, 1331, 26013, 26466, 26920, 27373
3351 7 -1
13027, 3233, 843, 3119, 775, 26054, 26144, 26236, 26326
3367 7 -1
13055, 2377, 791, 2898, 895, 26110, 26422, 26735, 27047
3383 7 -1
13075, 3408, 1125, 2651, 793, 26149, 26693, 27238, 27782
3399 7 -1
13100, 2638, 1209, 2690, 917, 26199, 26370, 26543, 26714
3415 7 -1
13129, 2529, 1158, 2665, 1449, 26257, 26470, 26684, 26897
3431 7 -1
13152, 1952, 1270, 2383, 1417, 26303, 26591, 26881, 27169
3447 7 -1
13176, 1957, 1296, 2521, 1246, 26351, 26657, 26965, 27271
3463 7 -1
13198, 2185, 1529, 2168, 635, 26395, 26850, 27306, 27761
3479 7 -1
13223, 3468, 170, 2386, 1089, 26445, 27445, 28446, 29446
3495 7 -1
13266, 3464, 1313, 2254, 601, 26532, 27492, 28454, 29414
3511 7 -1
13306, 2900, 915, 3267, 964, 26612, 26819, 27028, 27235
3527 7 -1
13337, 2031, 475, 2372, 439, 26674, 26862, 27051, 27239
3543 7 -1
13365, 2715, 990, 2575, 972, 26730, 26808, 26888, 26966
3559 7 -1
13384, 2411, 1545, 2657, 879, 26768, 27223, 27680, 28135
3575 7 -1
13407, 2720, 1040, 2413, 1003, 26814, 26985, 27158, 27329
3591 7 -1
13431, 1964, 2096, 2129, 1028, 26862, 27478, 28095, 28711
3607 7 -1
13460, 3108, 1130, 2470, 1256, 26920, 27301, 27684, 28065
3623 7 -1
13487, 2743, 1884, 3396, 497, 26973, 27992, 29013, 30032
3639 7 -1
13505, 3158, 470, 2856, 877, 27009, 27363, 27718, 28072
3655 7 -1
13528, 4225, 1145, 3284, 1148, 27055, 27526, 27999, 28470
3671 7 -1
13554, 2283, 27, 2421, 1184, 27108, 27755, 28403, 29050
3687 7 -1
13587, 2713, 1150, 2647, 760, 27173, 27400, 27629, 27856
3703 7 -1
13612, 2868, 1392, 2545, 1593, 27224, 27485, 27748, 28009
3719 7 -1
13633, 2506, 1630, 1944, 1053, 27265, 27834, 28404, 28973
3735 7 -1
13664, 3008, 1587, 3067, 892, 27328, 27704, 28082, 28458
3751 7 -1
13688, 3025, 1507, 2959, 909, 27376, 27707, 28040, 28371
3767 7 -1
13719, 3606, 407, 2729, 1158, 27437, 28250, 29065, 29878
3783 7 -1
13744, 3334, 1984, 2177, 1758, 27487, 28178, 28870, 29561
3799 7 -1
13777, 2434, 1244, 3517, 1528, 27553, 28236, 28920, 29603
3815 7 -1
13808, 2232, 691, 2781, 2095, 27615, 28591, 29568, 30544
3831 7 -1
13837, 3355, 542, 3440, 1641, 27673, 28264, 28857, 29448
3847 7 -1
13865, 2744, 811, 2310, 372, 27729, 28165, 28602, 29038
3863 7 -1
13886, 3437, 693, 1679, 619, 27772, 28687, 29604, 30519
3879 7 -1
13922, 2900, 1730, 418, 9103, 27843, 32770, 37698, 42625
3895 7 -1
13937, 2978, 1437, 1803, 1469, 27874, 28477, 29081, 29684
3911 7 -1
13962, 3310, 749, 3245, 1905, 27923, 28533, 29144, 29754
3927 7 -1
14005, 2706, 1112, 3210, 1155, 28010, 28283, 28557, 28830
3943 7 -1
14030, 2095, 660, 3156, 1043, 28060, 28781, 29504, 30225
3959 7 -1
14068, 2322, 1225, 3079, 1213, 28135, 28519, 28904, 29288
3975 7 -1
14096, 2529, 967, 2371, 1012, 28192, 28293, 28395, 28496
3991 7 -1
14129, 2499, 811, 2932, 1505, 28258, 28821, 29385, 29948
4007 7 -1
14156, 2730, 1548, 242, 367, 28311, 30145, 31980, 33814
4023 7 -1
14187, 2928, 1619, 2776, 769, 28373, 28873, 29375, 29875
4039 7 -1
14211, 3323, 1512, 3083, 1199, 28422, 28698, 28975, 29251
4055 7 -1
14232, 2575, 957, 3377, 984, 28464, 28878, 29293, 29707
4071 7 -1
14257, 2795, 1201, 2595, 830, 28513, 28798, 29084, 29369
4087 7 -1
14282, 3114, 1514, 2253, 616, 28564, 29443, 30323, 31202
4103 7 -1
14303, 3222, 1213, 2845, 1379, 28605, 28876, 29148, 29419
4119 7 -1
14320, 2933, 717, 2910, 808, 28639, 28695, 28753, 28809
4135 7 -1
14343, 2937, 433, 3205, 255, 28686, 28908, 29132, 29354
4151 7 -1
14360, 3502, 1415, 1760, 363, 28719, 30115, 31513, 32909
4167 7 -1
14371, 2244, 1076, 2952, 1077, 28741, 29095, 29450, 29804
4183 7 -1
14401, 2890, 1049, 2998, 1361, 28801, 29010, 29221, 29430
4199 7 -1
14419, 3432, 1165, 2550, 433, 28838, 29644, 30452, 31258
4215 7 -1
14444, 2796, 1323, 3325, 1525, 28888, 29253, 29619, 29984
4231 7 -1
14457, 3227, 532, 3095, 884, 28914, 29155, 29398, 29639
4247 7 -1
14478, 2750, 1065, 1949, 391, 28956, 29693, 30431, 31168
4263 7 -1
14504, 3106, 1130, 2649, 747, 29008, 29427, 29848, 30267
4279 7 -1
14526, 3307, 1355, 3462, 604, 29052, 29504, 29958, 30410
4295 7 -1
14540, 2589, 1172, 2593, 1068, 29080, 29133, 29188, 29241
4311 7 -1
14574, 2840, 939, 2302, 1001, 29147, 29446, 29747, 30046
4327 7 -1
14600, 3037, 1054, 2815, 1166, 29199, 29365, 29533, 29699
4343 7 -1
14626, 2703, 1486, 3057, 1276, 29251, 29532, 29815, 30096
4359 7 -1
14649, 2998, 709, 2751, 1414, 29298, 29773, 30250, 30725
4375 7 -1
14671, 1515, 1061, 3238, 757, 29341, 30354, 31368, 32381
4391 7 -1
14688, 2141, 512, 2819, 1437, 29376, 30177, 30979, 31780
4407 7 -1
14708, 3464, 1615, 2284, 1243, 29415, 30190, 30967, 31742
4423 7 -1
14734, 3030, 1786, 2731, 926, 29468, 30047, 30627, 31206
4439 7 -1
14757, 2228, 1436, 2947, 2044, 29513, 30176, 30840, 31503
4455 7 -1
14785, 3580, 632, 3041, 1131, 29569, 30087, 30607, 31125
4471 7 -1
14806, 2213, 1457, 2764, 1800, 29612, 30058, 30506, 30952
4487 7 -1
14834, 3134, 1224, 2490, 1223, 29668, 29990, 30313, 30635
4503 7 -1
14863, 2982, 840, 3116, 1582, 29726, 30163, 30602, 31039
4519 7 -1
14896, 2540, 1481, 3141, 914, 29792, 30375, 30960, 31543
4535 7 -1
14916, 2561, 1076, 2441, 1063, 29831, 29897, 29964, 30030
4551 7 -1
14943, 3281, 876, 2633, 950, 29885, 30245, 30607, 30967
4567 7 -1
14970, 3514, 552, 3107, 778, 29940, 30256, 30573, 30889
4583 7 -1
14990, 3223, 296, 2516, 722, 29980, 30546, 31113, 31679
4599 7 -1
15010, 1998, 1050, 2242, 1756, 30020, 30494, 30970, 31444
4615 7 -1
15034, 2681, 423, 3180, 1039, 30068, 30625, 31183, 31740
4631 7 -1
15048, 3070, 1040, 2772, 1470, 30096, 30459, 30824, 31187
4647 7 -1
15078, 2853, 908, 2936, 1307, 30155, 30395, 30637, 30877
4663 7 -1
15097, 2897, 370, 3298, 1826, 30194, 31122, 32051, 32979
4679 7 -1
15120, 2763, 1631, 2804, 1351, 30239, 30399, 30560, 30720
4695 7 -1
15137, 2497, 978, 3091, 2189, 30273, 31175, 32078, 32980
4711 7 -1
15164, 3604, 1280, 3648, 650, 30328, 30664, 31002, 31338
4727 7 -1
15191, 2932, 1421, 3106, 1007, 30382, 30675, 30970, 31263
4743 7 -1
15208, 2995, 382, 2313, 2017, 30415, 31573, 32732, 33890
4759 7 -1
15234, 3221, 1155, 2614, 1060, 30467, 30817, 31169, 31519
4775 7 -1
15253, 2912, 1769, 3434, 1138, 30505, 31081, 31658, 32234
4791 7 -1
15277, 1631, 1109, 2852, 1648, 30553, 31432, 32313, 33192
4807 7 -1
15286, 3286, 831, 2879, 1293, 30572, 31006, 31441, 31875
4823 7 -1
15308, 3240, 25, 1944, 956, 30615, 31728, 32842, 33955
4839 7 -1
15331, 3769, 1215, 3126, 856, 30661, 31161, 31663, 32163
4855 7 -1
15357, 3168, 687, 2745, 617, 30713, 30959, 31206, 31452
4871 7 -1
15376, 3998, 1393, 2905, 784, 30752, 31602, 32454, 33304
4887 7 -1
15397, 2604, 1274, 2755, 1267, 30793, 30871, 30951, 31029
4903 7 -1
15416, 2594, 405, 3097, 1451, 30832, 31606, 32381, 33155
4919 7 -1
15429, 3922, 405, 2558, 1140, 30857, 31906, 32956, 34005
4935 7 -1
15453, 2990, 1481, 2948, 1015, 30905, 31158, 31413, 31666
4951 7 -1
15490, 2159, 1432, 2830, 1333, 30979, 31363, 31749, 32133
4967 7 -1
15513, 2360, 1543, 2555, 1226, 31025, 31280, 31537, 31792
4983 7 -1
15542, 3638, 825, 2234, 927, 31084, 31836, 32590, 33342
4999 7 -1
15564, 2221, 393, 3456, 540, 31128, 31818, 32510, 33200
5015 7 -1
15582, 2073, 893, 2230, 1154, 31164, 31372, 31582, 31790
5031 7 -1
15601, 3196, 1918, 2782, 980, 31201, 31876, 32553, 33228
5047 7 -1
15621, 2995, 1124, 3207, 637, 31242, 31591, 31941, 32290
5063 7 -1
15655, 2484, 2209, 2991, 425, 31309, 32454, 33600, 34745
5079 7 -1
15680, 4073, 146, 1810, 5789, 31360, 35312, 39266, 43218
5095 7 -1
15698, 2853, 965, 2853, 835, 31396, 31460, 31526, 31590
5111 7 -1
15722, 3074, 499, 2701, 737, 31444, 31749, 32055, 32360
5127 7 -1
15742, 2000, 1504, 2679, 896, 31483, 32126, 32770, 33413
5143 7 -1
15763, 2667, 1007, 2429, 1206, 31525, 31743, 31962, 32180
5159 7 -1
15781, 3593, 798, 4188, 1529, 31562, 32224, 32888, 33550
5175 7 -1
15800, 3053, 1486, 9999, 8698, 31599, 38677, 45757, 52835
5191 7 -1
15817, 3018, 1090, 2526, 437, 31634, 32206, 32779, 33351
5207 7 -1
15853, 3082, 913, 2694, 1161, 31706, 32023, 32342, 32659
5223 7 -1
15876, 2386, 306, 2849, 1267, 31751, 32462, 33175, 33886
5239 7 -1
15898, 2929, 1343, 2482, 200, 31795, 32589, 33385, 34179
5255 7 -1
15925, 2711, 1286, 3134, 814, 31849, 32296, 32744, 33191
5271 7 -1
15947, 3908, 1120, 2463, 446, 31893, 32952, 34012, 35071
5287 7 -1
15963, 3054, 819, 2356, 1467, 31926, 32598, 33272, 33944
5303 7 -1
15984, 2503, 1750, 937, 9695, 31968, 36723, 41479, 46234
5319 7 -1
16006, 2850, 1590, 2414, 421, 32011, 32813, 33616, 34418
5335 7 -1
16037, 2738, 499, 2519, 1313, 32074, 32590, 33107, 33623
5351 7 -1
16056, 2988, 1454, 2379, 510, 32111, 32887, 33664, 34440
5367 7 -1
16079, 3628, 1314, 3071, 1337, 32158, 32447, 32738, 33027
5383 7 -1
16100, 3323, 1395, 3112, 924, 32200, 32540, 32882, 33222
5399 7 -1
16123, 2235, 1016, 3555, 257, 32245, 33284, 34324, 35363
5415 7 -1
16145, 2415, 1166, 2859, 418, 32290, 32885, 33482, 34077
5431 7 -1
16168, 2051, 794, 3162, 1154, 32336, 33071, 33807, 34542
5447 7 -1
16192, 2227, 801, 3031, 1286, 32384, 33028, 33673, 34317
5463 7 -1
16227, 3414, 1076, 9999, 1582, 32453, 35998, 39544, 43089
5479 7 -1
16246, 2063, 1225, 2497, 1033, 32492, 32804, 33118, 33430
5495 7 -1
16267, 2859, 1118, 2884, 1106, 32534, 32552, 32571, 32589
5511 7 -1
16290, 2655, 1042, 2543, 1203, 32579, 32715, 32852, 32988
5527 7 -1
16306, 2912, 679, 2843, 1035, 32611, 32823, 33036, 33248
5543 7 -1
16332, 3142, 803, 3168, 1045, 32663, 32796, 32931, 33064
5559 7 -1
16357, 2526, 437, 2718, 1014, 32714, 33098, 33483, 33867
5575 7 -1
16375, 2505, 1075, 3200, 639, 32749, 33314, 33880, 34445
5591 7 -1
16395, 3082, 1135, 2286, 1165, 32790, 33202, 33616, 34028
5607 7 -1
16406, 2782, 1462, 2788, 929, 32811, 33080, 33350, 33619
5623 7 -1
16417, 3674, 713, 3285, 1678, 32834, 33510, 34188, 34864
5639 7 -1
16439, 2534, 142, 3021, 625, 32878, 33362, 33848, 34332
5655 7 -1
16474, 3395, 2015, 3122, 758, 32948, 33712, 34478, 35242
5671 7 -1
16495, 3098, 2009, 2843, 1502, 32990, 33370, 33752, 34132
5687 7 -1
16521, 2826, 1039, 3274, 1757, 33042, 33624, 34208, 34790
5703 7 -1
16550, 2447, 1186, 2521, 1215, 33100, 33151, 33203, 33254
5719 7 -1
16563, 3030, 807, 3301, 1557, 33126, 33636, 34147, 34657
5735 7 -1
16581, 3115, 812, 2410, 1012, 33161, 33613, 34066, 34518
5751 7 -1
16600, 3203, 971, 2741, 960, 33199, 33435, 33672, 33908
5767 7 -1
16621, 3130, 2654, 2227, 929, 33242, 34555, 35870, 37183
5783 7 -1
16642, 2682, 1349, 3105, 1832, 33283, 33735, 34189, 34641
5799 7 -1
16656, 2403, 1634, 3030, 727, 33312, 34078, 34846, 35612
5815 7 -1
16676, 1619, 821, 2864, 1761, 33352, 34444, 35537, 36629
5831 7 -1
16695, 3081, 962, 2751, 973, 33389, 33559, 33730, 33900
5847 7 -1
16716, 3061, 1195, 3024, 161, 33432, 33967, 34503, 35038
5863 7 -1
16740, 3477, 1011, 3340, 1735, 33480, 33910, 34341, 34771
5879 7 -1
16763, 2644, 1457, 3320, 564, 33525, 34309, 35094, 35878
5895 7 -1
16779, 3070, 822, 2494, 263, 33558, 34125, 34693, 35260
5911 7 -1
16804, 2929, 1213, 2961, 966, 33607, 33746, 33886, 34025
5927 7 -1
16817, 2587, 453, 3264, 844, 33633, 34166, 34701, 35234
5943 7 -1
16838, 1944, 841, 2266, 716, 33675, 33898, 34122, 34345
5959 7 -1
16862, 2871, 509, 2901, 1482, 33724, 34225, 34727, 35228
5975 7 -1
16889, 2541, 794, 9999, 110, 33778, 37848, 41920, 45990
5991 7 -1
16905, 2311, 259, 2997, 431, 33809, 34237, 34667, 35095
6007 7 -1
16932, 1422, 1101, 2130, 1996, 33863, 34664, 35466, 36267
6023 7 -1
16961, 3338, 572, 2844, 1463, 33922, 34614, 35307, 35999
6039 7 -1
16980, 3390, 1369, 9999, 7876, 33959, 40516, 47075, 53632
6055 7 -1
16995, 2884, 1141, 2456, 770, 33990, 34389, 34789, 35188
6071 7 -1
17010, 2351, 90, 2442, 1962, 34019, 35000, 35982, 36963
6087 7 -1
17028, 3386, 1461, 3910, 1350, 34055, 34372, 34690, 35007
6103 7 -1
17047, 2287, 426, 3157, 964, 34094, 34797, 35502, 36205
6119 7 -1
17073, 3620, 1141, 3458, 911, 34146, 34341, 34538, 34733
6135 7 -1
17101, 3022, 814, 3379, 646, 34202, 34464, 34727, 34989
6151 7 -1
17120, 2773, 1014, 2152, 1271, 34240, 34678, 35118, 35556
6167 7 -1
17139, 2560, 1158, 2724, 824, 34277, 34525, 34775, 35023
6183 7 -1
17162, 3572, 2509, 2568, 616, 34324, 35772, 37221, 38669
6199 7 -1
17183, 2063, 832, 2454, 1862, 34366, 35076, 35787, 36497
6215 7 -1
17209, 2906, 1620, 2931, 724, 34417, 34877, 35338, 35798
6231 7 -1
17227, 2205, 1469, 2427, 662, 34453, 34967, 35482, 35996
6247 7 -1
17260, 2527, 802, 4394, 6, 34519, 35850, 37182, 38513
6263 7 -1
17276, 2934, 1115, 2223, 413, 34552, 35258, 35965, 36671
6279 7 -1
17293, 3185, 268, 3426, 1883, 34585, 35512, 36441, 37368
6295 7 -1
17313, 2062, 1134, 2916, 884, 34625, 35176, 35729, 36280
6311 7 -1
17340, 2661, 1505, 3189, 431, 34679, 35479, 36281, 37081
6327 7 -1
17366, 2271, 1069, 2611, 880, 34732, 34996, 35261, 35525
6343 7 -1
17380, 3599, 769, 2996, 1240, 34759, 35295, 35833, 36369
6359 7 -1
17395, 2307, 608, 2018, 835, 34789, 35046, 35305, 35562
6375 7 -1
17416, 2147, 936, 2508, 914, 34832, 35023, 35215, 35406
6391 7 -1
17438, 2600, 1237, 3310, 1062, 34876, 35318, 35761, 36203
6407 7 -1
17463, 3358, 1549, 2469, 1379, 34926, 35455, 35985, 36514
6423 7 -1
17479, 2113, 1043, 2522, 784, 34957, 35290, 35625, 35958
6439 7 -1
17501, 2421, 1043, 2531, 976, 35001, 35089, 35178, 35266
6455 7 -1
17526, 3247, 1695, 2427, 132, 35051, 36242, 37434, 38625
6471 7 -1
17554, 2801, 418, 2318, 1953, 35107, 36115, 37125, 38133
6487 7 -1
17578, 2949, 1413, 2761, 1135, 35156, 35388, 35622, 35854
6503 7 -1
17592, 2992, 1354, 2593, 1560, 35184, 35486, 35789, 36091
6519 7 -1
17616, 2916, 1607, 2396, 1277, 35232, 35656, 36082, 36506
6535 7 -1
17635, 3630, 403, 2955, 1054, 35270, 35932, 36596, 37258
6551 7 -1
17661, 2549, 1654, 3422, 746, 35321, 36211, 37102, 37992
6567 7 -1
17684, 3550, 1165, 4073, 1011, 35368, 35706, 36045, 36383
6583 7 -1
17710, 2845, 966, 287, 374, 35419, 36993, 38569, 40143
6599 7 -1
17729, 2825, 1397, 2014, 1642, 35458, 35985, 36514, 37041
6615 7 -1
17754, 3092, 1593, 3647, 1176, 35508, 35993, 36480, 36965
6631 7 -1
17774, 1544, 1392, 2687, 1728, 35548, 36287, 37027, 37766
6647 7 -1
17793, 2798, 1197, 3312, 908, 35586, 35987, 36389, 36790
6663 7 -1
17807, 2213, 1220, 3027, 1457, 35614, 36139, 36665, 37190
6679 7 -1
17821, 2554, 1319, 2157, 1349, 35641, 35854, 36068, 36281
6695 7 -1
17847, 3493, 915, 2917, 899, 35694, 35989, 36286, 36581
6711 7 -1
17866, 3629, 878, 2965, 745, 35731, 36129, 36528, 36926
6727 7 -1
17886, 3019, 1240, 2749, 800, 35771, 36125, 36481, 36835
6743 7 -1
17904, 3296, 1167, 2730, 1039, 35807, 36153, 36501, 36847
6759 7 -1
17926, 3024, 2096, 2676, 556, 35851, 36794, 37739, 38682
6775 7 -1
17951, 2623, 1183, 2695, 1043, 35901, 36006, 36113, 36218
6791 7 -1
17979, 3299, 1736, 2325, 1265, 35957, 36679, 37402, 38124
6807 7 -1
17999, 2540, 2083, 2566, 1826, 35997, 36138, 36280, 36421
6823 7 -1
18033, 2462, 1596, 3363, 1060, 36066, 36784, 37503, 38221
6839 7 -1
18053, 2395, 1525, 9999, 94, 36105, 40622, 45140, 49657
6855 7 -1
18079, 2465, 1416, 2091, 1045, 36158, 36530, 36903, 37275
6871 7 -1
18101, 3603, 584, 9999, 75, 36201, 39653, 43106, 46558
6887 7 -1
18119, 3117, 2130, 2778, 929, 36237, 37006, 37777, 38546
6903 7 -1
18137, 2858, 615, 3176, 586, 36274, 36447, 36621, 36794
6919 7 -1
18166, 2244, 906, 2177, 532, 36331, 36551, 36772, 36992
6935 7 -1
18189, 2607, 513, 2983, 1215, 36377, 36915, 37455, 37993
6951 7 -1
18207, 3779, 1487, 3536, 767, 36414, 36895, 37377, 37858
6967 7 -1
18232, 2852, 1963, 2362, 324, 36463, 37527, 38592, 39656
6983 7 -1
18261, 2425, 941, 3291, 1234, 36522, 37101, 37681, 38260
6999 7 -1
18278, 3221, 1193, 2652, 1619, 36555, 37052, 37550, 38047
7015 7 -1
18309, 2907, 1456, 2722, 544, 36617, 37165, 37714, 38262
7031 7 -1
18335, 3515, 1701, 3972, 455, 36670, 37521, 38373, 39224
7047 7 -1
18356, 2487, 1972, 3457, 968, 36712, 37698, 38686, 39672
7063 7 -1
18373, 2605, 1307, 2827, 997, 36746, 37011, 37278, 37543
7079 7 -1
18398, 2619, 1117, 2412, 1273, 36796, 36977, 37159, 37340
7095 7 -1
18423, 2775, 1391, 2832, 698, 36845, 37219, 37595, 37969
7111 7 -1
18447, 2001, 1320, 2345, 1870, 36893, 37339, 37787, 38233
7127 7 -1
18464, 3113, 91, 2652, 670, 36928, 37447, 37968, 38487
7143 7 -1
18483, 3724, 176, 2137, 1800, 36965, 38570, 40176, 41781
7159 7 -1
18515, 3298, 1008, 3312, 1689, 37029, 37376, 37724, 38071
7175 7 -1
18533, 3425, 788, 2963, 1789, 37066, 37797, 38529, 39260
7191 7 -1
18560, 2941, 285, 2967, 752, 37120, 37366, 37613, 37859
7207 7 -1
18591, 2632, 1286, 2789, 451, 37181, 37676, 38173, 38668
7223 7 -1
18623, 3238, 31, 2090, 65, 37245, 37835, 38427, 39017
7239 7 -1
18650, 2796, 1489, 9999, 6369, 37300, 43341, 49383, 55424
7255 7 -1
18673, 2754, 886, 3156, 1251, 37346, 37729, 38113, 38496
7271 7 -1
18690, 3161, 172, 2942, 530, 37379, 37667, 37956, 38244
7287 7 -1
18711, 2487, 1504, 2668, 1360, 37422, 37584, 37747, 37909
7303 7 -1
18735, 3375, 794, 2666, 1646, 37470, 38250, 39031, 39811
7319 7 -1
18774, 3095, 1273, 2108, 1584, 37547, 38195, 38845, 39493
7335 7 -1
18791, 2512, 1141, 3398, 1021, 37582, 38084, 38588, 39090
7351 7 -1
18805, 3359, 1515, 1913, 1379, 37609, 38399, 39191, 39981
7367 7 -1
18829, 2204, 1323, 3336, 1631, 37658, 38377, 39098, 39817
7383 7 -1
18853, 3056, 1438, 2949, 530, 37705, 38212, 38720, 39227
7399 7 -1
18879, 2604, 1699, 2693, 1615, 37757, 37843, 37930, 38016
7415 7 -1
18896, 2485, 1010, 2011, 643, 37791, 38211, 38632, 39052
7431 7 -1
18915, 3038, 1127, 2492, 1242, 37830, 38160, 38491, 38821
7447 7 -1
18943, 2436, 502, 2801, 1982, 37886, 38808, 39731, 40653
7463 7 -1
18967, 2851, 713, 2703, 504, 37933, 38111, 38290, 38468
7479 7 -1
18996, 2212, 1205, 3318, 1110, 37991, 38591, 39192, 39792
7495 7 -1
19015, 3176, 1048, 2813, 1224, 38030, 38299, 38569, 38838
7511 7 -1
19035, 3319, 619, 2989, 487, 38069, 38299, 38531, 38761
7527 7 -1
19068, 2919, 1274, 3602, 1309, 38135, 38493, 38853, 39211
7543 7 -1
19092, 2079, 854, 3052, 752, 38183, 38720, 39258, 39795
7559 7 -1
19129, 2404, 1115, 2858, 1656, 38257, 38754, 39252, 39749
7575 7 -1
19157, 2230, 688, 3121, 2265, 38313, 39546, 40781, 42014
7591 7 -1
19184, 2595, 1756, 3362, 610, 38367, 39323, 40280, 41236
7607 7 -1
19202, 2522, 981, 3813, 1827, 38404, 39472, 40541, 41609
7623 7 -1
19229, 2897, 927, 2558, 620, 38457, 38779, 39103, 39425
7639 7 -1
19247, 3026, 808, 2013, 1284, 38493, 39237, 39982, 40726
7655 7 -1
19269, 2105, 1258, 2827, 749, 38537, 39152, 39768, 40383
7671 7 -1
19284, 2343, 968, 3066, 619, 38567, 39102, 39639, 40174
7687 7 -1
19313, 1858, 566, 2697, 762, 38625, 39142, 39660, 40177
7703 7 -1
19352, 2349, 1247, 3110, 342, 38704, 39536, 40370, 41202
7719 7 -1
19375, 3087, 1052, 603, 415, 38749, 40309, 41870, 43430
7735 7 -1
19405, 2930, 1477, 2425, 701, 38810, 39450, 40091, 40731
7751 7 -1
19418, 3831, 746, 2094, 870, 38836, 39766, 40697, 41627
7767 7 -1
19442, 3623, 79, 2527, 1942, 38884, 40363, 41843, 43322
7783 7 -1
19473, 2363, 557, 2174, 832, 38946, 39177, 39410, 39641
7799 7 -1
19498, 3421, 1644, 2911, 1059, 38996, 39543, 40091, 40638
7815 7 -1
19515, 2622, 217, 3045, 1736, 39030, 40000, 40972, 41942
7831 7 -1
19547, 3083, 1032, 3015, 2289, 39093, 39755, 40418, 41080
7847 7 -1
19568, 3302, 1459, 2342, 990, 39135, 39849, 40564, 41278
7863 7 -1
19589, 2768, 307, 2717, 1074, 39178, 39586, 39996, 40404
7879 7 -1
19613, 2966, 1181, 2776, 420, 39225, 39700, 40176, 40651
7895 7 -1
19638, 3660, 811, 3705, 1425, 39275, 39604, 39934, 40263
7911 7 -1
19654, 2614, 1451, 3277, 1020, 39307, 39853, 40401, 40947
7927 7 -1
19683, 3411, 1685, 3471, 1343, 39366, 39566, 39768, 39968
7943 7 -1
19711, 2311, 1039, 2308, 1309, 39421, 39557, 39694, 39830
7959 7 -1
19731, 2036, 1752, 2854, 1020, 39461, 40235, 41011, 41785
7975 7 -1
19773, 2160, 1077, 1968, 1383, 39545, 39793, 40043, 40291
7991 7 -1
19792, 1885, 1258, 3191, 1180, 39583, 40274, 40967, 41658
8007 7 -1
19824, 2814, 1168, 3414, 520, 39648, 40271, 40896, 41519
8023 7 -1
19854, 1886, 998, 2856, 1206, 39707, 40295, 40885, 41473
8039 7 -1
19877, 2964, 820, 2685, 1573, 39753, 40268, 40785, 41300
8055 7 -1
19904, 3932, 562, 3715, 1033, 39808, 40151, 40496, 40839
8071 7 -1
19929, 2402, 1666, 3825, 1660, 39857, 40571, 41286, 42000
8087 7 -1
19950, 1960, 1474, 2105, 1458, 39899, 39979, 40060, 40140
8103 7 -1
19977, 2677, 1571, 2973, 556, 39953, 40608, 41264, 41919
8119 7 -1
19997, 2337, 765, 2572, 82, 39993, 40451, 40911, 41369
8135 7 -1
20037, 2837, 1211, 3073, 1644, 40073, 40407, 40742, 41076
8151 7 -1
20064, 2193, 1328, 2385, 1654, 40128, 40386, 40646, 40904
8167 7 -1
20094, 2899, 905, 2891, 1721, 40188, 40599, 41012, 41423
8183 7 -1
20130, 2719, 1550, 2357, 1681, 40259, 40505, 40752, 40998
8199 7 -1
20166, 2677, 507, 2472, 1250, 40332, 40805, 41280, 41753
8215 7 -1
20178, 2081, 1463, 2327, 1263, 40355, 40577, 40801, 41023
8231 7 -1
20205, 2281, 1265, 2040, 1478, 40410, 40636, 40864, 41090
8247 7 -1
20242, 2923, 1362, 2708, 1076, 40483, 40733, 40984, 41234
8263 7 -1
20267, 2230, 760, 2566, 813, 40534, 40728, 40923, 41117
8279 7 -1
20306, 2218, 668, 2893, 1003, 40611, 41115, 41621, 42125
8295 7 -1
20329, 2829, 1409, 3225, 467, 40657, 41325, 41995, 42663
8311 7 -1
20367, 2441, 360, 2857, 1076, 40734, 41299, 41866, 42431
8327 7 -1
20390, 2873, 379, 3355, 653, 40780, 41157, 41536, 41913
8343 7 -1
20417, 3203, 822, 4143, 690, 40833, 41368, 41905, 42440
8359 7 -1
20449, 3064, 26, 2471, 1007, 40897, 41683, 42471, 43257
8375 7 -1
20482, 3097, 1334, 3326, 1276, 40964, 41107, 41251, 41394
8391 7 -1
20505, 2913, 1099, 2005, 1397, 41009, 41611, 42215, 42817
8407 7 -1
20525, 2821, 881, 2316, 1204, 41050, 41463, 41878, 42291
8423 7 -1
20548, 3240, 1839, 2108, 1185, 41096, 41988, 42882, 43774
8439 7 -1
20582, 3257, 542, 2667, 200, 41163, 41628, 42095, 42560
8455 7 -1
20610, 1983, 848, 3012, 943, 41220, 41781, 42344, 42905
8471 7 -1
20637, 2765, 1480, 3181, 1167, 41274, 41638, 42003, 42367
8487 7 -1
20680, 3055, 1057, 2519, 2382, 41360, 42290, 43221, 44151
8503 7 -1
20709, 2610, 343, 3024, 1666, 41417, 42285, 43154, 44022
8519 7 -1
20749, 2744, 1046, 2091, 1477, 41497, 42038, 42581, 43122
8535 7 -1
20773, 2655, 1097, 2678, 1084, 41545, 41562, 41581, 41598
8551 7 -1
20791, 2845, 742, 3344, 2254, 41581, 42586, 43592, 44597
8567 7 -1
20822, 2326, 1573, 2363, 859, 41643, 42018, 42394, 42769
8583 7 -1
20851, 2827, 2024, 3485, 1710, 41701, 42186, 42673, 43158
8599 7 -1
20874, 2846, 472, 3127, 816, 41747, 42059, 42372, 42684
8615 7 -1
20907, 2898, 714, 2949, 44, 41813, 42173, 42534, 42894
8631 7 -1
20944, 3001, 325, 2510, 1245, 41887, 42592, 43298, 44003
8647 7 -1
20979, 3363, 756, 3102, 1487, 41957, 42452, 42949, 43444
8663 7 -1
21005, 3161, 598, 3457, 795, 42009, 42255, 42502, 42748
8679 7 -1
21038, 3374, 1674, 3413, 914, 42076, 42475, 42875, 43274
8695 7 -1
21063, 2937, 1467, 2490, 862, 42125, 42650, 43177, 43702
8711 7 -1
21109, 2207, 747, 2702, 1605, 42218, 42894, 43571, 44247
8727 7 -1
21126, 3027, 1830, 2310, 1149, 42251, 42949, 43649, 44347
8743 7 -1
21146, 2935, 1094, 3106, 286, 42291, 42780, 43270, 43759
8759 7 -1
21186, 2364, 1028, 2925, 1169, 42371, 42721, 43073, 43423
8775 7 -1
21207, 3053, 897, 2909, 1211, 42414, 42642, 42872, 43100
8791 7 -1
21235, 2676, 635, 2912, 978, 42469, 42758, 43048, 43337
8807 7 -1
21263, 2752, 786, 2852, 1119, 42525, 42741, 42958, 43174
8823 7 -1
21291, 3047, 1471, 3276, 1582, 42581, 42750, 42921, 43090
8839 7 -1
21327, 2741, 729, 3846, 1048, 42654, 43365, 44078, 44789
8855 7 -1
21356, 2725, 590, 2700, 1396, 42712, 43127, 43543, 43958
8871 7 -1
21394, 2906, 1333, 3211, 135, 42787, 43538, 44290, 45041
8887 7 -1
21435, 1856, 677, 3505, 349, 42869, 43857, 44846, 45834
8903 7 -1
21459, 2417, 326, 3453, 1998, 42918, 44271, 45626, 46979
8919 7 -1
21495, 1964, 1485, 3015, 621, 42989, 43946, 44904, 45861
8935 7 -1
21529, 2463, 1129, 3019, 339, 43057, 43729, 44403, 45075
8951 7 -1
21566, 2210, 762, 2864, 1065, 43132, 43610, 44089, 44567
8967 7 -1
21605, 2568, 196, 3666, 1180, 43209, 44249, 45291, 46331
8983 7 -1
21634, 2159, 1542, 2711, 518, 43267, 44054, 44843, 45630
8999 7 -1
21685, 3288, 1514, 1941, 1849, 43369, 44209, 45051, 45891
9015 7 -1
21714, 2828, 605, 3022, 466, 43427, 43593, 43760, 43926
9031 7 -1
21744, 2722, 1103, 2531, 1374, 43488, 43718, 43950, 44180
9047 7 -1
21775, 1981, 1097, 3357, 1240, 43550, 44309, 45069, 45828
9063 7 -1
21797, 2565, 722, 3116, 880, 43594, 43948, 44303, 44657
9079 7 -1
21831, 2667, 669, 2721, 1380, 43661, 44043, 44426, 44808
9095 7 -1
21865, 2806, 1032, 3216, 753, 43730, 44074, 44419, 44763
9111 7 -1
21891, 3601, 1955, 2043, 423, 43781, 45325, 46871, 48415
9127 7 -1
21922, 3482, 213, 2762, 718, 43843, 44455, 45068, 45680
9143 7 -1
21963, 3063, 1081, 2510, 1339, 43925, 44330, 44736, 45141
9159 7 -1
21989, 1783, 1262, 2637, 697, 43978, 44687, 45397, 46106
9175 7 -1
22012, 3000, 1696, 2787, 1429, 44023, 44262, 44503, 44742
9191 7 -1
22030, 2361, 555, 1813, 1863, 44060, 44987, 45916, 46843
9207 7 -1
22083, 3148, 1567, 2389, 1509, 44165, 44573, 44982, 45390
9223 7 -1
22116, 3404, 998, 2931, 1723, 44232, 44830, 45430, 46028
9239 7 -1
22160, 3041, 1153, 1692, 804, 44320, 45168, 46018, 46866
9255 7 -1
22195, 4131, 979, 2580, 1151, 44389, 45250, 46112, 46973
9271 7 -1
22235, 2608, 912, 2559, 1104, 44469, 44589, 44710, 44830
9287 7 -1
22265, 2606, 1592, 3177, 122, 44530, 45550, 46571, 47591
9303 7 -1
22306, 3113, 1913, 1726, 969, 44612, 45777, 46943, 48108
9319 7 -1
22362, 2676, 1615, 2781, 885, 44723, 45140, 45558, 45975
9335 7 -1
22408, 2440, 677, 2802, 1376, 44816, 45346, 45877, 46407
9351 7 -1
22437, 2325, 443, 3129, 1015, 44874, 45561, 46250, 46937
9367 7 -1
22484, 2300, 1023, 1628, 1637, 44967, 45609, 46253, 46895
9383 7 -1
22522, 3984, 1186, 3013, 641, 45043, 45800, 46559, 47316
9399 7 -1
22562, 3016, 1162, 2306, 1978, 45124, 45886, 46650, 47412
9415 7 -1
22611, 2445, 1114, 3095, 1025, 45222, 45591, 45961, 46330
9431 7 -1
22655, 2900, 983, 3093, 1416, 45310, 45622, 45936, 46248
9447 7 -1
22696, 3225, 1311, 3080, 410, 45391, 45913, 46437, 46959
9463 7 -1
22735, 2806, 1033, 3013, 434, 45469, 45871, 46275, 46677
9479 7 -1
22787, 3730, 1696, 3076, 1044, 45574, 46226, 46880, 47532
9495 7 -1
22835, 2889, 1332, 2979, 1254, 45669, 45752, 45837, 45920
9511 7 -1
22869, 3501, 803, 3125, 1399, 45737, 46222, 46709, 47194
9527 7 -1
22934, 3353, 970, 2418, 1254, 45868, 46477, 47087, 47696
9543 7 -1
22969, 2562, 1627, 3231, 1404, 45938, 46383, 46830, 47275
9559 7 -1
23009, 2474, 939, 2597, 1017, 46017, 46117, 46218, 46318
9575 7 -1
23055, 3375, 1180, 2877, 173, 46109, 46861, 47614, 48366
9591 7 -1
23092, 2917, 914, 2750, 751, 46183, 46347, 46513, 46677
9607 7 -1
23151, 3075, 1279, 2699, 1685, 46302, 46692, 47084, 47474
9623 7 -1
23205, 3036, 1307, 2269, 1656, 46410, 46967, 47526, 48083
9639 7 -1
23241, 2286, 1172, 2735, 444, 46482, 47070, 47659, 48247
9655 7 -1
23289, 2677, 1629, 3138, 1270, 46577, 46986, 47397, 47806
9671 7 -1
23341, 2488, 1289, 3033, 1177, 46682, 47010, 47339, 47667
9687 7 -1
23384, 3783, 1647, 3898, 1052, 46768, 47122, 47478, 47832
9703 7 -1
23451, 2627, 1579, 2884, 1173, 46901, 47232, 47564, 47895
9719 7 -1
23508, 1605, 1890, 2372, 416, 47015, 48135, 49256, 50376
9735 7 -1
23552, 2189, 538, 2396, 1891, 47103, 47882, 48663, 49442
9751 7 -1
23588, 2624, 1008, 3311, 2054, 47175, 48041, 48908, 49774
9767 7 -1
23633, 3160, 1359, 3198, 578, 47265, 47674, 48084, 48493
9783 7 -1
23703, 2625, 1501, 2865, 1648, 47406, 47599, 47793, 47986
9799 7 -1
23740, 2312, 2126, 2318, 1555, 47479, 47767, 48056, 48344
9815 7 -1
23802, 2765, 405, 1919, 746, 47603, 48196, 48790, 49383
9831 7 -1
23854, 2241, 588, 2859, 1691, 47707, 48567, 49428, 50288
9847 7 -1
23894, 3024, 930, 2625, 1170, 47787, 48106, 48426, 48745
9863 7 -1
23950, 3570, 357, 2354, 315, 47900, 48528, 49158, 49786
9879 7 -1
24011, 2425, 522, 2560, 923, 48022, 48289, 48558, 48825
9895 7 -1
24094, 2103, 974, 3480, 624, 48187, 49050, 49914, 50777
9911 7 -1
24132, 2510, 1289, 2851, 1760, 48264, 48669, 49076, 49481
9927 7 -1
24211, 3391, 1396, 2795, 426, 48422, 49204, 49988, 50770
9943 7 -1
24284, 2620, 695, 2704, 833, 48567, 48677, 48789, 48899
9959 7 -1
24366, 2272, 1142, 2869, 678, 48731, 49261, 49792, 50322
9975 7 -1
24475, 2813, 491, 2699, 834, 48950, 49178, 49407, 49635
9991 7 -1
24632, 2634, 1418, 2508, 1077, 49263, 49496, 49730, 49963
