10000 10000 50000
1
2 1250 3750
172
1 2 0 35632 5
0
2 2 0 35632 5
0
3 2 0 35632 5
0
4 2 0 35632 5
0
5 2 0 35632 5
0
6 2 0 35632 5
0
7 2 0 35632 5
0
8 2 0 35632 5
0
9 2 0 35632 5
0
10 2 0 35632 5
0
11 2 0 35632 5
0
12 2 0 35632 5
0
13 2 0 35632 5
0
14 2 0 35632 5
0
15 2 0 35632 5
0
16 2 0 35632 5
0
17 2 0 35632 5
0
18 2 0 35632 5
0
19 2 0 35632 5
0
20 2 0 35632 5
0
21 2 0 35632 5
0
22 2 0 35632 5
0
23 2 0 35632 5
0
24 2 0 35632 5
0
25 2 0 35632 5
0
26 2 0 35632 5
0
27 2 0 35632 5
0
28 2 0 35632 5
0
29 2 0 35632 5
0
30 2 0 35632 5
0
31 2 0 35632 5
0
32 2 0 35632 5
0
33 2 0 35632 5
0
34 2 0 35632 5
0
35 2 0 35632 5
0
36 2 0 35632 5
0
37 2 0 35632 5
0
38 2 0 35632 5
0
39 2 0 35632 5
0
40 2 0 35632 5
0
41 2 0 35632 5
0
42 2 0 35632 5
0
43 2 0 35632 5
0
44 2 0 35632 5
0
45 2 0 35632 5
0
46 2 0 35632 5
0
47 2 0 35632 5
0
48 2 0 35632 5
0
49 2 0 35632 5
0
50 2 0 35632 5
0
51 2 0 35632 5
0
52 2 0 35632 5
0
53 2 0 35632 5
0
54 2 0 35632 5
0
55 2 0 35632 5
0
56 2 0 35632 5
0
57 2 0 35632 5
0
58 2 0 35632 5
0
59 2 0 35632 5
0
60 2 0 35632 5
0
61 2 0 35632 5
0
62 2 0 35632 5
0
63 2 0 35632 5
0
64 2 0 35632 5
0
65 2 0 35632 5
0
66 2 0 35632 5
0
67 2 0 35632 5
0
68 2 0 35632 5
0
69 2 0 35632 5
0
70 2 0 35632 5
0
71 2 0 35632 5
0
72 2 0 35632 5
0
73 2 0 35632 5
0
74 2 0 35632 5
0
75 2 0 35632 5
0
76 2 0 35632 5
0
77 2 0 35632 5
0
78 2 0 35632 5
0
79 2 0 35632 5
0
80 2 0 35632 5
0
81 2 0 35632 5
0
82 2 0 35632 5
0
83 2 0 35632 5
0
84 2 0 35632 5
0
85 2 0 35632 5
0
86 2 0 35632 5
0
87 2 0 35632 5
0
88 2 0 35632 5
0
89 2 0 35632 5
0
90 2 0 35632 5
0
91 2 0 35632 5
0
92 2 0 35632 5
0
93 2 0 35632 5
0
94 2 0 35632 5
0
95 2 0 35632 5
0
96 2 0 35632 5
0
97 2 0 35632 5
0
98 2 0 35632 5
0
99 2 0 35632 5
0
100 2 0 35632 5
0
101 2 0 35632 5
0
102 2 0 35632 5
0
103 2 0 35632 5
0
104 2 0 35632 5
0
105 2 0 35632 5
0
106 2 0 35632 5
0
107 2 0 35632 5
0
108 2 0 35632 5
0
109 2 0 35632 5
0
110 2 0 35632 5
0
111 2 0 35632 5
0
112 2 0 35632 5
0
113 2 0 35632 5
0
114 2 0 35632 5
0
115 2 0 35632 5
0
116 2 0 35632 5
0
117 2 0 35632 5
0
118 2 0 35632 5
0
119 2 0 35632 5
0
120 2 0 35632 5
0
121 2 0 35632 5
0
122 2 0 35632 5
0
123 2 0 35632 5
0
124 2 0 35632 5
0
125 2 0 35632 5
0
126 2 0 35632 5
0
127 2 0 35632 5
0
128 2 0 35632 5
0
129 2 0 35632 5
0
130 2 0 35632 5
0
131 2 0 35632 5
0
132 2 0 35632 5
0
133 2 0 35632 5
0
134 2 0 35632 5
0
135 2 0 35632 5
0
136 2 0 35632 5
0
137 2 0 35632 5
0
138 2 0 35632 5
0
139 2 0 35632 5
0
140 2 0 35632 5
0
141 2 0 35632 5
0
142 2 0 35632 5
0
143 2 0 35632 5
0
144 2 0 35632 5
0
145 2 0 35632 5
0
146 2 0 35632 5
0
147 2 0 35632 5
0
148 2 0 35632 5
0
149 2 0 35632 5
0
150 2 0 35632 5
0
151 2 0 35632 5
0
152 2 0 35632 5
0
153 2 0 35632 5
0
154 2 0 35632 5
0
155 2 0 35632 5
0
156 2 0 35632 5
0
157 2 0 35632 5
0
158 2 0 35632 5
0
159 2 0 35632 5
0
160 2 0 35632 5
0
161 2 0 35632 5
0
162 2 0 35632 5
0
163 2 0 35632 5
0
164 2 0 35632 5
0
165 2 0 35632 5
0
166 2 0 35632 5
0
167 2 0 35632 5
0
168 2 0 35632 5
0
169 2 0 35632 5
0
170 2 0 35632 5
0
171 2 0 35632 5
0
172 2 0 35632 5
0
625
2 2 -1
1, 2063, 706, 3207, 658, 1, 596, 1193, 1788
18 2 -1
1, 2482, 720, 37, 8002, 1, 4864, 9728, 14591
34 2 -1
1, 2765, 1024, 2282, 750, 1, 379, 758, 1136
50 2 -1
1, 2968, 921, 1313, 9830, 1, 5282, 10565, 15846
66 2 -1
1, 3235, 1190, 2886, 859, 1, 340, 681, 1020
82 2 -1
5, 2449, 613, 2293, 1577, 9, 568, 1129, 1688
98 2 -1
370, 2018, 1462, 2719, 600, 739, 1520, 2302, 3083
114 2 -1
798, 2672, 550, 3004, 949, 1596, 1961, 2327, 2692
130 2 -1
1194, 3090, 914, 3254, 289, 2387, 2781, 3176, 3570
146 2 -1
1512, 3165, 1811, 3259, 1177, 3024, 3387, 3752, 4115
162 2 -1
1710, 2993, 668, 3423, 299, 3419, 3818, 4218, 4617
178 2 -1
2062, 2424, 766, 2489, 1019, 4123, 4281, 4441, 4599
194 2 -1
2202, 2607, 786, 2860, 1120, 4403, 4696, 4990, 5283
210 2 -1
2443, 2877, 1220, 449, 8838, 4885, 9907, 14931, 19953
226 2 -1
2608, 2991, 1807, 3057, 1756, 5216, 5274, 5333, 5391
242 2 -1
2799, 2577, 721, 2362, 494, 5597, 5817, 6039, 6259
258 2 -1
3015, 2715, 506, 2854, 191, 6029, 6255, 6483, 6709
274 2 -1
3204, 2261, 1067, 4182, 1078, 6408, 7373, 8340, 9305
290 2 -1
3399, 2590, 1138, 2705, 122, 6798, 7363, 7929, 8494
306 2 -1
3537, 3177, 1525, 3621, 148, 7073, 7983, 8894, 9804
322 2 -1
3639, 3753, 1288, 2900, 418, 7278, 8139, 9001, 9862
338 2 -1
3865, 2219, 134, 2743, 962, 7729, 8404, 9081, 9756
354 2 -1
4019, 3300, 101, 2523, 1217, 8037, 8983, 9930, 10876
370 2 -1
4146, 3309, 1550, 1960, 398, 8292, 9542, 10793, 12043
386 2 -1
4302, 2659, 1840, 3031, 1491, 8604, 8964, 9325, 9685
402 2 -1
4483, 2936, 764, 3277, 1728, 8965, 9617, 10270, 10922
418 2 -1
4657, 2816, 1201, 3551, 925, 9314, 9819, 10325, 10830
434 2 -1
4770, 3847, 741, 2483, 1576, 9540, 10639, 11739, 12838
450 2 -1
4873, 2257, 638, 2809, 842, 9746, 10123, 10502, 10879
466 2 -1
4964, 2090, 912, 2311, 417, 9927, 10284, 10643, 11000
482 2 -1
5157, 2909, 1015, 2995, 1059, 10314, 10378, 10444, 10508
498 2 -1
5229, 2919, 776, 2120, 994, 10458, 10966, 11475, 11983
514 2 -1
5347, 2423, 312, 2228, 1845, 10694, 11557, 12422, 13285
530 2 -1
5465, 2850, 838, 3486, 859, 10929, 11257, 11586, 11914
546 2 -1
5541, 2070, 612, 3783, 924, 11082, 12094, 13107, 14119
562 2 -1
5694, 3174, 1511, 2687, 328, 11387, 12221, 13057, 13891
578 2 -1
5824, 3194, 1309, 3249, 1382, 11648, 11711, 11776, 11839
594 2 -1
5925, 2872, 1008, 2518, 1421, 11850, 12233, 12617, 13000
610 2 -1
6047, 1985, 1474, 3631, 900, 12093, 13202, 14313, 15422
626 2 -1
6136, 2295, 1107, 2783, 947, 12271, 12594, 12919, 13242
642 2 -1
6229, 2812, 1590, 2658, 452, 12458, 13103, 13750, 14395
658 2 -1
6297, 2421, 1312, 2702, 674, 12594, 13053, 13513, 13972
674 2 -1
6384, 2595, 1925, 1804, 1065, 12768, 13593, 14419, 15244
690 2 -1
6462, 2581, 565, 2565, 1200, 12924, 13249, 13575, 13900
706 2 -1
6565, 2619, 1842, 2280, 1243, 13129, 13597, 14067, 14535
722 2 -1
6651, 3198, 540, 3028, 1560, 13302, 13896, 14492, 15086
738 2 -1
6729, 3500, 1195, 2888, 1183, 13457, 13768, 14081, 14392
754 2 -1
6811, 2666, 1121, 3847, 968, 13621, 14287, 14955, 15621
770 2 -1
6858, 2865, 1064, 2048, 932, 13716, 14190, 14665, 15139
786 2 -1
6923, 2640, 1013, 2949, 1409, 13846, 14198, 14551, 14903
802 2 -1
6997, 2810, 1386, 2215, 1048, 13993, 14459, 14926, 15392
818 2 -1
7089, 2195, 682, 2450, 1456, 14177, 14691, 15206, 15720
834 2 -1
7152, 3140, 531, 2846, 504, 14304, 14464, 14625, 14785
850 2 -1
7240, 1935, 417, 2676, 923, 14479, 15102, 15726, 16349
866 2 -1
7356, 2538, 1634, 2434, 750, 14711, 15204, 15699, 16192
882 2 -1
7415, 2227, 1074, 3086, 1318, 14830, 15381, 15933, 16484
898 2 -1
7462, 3780, 1004, 3388, 1150, 14924, 15192, 15462, 15730
914 2 -1
7499, 3413, 1026, 2551, 1387, 14998, 15609, 16221, 16832
930 2 -1
7570, 2455, 1048, 3240, 469, 15140, 15821, 16504, 17185
946 2 -1
7658, 2226, 1229, 3131, 1878, 15316, 16092, 16870, 17646
962 2 -1
7710, 2812, 677, 2133, 1081, 15420, 15961, 16503, 17044
978 2 -1
7771, 2783, 1225, 2974, 970, 15542, 15764, 15988, 16210
994 2 -1
7835, 3244, 1122, 3785, 1133, 15669, 15944, 16221, 16496
1010 2 -1
7869, 3484, 942, 1958, 1042, 15738, 16550, 17364, 18176
1026 2 -1
7904, 2616, 1286, 4212, 899, 15808, 16799, 17791, 18782
1042 2 -1
7961, 2499, 1178, 2392, 659, 15921, 16233, 16547, 16859
1058 2 -1
8003, 2222, 1612, 3447, 249, 16005, 17298, 18593, 19886
1074 2 -1
8044, 2521, 841, 3809, 1206, 16087, 16913, 17740, 18566
1090 2 -1
8100, 2003, 755, 3476, 2058, 16199, 17586, 18975, 20362
1106 2 -1
8167, 2025, 714, 2718, 2235, 16334, 17440, 18548, 19654
1122 2 -1
8220, 2984, 1541, 2656, 161, 16440, 17293, 18148, 19001
1138 2 -1
8275, 2508, 1361, 2885, 393, 16550, 17222, 17895, 18567
1154 2 -1
8314, 1451, 1108, 2505, 886, 16627, 17264, 17903, 18540
1170 2 -1
8350, 2713, 496, 2502, 824, 16700, 16969, 17239, 17508
1186 2 -1
8373, 2786, 1160, 1809, 811, 16746, 17408, 18072, 18734
1202 2 -1
8411, 2390, 1693, 2213, 1529, 16822, 16992, 17163, 17333
1218 2 -1
8458, 2805, 1036, 1945, 624, 16916, 17551, 18188, 18823
1234 2 -1
8509, 3133, 1349, 2045, 521, 17018, 17975, 18934, 19891
1250 2 -1
8544, 3485, 802, 2969, 782, 17088, 17355, 17624, 17891
1266 2 -1
8591, 3063, 1127, 3657, 1823, 17182, 17826, 18472, 19116
1282 2 -1
8674, 2648, 965, 2549, 182, 17347, 17787, 18229, 18669
1298 2 -1
8715, 2808, 1021, 3260, 1169, 17429, 17728, 18029, 18328
1314 2 -1
8757, 2787, 307, 4542, 712, 17513, 18592, 19673, 20752
1330 2 -1
8815, 2501, 1527, 2908, 2121, 17630, 18130, 18631, 19131
1346 2 -1
8865, 2021, 1976, 9999, 7290, 17730, 24375, 31022, 37667
1362 2 -1
8905, 2082, 390, 2578, 1558, 17809, 18640, 19473, 20304
1378 2 -1
8933, 2924, 801, 2713, 526, 17865, 18107, 18351, 18593
1394 2 -1
8977, 2915, 1168, 2786, 928, 17953, 18137, 18322, 18506
1410 2 -1
9007, 1659, 123, 3032, 1219, 18014, 19248, 20483, 21717
1426 2 -1
9071, 3041, 1138, 2295, 1520, 18142, 18705, 19270, 19833
1442 2 -1
9101, 2841, 584, 2999, 148, 18202, 18498, 18796, 19092
1458 2 -1
9128, 2915, 915, 3055, 1047, 18255, 18390, 18527, 18662
1474 2 -1
9173, 3214, 2007, 3007, 1015, 18346, 18945, 19545, 20144
1490 2 -1
9212, 2769, 1217, 3078, 1066, 18423, 18652, 18883, 19112
1506 2 -1
9267, 3535, 808, 3368, 842, 18533, 18633, 18734, 18834
1522 2 -1
9298, 2767, 1126, 3130, 796, 18595, 18941, 19288, 19634
1538 2 -1
9358, 3570, 1301, 3481, 542, 18715, 19138, 19563, 19986
1554 2 -1
9398, 2588, 1288, 2542, 1309, 18796, 18829, 18863, 18896
1570 2 -1
9439, 2333, 944, 2063, 1268, 18878, 19174, 19472, 19768
1586 2 -1
9487, 2041, 2126, 2535, 1043, 18973, 19761, 20550, 21338
1602 2 -1
9526, 1703, 1124, 2624, 1664, 19051, 19781, 20512, 21242
1618 2 -1
9576, 2530, 1304, 2813, 532, 19151, 19678, 20206, 20733
1634 2 -1
9622, 2643, 1006, 3511, 1266, 19244, 19807, 20372, 20935
1650 2 -1
9677, 2238, 1262, 2442, 1625, 19353, 19636, 19920, 20203
1666 2 -1
9741, 1794, 532, 1993, 894, 19482, 19762, 20043, 20323
1682 2 -1
9776, 2516, 2256, 2294, 1492, 19551, 20043, 20537, 21029
1698 2 -1
9808, 3324, 946, 2582, 1857, 19616, 20442, 21269, 22095
1714 2 -1
9859, 2408, 1110, 2037, 2116, 19717, 20405, 21094, 21782
1730 2 -1
9897, 2936, 932, 3150, 844, 19794, 19944, 20096, 20246
1746 2 -1
9933, 3046, 1154, 1838, 519, 19866, 20787, 21709, 22630
1762 2 -1
9988, 3501, 1587, 2636, 864, 19975, 20768, 21563, 22356
1778 2 -1
10032, 2231, 1402, 2680, 1211, 20064, 20383, 20704, 21023
1794 2 -1
10073, 3225, 927, 2852, 1043, 20146, 20390, 20635, 20879
1810 2 -1
10120, 2455, 1440, 3669, 949, 20239, 21091, 21944, 22796
1826 2 -1
10147, 2562, 1363, 3281, 1075, 20293, 20796, 21300, 21803
1842 2 -1
10177, 2608, 1759, 1240, 278, 20353, 21777, 23202, 24626
1858 2 -1
10225, 3088, 917, 2946, 288, 20449, 20834, 21220, 21605
1874 2 -1
10262, 2473, 1489, 2840, 868, 20524, 21017, 21512, 22005
1890 2 -1
10305, 2726, 1830, 3322, 413, 20610, 21616, 22623, 23629
1906 2 -1
10345, 2288, 1456, 4007, 1389, 20690, 21582, 22476, 23368
1922 2 -1
10383, 1868, 824, 3259, 649, 20766, 21548, 22332, 23114
1938 2 -1
10427, 2838, 960, 3780, 763, 20853, 21422, 21992, 22561
1954 2 -1
10455, 2484, 859, 2875, 1586, 20910, 21468, 22028, 22586
1970 2 -1
10486, 4067, 935, 2260, 1034, 20972, 21924, 22878, 23830
1986 2 -1
10532, 2706, 746, 3067, 1967, 21064, 21854, 22646, 23436
2002 2 -1
10561, 2498, 1709, 2267, 1820, 21121, 21291, 21463, 21633
2018 2 -1
10585, 3971, 1196, 3171, 745, 21170, 21795, 22421, 23046
2034 2 -1
10620, 2419, 1527, 2228, 865, 21240, 21666, 22093, 22519
2050 2 -1
10640, 2617, 1562, 3139, 1051, 21280, 21796, 22313, 22829
2066 2 -1
10663, 3022, 1314, 3514, 1273, 21325, 21591, 21858, 22124
2082 2 -1
10685, 2260, 1259, 2862, 394, 21370, 22103, 22837, 23570
2098 2 -1
10723, 2410, 1605, 3284, 638, 21445, 22365, 23286, 24206
2114 2 -1
10754, 2071, 442, 2434, 1540, 21508, 22238, 22969, 23699
2130 2 -1
10783, 3039, 1027, 2800, 585, 21565, 21905, 22246, 22586
2146 2 -1
10814, 3296, 1759, 2662, 1588, 21628, 22030, 22433, 22835
2162 2 -1
10857, 2420, 1084, 3298, 1598, 21713, 22408, 23105, 23800
2178 2 -1
10901, 2525, 716, 2511, 1133, 21802, 22017, 22233, 22448
2194 2 -1
10938, 3019, 772, 2558, 1494, 21876, 22467, 23059, 23650
2210 2 -1
10976, 3246, 320, 2215, 1262, 21952, 22938, 23925, 24911
2226 2 -1
11011, 2413, 558, 2230, 87, 22022, 22348, 22676, 23002
2242 2 -1
11040, 2529, 1253, 2682, 785, 22080, 22390, 22701, 23011
2258 2 -1
11068, 2789, 319, 2958, 1201, 22135, 22660, 23186, 23711
2274 2 -1
11114, 2153, 825, 3751, 809, 22228, 23034, 23842, 24648
2290 2 -1
11142, 2147, 1720, 2508, 1040, 22284, 22804, 23325, 23845
2306 2 -1
11162, 2873, 1262, 3584, 945, 22324, 22837, 23352, 23865
2322 2 -1
11201, 3216, 674, 2121, 306, 22401, 23132, 23864, 24595
2338 2 -1
11236, 2636, 1457, 4221, 692, 22471, 23645, 24821, 25995
2354 2 -1
11261, 2478, 419, 2461, 786, 22522, 22713, 22906, 23097
2370 2 -1
11299, 2846, 1601, 2824, 794, 22598, 23012, 23427, 23841
2386 2 -1
11340, 2530, 1445, 2988, 720, 22679, 23270, 23862, 24453
2402 2 -1
11367, 2166, 964, 3521, 917, 22733, 23433, 24135, 24835
2418 2 -1
11392, 3999, 1778, 2227, 827, 22783, 24144, 25506, 26867
2434 2 -1
11434, 2032, 2087, 9999, 876, 22868, 27456, 32046, 36634
2450 2 -1
11460, 2582, 1643, 9999, 595, 22919, 27151, 31384, 35616
2466 2 -1
11496, 3030, 238, 2996, 1415, 22991, 23596, 24202, 24807
2482 2 -1
11531, 3191, 54, 3313, 1455, 23061, 23822, 24584, 25345
2498 2 -1
11558, 3295, 362, 3433, 1569, 23115, 23787, 24460, 25132
2514 2 -1
11588, 2645, 1336, 3156, 550, 23175, 23823, 24472, 25120
2530 2 -1
11620, 2873, 197, 2345, 1209, 23240, 24009, 24780, 25549
2546 2 -1
11639, 2125, 877, 2419, 1007, 23278, 23489, 23702, 23913
2562 2 -1
11671, 2059, 1466, 9999, 7283, 23341, 30219, 37098, 43976
2578 2 -1
11705, 2849, 1730, 2713, 2100, 23410, 23662, 23916, 24168
2594 2 -1
11739, 3008, 768, 2665, 634, 23477, 23715, 23954, 24192
2610 2 -1
11773, 3093, 857, 1914, 68, 23546, 24529, 25514, 26497
2626 2 -1
11809, 2175, 1864, 3118, 708, 23618, 24667, 25717, 26766
2642 2 -1
11831, 3143, 1415, 2604, 1257, 23661, 24009, 24358, 24706
2658 2 -1
11875, 2369, 1833, 2485, 1937, 23749, 23858, 23969, 24078
2674 2 -1
11902, 2626, 495, 2344, 342, 23803, 24020, 24238, 24455
2690 2 -1
11938, 3157, 796, 2315, 1394, 23875, 24594, 25315, 26034
2706 2 -1
11964, 2461, 895, 2658, 561, 23927, 24192, 24458, 24723
2722 2 -1
11987, 2963, 1164, 2836, 896, 23974, 24171, 24369, 24566
2738 2 -1
12030, 1966, 1282, 2673, 684, 24059, 24711, 25364, 26016
2754 2 -1
12063, 2546, 1704, 3428, 1185, 24126, 24826, 25527, 26227
2770 2 -1
12087, 2386, 904, 3263, 1003, 24174, 24661, 25150, 25637
2786 2 -1
12125, 2775, 1000, 3508, 1287, 24250, 24759, 25270, 25779
2802 2 -1
12149, 2374, 671, 2671, 1379, 24298, 24800, 25303, 25805
2818 2 -1
12181, 3503, 666, 3326, 866, 24362, 24550, 24739, 24927
2834 2 -1
12208, 3340, 1386, 2099, 1377, 24416, 25040, 25666, 26290
2850 2 -1
12236, 2452, 1197, 3096, 1427, 24471, 24907, 25345, 25781
2866 2 -1
12260, 3425, 1367, 9999, 8797, 24519, 31520, 38523, 45524
2882 2 -1
12284, 3777, 1141, 2909, 623, 24567, 25259, 25953, 26645
2898 2 -1
12317, 2678, 386, 2256, 1312, 24633, 25306, 25981, 26654
2914 2 -1
12344, 3161, 414, 2310, 542, 24688, 25177, 25667, 26156
2930 2 -1
12371, 3451, 1023, 3239, 618, 24742, 25050, 25359, 25667
2946 2 -1
12392, 3611, 664, 3287, 1622, 24784, 25424, 26066, 26706
2962 2 -1
12414, 3402, 1438, 2374, 1386, 24828, 25367, 25908, 26447
2978 2 -1
12433, 2378, 271, 3535, 2161, 24866, 26389, 27913, 29436
2994 2 -1
12477, 2992, 1024, 3195, 1388, 24953, 25236, 25520, 25803
3010 2 -1
12500, 2307, 512, 3484, 1081, 25000, 25872, 26746, 27618
3026 2 -1
12523, 4110, 1375, 3573, 575, 25046, 25714, 26383, 27051
3042 2 -1
12549, 2527, 847, 3263, 1507, 25098, 25795, 26494, 27191
3058 2 -1
12574, 2672, 1403, 2718, 1673, 25147, 25304, 25463, 25620
3074 2 -1
12597, 2072, 1259, 2417, 589, 25194, 25701, 26209, 26716
3090 2 -1
12619, 2905, 562, 2898, 1781, 25238, 25850, 26464, 27076
3106 2 -1
12662, 3314, 453, 2969, 378, 25323, 25532, 25743, 25952
3122 2 -1
12682, 3322, 908, 2463, 1351, 25363, 26013, 26665, 27315
3138 2 -1
12718, 2749, 971, 2712, 1461, 25436, 25699, 25963, 26226
3154 2 -1
12743, 2970, 1128, 2958, 1468, 25485, 25660, 25837, 26012
3170 2 -1
12764, 2477, 1192, 3441, 1096, 25527, 26056, 26587, 27116
3186 2 -1
12786, 1982, 765, 2601, 1298, 25572, 26147, 26724, 27299
3202 2 -1
12816, 2624, 1682, 3571, 699, 25631, 26595, 27561, 28525
3218 2 -1
12827, 3411, 984, 1995, 1586, 25653, 26661, 27671, 28679
3234 2 -1
12852, 2683, 655, 2084, 736, 25704, 26043, 26384, 26723
3250 2 -1
12877, 2825, 1200, 2966, 1387, 25753, 25916, 26081, 26244
3266 2 -1
12899, 2761, 768, 3564, 1209, 25798, 26419, 27042, 27663
3282 2 -1
12920, 2303, 1127, 3040, 993, 25840, 26275, 26711, 27146
3298 2 -1
12944, 2174, 1799, 1982, 3449, 25888, 26808, 27730, 28650
3314 2 -1
12964, 2070, 928, 3071, 1135, 25927, 26530, 27135, 27738
3330 2 -1
12999, 2565, 1714, 2373, 1191, 25998, 26355, 26713, 27070
3346 2 -1
13018, 1994, 306, 1579, 8163, 26035, 30170, 34307, 38442
3362 2 -1
13048, 1797, 1626, 3488, 630, 26096, 27439, 28783, 30126
3378 2 -1
13068, 2786, 815, 3779, 959, 26136, 26704, 27273, 27841
3394 2 -1
13096, 2105, 539, 2571, 1246, 26192, 26778, 27365, 27951
3410 2 -1
13121, 2539, 674, 2791, 1604, 26242, 26832, 27424, 28014
3426 2 -1
13148, 2745, 613, 2284, 1078, 26296, 26758, 27222, 27684
3442 2 -1
13170, 2791, 743, 2832, 1474, 26339, 26724, 27111, 27496
3458 2 -1
13185, 3020, 1045, 3118, 445, 26369, 26717, 27067, 27415
3474 2 -1
13217, 3110, 1083, 2964, 831, 26433, 26631, 26831, 27029
3490 2 -1
13255, 2201, 703, 3798, 544, 26509, 27386, 28265, 29142
3506 2 -1
13296, 2773, 1150, 3328, 1483, 26592, 27035, 27480, 27923
3522 2 -1
13330, 2081, 882, 2784, 1271, 26659, 27204, 27751, 28296
3538 2 -1
13357, 2310, 575, 3808, 1177, 26714, 27763, 28814, 29863
3554 2 -1
13379, 2596, 911, 3462, 1635, 26757, 27551, 28347, 29141
3570 2 -1
13400, 3044, 1453, 3714, 1160, 26800, 27281, 27763, 28244
3586 2 -1
13427, 3225, 936, 3217, 1209, 26854, 26994, 27135, 27275
3602 2 -1
13451, 2587, 1647, 2765, 1465, 26901, 27080, 27261, 27440
3618 2 -1
13481, 3172, 963, 2602, 1768, 26961, 27648, 28336, 29023
3634 2 -1
13498, 3293, 1266, 3384, 678, 26995, 27334, 27674, 28013
3650 2 -1
13519, 2246, 416, 3356, 773, 27038, 27771, 28505, 29238
3666 2 -1
13542, 2027, 924, 3189, 1565, 27084, 27985, 28887, 29788
3682 2 -1
13576, 2373, 1267, 3404, 1542, 27152, 27804, 28458, 29110
3698 2 -1
13608, 2607, 1065, 9999, 25, 27215, 31430, 35647, 39862
3714 2 -1
13626, 3800, 1588, 2745, 406, 27252, 28370, 29489, 30607
3730 2 -1
13656, 3387, 757, 2792, 1747, 27311, 28103, 28896, 29688
3746 2 -1
13678, 3729, 431, 2812, 1041, 27355, 28118, 28882, 29645
3762 2 -1
13705, 2607, 1131, 2389, 605, 27409, 27780, 28153, 28524
3778 2 -1
13734, 2700, 1910, 2618, 357, 27468, 28285, 29103, 29920
3794 2 -1
13761, 2783, 1647, 2663, 1331, 27522, 27739, 27958, 28175
3810 2 -1
13795, 2767, 1478, 2428, 386, 27590, 28305, 29021, 29736
3826 2 -1
13826, 2702, 1011, 2637, 1207, 27652, 27782, 27913, 28043
3842 2 -1
13859, 3052, 758, 2703, 241, 27717, 28149, 28583, 29015
3858 2 -1
13880, 3350, 535, 3013, 501, 27759, 27944, 28130, 28315
3874 2 -1
13919, 2493, 1191, 3162, 851, 27838, 28342, 28847, 29351
3890 2 -1
13935, 2348, 417, 2694, 1587, 27869, 28626, 29385, 30142
3906 2 -1
13957, 3738, 1914, 2931, 1637, 27913, 28454, 28997, 29538
3922 2 -1
13993, 3137, 1135, 2375, 1089, 27986, 28389, 28794, 29197
3938 2 -1
14019, 3034, 590, 9999, 7440, 28038, 34945, 41853, 48760
3954 2 -1
14057, 2492, 1403, 156, 9149, 28113, 33153, 38195, 43235
3970 2 -1
14091, 2535, 1853, 3386, 877, 28182, 29095, 30009, 30922
3986 2 -1
14122, 2605, 1447, 2620, 1118, 28243, 28414, 28587, 28758
4002 2 -1
14154, 2233, 1162, 2868, 760, 28308, 28826, 29345, 29863
4018 2 -1
14179, 2667, 1467, 3501, 1166, 28357, 28924, 29492, 30059
4034 2 -1
14204, 2400, 913, 2773, 745, 28408, 28678, 28949, 29219
4050 2 -1
14229, 2645, 1534, 3035, 1006, 28457, 28915, 29375, 29833
4066 2 -1
14252, 3049, 1778, 3098, 936, 28504, 28949, 29395, 29840
4082 2 -1
14275, 2664, 297, 2461, 976, 28549, 28989, 29431, 29871
4098 2 -1
14297, 2324, 784, 2927, 1179, 28594, 29092, 29592, 30090
4114 2 -1
14314, 1799, 968, 2987, 915, 28628, 29248, 29869, 30489
4130 2 -1
14334, 2994, 1294, 2952, 5584, 28668, 30833, 33000, 35165
4146 2 -1
14355, 2428, 1192, 3005, 781, 28710, 29203, 29698, 30191
4162 2 -1
14368, 3363, 1357, 1406, 760, 28735, 30011, 31289, 32565
4178 2 -1
14394, 3266, 1109, 2317, 1621, 28787, 29517, 30248, 30978
4194 2 -1
14413, 3476, 1760, 3129, 1444, 28826, 29157, 29489, 29820
4210 2 -1
14438, 2501, 1385, 3454, 1633, 28875, 29475, 30076, 30676
4226 2 -1
14453, 2631, 1570, 2948, 902, 28906, 29398, 29891, 30383
4242 2 -1
14474, 3470, 94, 2808, 627, 28948, 29545, 30143, 30740
4258 2 -1
14500, 2200, 1237, 2818, 822, 29000, 29516, 30033, 30549
4274 2 -1
14518, 3246, 910, 2893, 1055, 29036, 29284, 29534, 29782
4290 2 -1
14536, 2762, 1728, 2269, 1282, 29072, 29541, 30011, 30480
4306 2 -1
14564, 2532, 1079, 2398, 1793, 29127, 29550, 29975, 30398
4322 2 -1
14592, 3308, 1298, 2844, 1271, 29183, 29428, 29674, 29919
4338 2 -1
14617, 1987, 688, 2376, 699, 29233, 29432, 29633, 29832
4354 2 -1
14642, 2615, 1983, 2526, 1133, 29283, 29752, 30222, 30691
4370 2 -1
14664, 2462, 969, 2517, 992, 29327, 29365, 29405, 29443
4386 2 -1
14677, 3210, 198, 2729, 1193, 29353, 30090, 30829, 31566
4402 2 -1
14701, 3427, 603, 3302, 899, 29402, 29612, 29823, 30033
4418 2 -1
14725, 2965, 641, 3156, 576, 29450, 29577, 29706, 29833
4434 2 -1
14752, 2344, 1015, 2458, 937, 29504, 29599, 29696, 29791
4450 2 -1
14774, 3650, 529, 2385, 1318, 29548, 30574, 31602, 32628
4466 2 -1
14799, 3032, 1109, 3171, 1203, 29598, 29714, 29831, 29947
4482 2 -1
14824, 2325, 1365, 2925, 1140, 29647, 30059, 30472, 30884
4498 2 -1
14851, 3065, 482, 3011, 1654, 29701, 30313, 30927, 31539
4514 2 -1
14890, 1911, 764, 3260, 1922, 29779, 31032, 32286, 33539
4530 2 -1
14912, 2368, 272, 3327, 750, 29823, 30541, 31260, 31978
4546 2 -1
14938, 2418, 1118, 2446, 1408, 29876, 30034, 30194, 30352
4562 2 -1
14962, 3324, 1172, 3226, 1091, 29924, 30013, 30103, 30192
4578 2 -1
14984, 2638, 988, 3121, 939, 29967, 30232, 30499, 30764
4594 2 -1
15002, 1818, 878, 2451, 1371, 30003, 30565, 31129, 31691
4610 2 -1
15024, 2622, 1456, 2669, 1309, 30048, 30144, 30242, 30338
4626 2 -1
15045, 3282, 1119, 2989, 960, 30089, 30314, 30541, 30766
4642 2 -1
15067, 3345, 1394, 2201, 187, 30133, 31308, 32484, 33659
4658 2 -1
15091, 2326, 242, 3337, 571, 30181, 30850, 31521, 32190
4674 2 -1
15113, 3388, 1365, 2421, 888, 30225, 30946, 31669, 32390
4690 2 -1
15132, 3105, 963, 3497, 452, 30263, 30714, 31166, 31617
4706 2 -1
15158, 2384, 1371, 3039, 546, 30316, 31055, 31796, 32535
4722 2 -1
15185, 2737, 388, 3295, 1376, 30370, 31142, 31916, 32688
4738 2 -1
15204, 2813, 1571, 3704, 898, 30408, 31189, 31972, 32753
4754 2 -1
15219, 3827, 1180, 2476, 1219, 30438, 31132, 31828, 32522
4770 2 -1
15248, 3294, 760, 3052, 2033, 30496, 31253, 32011, 32768
4786 2 -1
15270, 2628, 864, 2562, 494, 30540, 30757, 30976, 31193
4802 2 -1
15284, 3831, 1066, 3011, 930, 30567, 31044, 31523, 32000
4818 2 -1
15302, 2338, 968, 2478, 358, 30603, 30977, 31353, 31727
4834 2 -1
15322, 3021, 1093, 2863, 409, 30644, 31064, 31486, 31906
4850 2 -1
15346, 3784, 865, 2792, 63, 30692, 31588, 32486, 33382
4866 2 -1
15368, 2984, 1521, 3492, 1505, 30735, 30996, 31259, 31520
4882 2 -1
15392, 2600, 872, 2262, 704, 30783, 31035, 31289, 31541
4898 2 -1
15407, 3644, 704, 2294, 903, 30813, 31587, 32362, 33136
4914 2 -1
15426, 2798, 970, 1931, 1174, 30852, 31387, 31923, 32458
4930 2 -1
15445, 2663, 364, 3148, 1469, 30889, 31683, 32479, 33273
4946 2 -1
15479, 3266, 1260, 2129, 940, 30958, 31686, 32415, 33143
4962 2 -1
15504, 1919, 536, 2479, 1135, 31008, 31587, 32167, 32746
4978 2 -1
15527, 3191, 1402, 2330, 980, 31054, 31695, 32337, 32978
4994 2 -1
15556, 3290, 569, 3634, 830, 31111, 31413, 31716, 32018
5010 2 -1
15578, 2644, 424, 1742, 1289, 31156, 32039, 32923, 33806
5026 2 -1
15596, 3508, 75, 2851, 975, 31192, 31970, 32749, 33527
5042 2 -1
15615, 3248, 1284, 3174, 806, 31230, 31505, 31782, 32057
5058 2 -1
15648, 2347, 1861, 3285, 693, 31296, 32348, 33402, 34454
5074 2 -1
15669, 3423, 546, 3464, 404, 31338, 31429, 31521, 31612
5090 2 -1
15690, 3398, 1396, 3010, 963, 31379, 31789, 32200, 32610
5106 2 -1
15708, 2795, 1609, 2847, 1273, 31416, 31609, 31804, 31997
5122 2 -1
15737, 2325, 1429, 2238, 1061, 31473, 31700, 31928, 32155
5138 2 -1
15756, 2875, 1428, 2710, 928, 31512, 31844, 32177, 32509
5154 2 -1
15776, 2990, 254, 729, 8326, 31551, 36717, 41884, 47050
5170 2 -1
15793, 3392, 1048, 2859, 741, 31585, 32004, 32425, 32844
5186 2 -1
15811, 2376, 1347, 1515, 1205, 31621, 32122, 32624, 33125
5202 2 -1
15848, 2353, 1696, 2246, 732, 31696, 32231, 32767, 33302
5218 2 -1
15862, 2271, 710, 2808, 1383, 31724, 32328, 32934, 33538
5234 2 -1
15892, 1912, 1454, 2783, 1016, 31783, 32437, 33092, 33746
5250 2 -1
15919, 2844, 1011, 3039, 774, 31838, 32053, 32270, 32485
5266 2 -1
15938, 2351, 82, 3166, 632, 31875, 32557, 33240, 33922
5282 2 -1
15959, 3675, 925, 3261, 835, 31918, 32169, 32422, 32673
5298 2 -1
15979, 2968, 1010, 3289, 1368, 31958, 32297, 32637, 32976
5314 2 -1
16002, 2550, 49, 3065, 199, 32004, 32336, 32669, 33001
5330 2 -1
16028, 2905, 1702, 2882, 386, 32056, 32725, 33395, 34064
5346 2 -1
16052, 2804, 1500, 1765, 596, 32103, 33074, 34046, 35017
5362 2 -1
16072, 2396, 1720, 1827, 1335, 32143, 32619, 33097, 33573
5378 2 -1
16095, 2319, 884, 3501, 2020, 32190, 33348, 34508, 35666
5394 2 -1
16117, 2210, 268, 2301, 1392, 32234, 32841, 33449, 34056
5410 2 -1
16137, 2316, 45, 3108, 1091, 32273, 33191, 34111, 35029
5426 2 -1
16160, 2362, 1181, 2295, 807, 32319, 32539, 32760, 32980
5442 2 -1
16183, 2671, 1343, 2235, 1511, 32365, 32666, 32969, 33270
5458 2 -1
16216, 3158, 1134, 3457, 778, 32432, 32759, 33087, 33414
5474 2 -1
16238, 2804, 1151, 3478, 1818, 32475, 33145, 33816, 34486
5490 2 -1
16258, 2611, 119, 3327, 775, 32516, 33201, 33888, 34573
5506 2 -1
16287, 3466, 1292, 2655, 1314, 32574, 32990, 33407, 33823
5522 2 -1
16304, 2829, 641, 2464, 1050, 32607, 32993, 33381, 33767
5538 2 -1
16326, 2519, 749, 3361, 986, 32651, 33190, 33730, 34269
5554 2 -1
16344, 3785, 1206, 3131, 1020, 32687, 33106, 33527, 33946
5570 2 -1
16368, 3124, 1842, 2724, 1010, 32736, 33351, 33968, 34583
5586 2 -1
16384, 3529, 1119, 2265, 2435, 32768, 34057, 35348, 36637
5602 2 -1
16400, 2949, 679, 2321, 841, 32799, 33193, 33589, 33983
5618 2 -1
16414, 2316, 1516, 2941, 1246, 32828, 33275, 33723, 34170
5634 2 -1
16431, 2029, 702, 740, 9540, 32862, 37925, 42989, 48052
5650 2 -1
16458, 2966, 1259, 3323, 1711, 32915, 33319, 33724, 34128
5666 2 -1
16488, 3562, 845, 2728, 378, 32975, 33625, 34276, 34926
5682 2 -1
16513, 2044, 1892, 2618, 1535, 33026, 33491, 33957, 34422
5698 2 -1
16541, 2791, 414, 3336, 591, 33082, 33442, 33804, 34164
5714 2 -1
16561, 2526, 1170, 2888, 1869, 33122, 33652, 34183, 34713
5730 2 -1
16572, 2525, 1589, 3022, 833, 33144, 33770, 34397, 35023
5746 2 -1
16595, 2619, 1585, 3249, 1111, 33190, 33741, 34294, 34845
5762 2 -1
16616, 2782, 493, 923, 1213, 33231, 34520, 35810, 37099
5778 2 -1
16633, 2783, 1247, 2244, 1419, 33265, 33620, 33976, 34331
5794 2 -1
16653, 2603, 784, 3260, 650, 33305, 33700, 34096, 34491
5810 2 -1
16672, 2258, 986, 9999, 264, 33344, 37575, 41807, 46038
5826 2 -1
16687, 2384, 918, 9999, 5176, 33374, 39310, 45247, 51183
5842 2 -1
16711, 2093, 378, 3427, 1740, 33422, 34769, 36118, 37465
5858 2 -1
16737, 2989, 790, 2997, 711, 33473, 33516, 33560, 33603
5874 2 -1
16752, 3000, 1014, 1834, 1099, 33504, 34129, 34755, 35380
5890 2 -1
16774, 2784, 1864, 1480, 2552, 33547, 34542, 35539, 36534
5906 2 -1
16794, 3117, 1274, 2026, 581, 33587, 34478, 35371, 36262
5922 2 -1
16812, 2151, 1720, 2810, 1616, 33624, 34005, 34387, 34768
5938 2 -1
16830, 3681, 1135, 2585, 1028, 33660, 34261, 34863, 35464
5954 2 -1
16851, 3687, 1072, 3563, 697, 33702, 33951, 34201, 34450
5970 2 -1
16879, 2641, 1630, 2038, 612, 33757, 34567, 35378, 36188
5986 2 -1
16901, 2558, 1932, 2171, 699, 33801, 34610, 35421, 36230
6002 2 -1
16927, 3503, 586, 3573, 1165, 33853, 34177, 34502, 34826
6018 2 -1
16951, 1644, 868, 9999, 556, 33901, 38234, 42568, 46901
6034 2 -1
16971, 3258, 1543, 2971, 745, 33941, 34483, 35026, 35568
6050 2 -1
16993, 2098, 483, 3322, 1284, 33986, 34998, 36011, 37023
6066 2 -1
17008, 2498, 679, 2177, 1912, 34016, 34792, 35570, 36346
6082 2 -1
17024, 2940, 1164, 2900, 1630, 34048, 34300, 34554, 34806
6098 2 -1
17042, 3139, 1853, 2606, 516, 34084, 35018, 35954, 36888
6114 2 -1
17068, 2126, 1622, 2999, 1223, 34136, 34771, 35408, 36043
6130 2 -1
17094, 3182, 1310, 3629, 648, 34187, 34741, 35296, 35850
6146 2 -1
17113, 2427, 2042, 2680, 1153, 34225, 34795, 35367, 35937
6162 2 -1
17134, 3064, 1398, 3680, 1344, 34268, 34602, 34938, 35272
6178 2 -1
17151, 2264, 1236, 2129, 516, 34301, 34728, 35156, 35583
6194 2 -1
17172, 3592, 1553, 2949, 905, 34343, 34988, 35634, 36279
6210 2 -1
17203, 2429, 1215, 2388, 629, 34406, 34719, 35033, 35346
6226 2 -1
17222, 2638, 1376, 2600, 2187, 34443, 34867, 35292, 35716
6242 2 -1
17247, 2980, 2578, 1837, 1231, 34493, 35737, 36983, 38227
6258 2 -1
17273, 2639, 1131, 2742, 1556, 34545, 34808, 35073, 35336
6274 2 -1
17288, 2064, 1900, 2022, 9576, 34576, 38434, 42294, 46152
6290 2 -1
17310, 3549, 600, 2780, 1479, 34619, 35442, 36267, 37090
6306 2 -1
17334, 3258, 1043, 3236, 280, 34668, 35060, 35453, 35845
6322 2 -1
17363, 2274, 990, 2834, 412, 34726, 35294, 35864, 36432
6338 2 -1
17375, 3100, 982, 2140, 1377, 34749, 35426, 36104, 36781
6354 2 -1
17393, 2201, 1234, 2921, 1348, 34786, 35202, 35620, 36036
6370 2 -1
17407, 3099, 5, 3748, 1467, 34813, 35868, 36924, 37979
6386 2 -1
17431, 3161, 808, 2310, 1064, 34862, 35415, 35969, 36522
6402 2 -1
17454, 2012, 608, 1442, 575, 34907, 35208, 35510, 35811
6418 2 -1
17474, 3178, 1228, 3188, 570, 34948, 35281, 35616, 35949
6434 2 -1
17494, 1497, 1260, 3376, 1261, 34987, 35926, 36867, 37806
6450 2 -1
17520, 2540, 1757, 2757, 1088, 35039, 35481, 35925, 36367
6466 2 -1
17547, 2947, 1273, 2586, 1719, 35093, 35496, 35900, 36303
6482 2 -1
17570, 3468, 689, 2910, 920, 35139, 35533, 35928, 36322
6498 2 -1
17585, 3359, 707, 2995, 1605, 35170, 35800, 36432, 37062
6514 2 -1
17607, 3177, 1365, 2732, 943, 35213, 35646, 36080, 36513
6530 2 -1
17631, 2579, 906, 9999, 4949, 35261, 40992, 46724, 52455
6546 2 -1
17654, 3172, 1197, 2304, 719, 35308, 35980, 36654, 37326
6562 2 -1
17679, 2544, 1561, 1720, 457, 35358, 36321, 37286, 38249
6578 2 -1
17698, 3224, 1060, 2508, 1146, 35396, 35796, 36198, 36598
6594 2 -1
17724, 2926, 654, 2233, 381, 35447, 35929, 36413, 36895
6610 2 -1
17745, 2984, 1409, 2844, 1111, 35489, 35707, 35927, 36145
6626 2 -1
17766, 3253, 1269, 2686, 1382, 35531, 35870, 36211, 36550
6642 2 -1
17782, 2103, 847, 2790, 339, 35563, 36160, 36758, 37355
6658 2 -1
17801, 2720, 1118, 2067, 1699, 35602, 36218, 36836, 37452
6674 2 -1
17814, 2488, 1177, 2888, 632, 35628, 36100, 36573, 37045
6690 2 -1
17842, 2505, 1035, 3352, 230, 35683, 36508, 37335, 38160
6706 2 -1
17859, 3033, 730, 2974, 803, 35718, 35783, 35850, 35915
6722 2 -1
17879, 1813, 468, 3441, 1500, 35757, 37086, 38417, 39746
6738 2 -1
17898, 2948, 750, 2887, 1594, 35795, 36247, 36700, 37152
6754 2 -1
17916, 2709, 1676, 3105, 1407, 35832, 36164, 36497, 36829
6770 2 -1
17945, 3100, 1108, 2965, 2046, 35890, 36426, 36963, 37499
6786 2 -1
17976, 1699, 2097, 2386, 219, 35952, 37234, 38517, 39799
6802 2 -1
17993, 2847, 822, 2975, 1598, 35985, 36436, 36889, 37340
6818 2 -1
18026, 3502, 1422, 2830, 346, 36051, 36924, 37799, 38672
6834 2 -1
18045, 3010, 1450, 2839, 595, 36090, 36602, 37116, 37628
6850 2 -1
18073, 2449, 1602, 1886, 944, 36146, 36756, 37367, 37977
6866 2 -1
18094, 3782, 1397, 2055, 863, 36187, 37317, 38448, 39578
6882 2 -1
18111, 3520, 1153, 2534, 936, 36222, 36823, 37425, 38026
6898 2 -1
18132, 3603, 790, 3029, 1514, 36264, 36912, 37562, 38210
6914 2 -1
18156, 2642, 1247, 2918, 1451, 36311, 36550, 36791, 37030
6930 2 -1
18178, 3334, 1241, 2839, 1392, 36356, 36678, 37002, 37324
6946 2 -1
18201, 2406, 1061, 2471, 1478, 36402, 36642, 36884, 37124
6962 2 -1
18223, 2175, 333, 2810, 841, 36445, 37016, 37588, 38159
6978 2 -1
18246, 1916, 1642, 2947, 1772, 36491, 37071, 37652, 38232
6994 2 -1
18276, 3301, 1090, 2503, 1550, 36552, 37180, 37810, 38438
7010 2 -1
18300, 2931, 721, 3127, 1204, 36600, 36939, 37279, 37618
7026 2 -1
18326, 2035, 1563, 2722, 1248, 36652, 37152, 37654, 38154
7042 2 -1
18351, 2099, 359, 2642, 1343, 36702, 37465, 38229, 38992
7058 2 -1
18369, 2977, 579, 1694, 721, 36737, 37449, 38162, 38874
7074 2 -1
18390, 3117, 624, 3018, 1924, 36779, 37478, 38178, 38877
7090 2 -1
18411, 3489, 1439, 1718, 9551, 36821, 41762, 46704, 51645
7106 2 -1
18438, 3287, 950, 2878, 915, 36875, 37096, 37319, 37540
7122 2 -1
18460, 2273, 307, 2396, 1261, 36920, 37458, 37997, 38535
7138 2 -1
18480, 3240, 1770, 3274, 32, 36959, 37844, 38731, 39616
7154 2 -1
18506, 2791, 1115, 3188, 1570, 37011, 37436, 37863, 38288
7170 2 -1
18529, 3585, 789, 2642, 1699, 37057, 37983, 38910, 39836
7186 2 -1
18554, 3322, 184, 3012, 211, 37107, 37275, 37444, 37612
7202 2 -1
18581, 3595, 893, 2949, 126, 37161, 37867, 38574, 39280
7218 2 -1
18616, 3608, 180, 2915, 802, 37231, 37888, 38546, 39203
7234 2 -1
18645, 1714, 1436, 2946, 941, 37290, 38153, 39017, 39880
7250 2 -1
18662, 2472, 707, 462, 341, 37323, 38510, 39699, 40886
7266 2 -1
18683, 3355, 1530, 2171, 1318, 37366, 38063, 38762, 39459
7282 2 -1
18702, 2919, 1428, 2843, 669, 37403, 37820, 38238, 38655
7298 2 -1
18732, 2746, 768, 2788, 1595, 37464, 37898, 38333, 38767
7314 2 -1
18762, 3737, 1184, 3592, 218, 37523, 38078, 38634, 39189
7330 2 -1
18785, 2558, 334, 2839, 1455, 37569, 38269, 38971, 39671
7346 2 -1
18801, 3040, 1470, 3482, 1699, 37601, 37936, 38272, 38607
7362 2 -1
18825, 2722, 1571, 2457, 862, 37649, 38135, 38623, 39109
7378 2 -1
18849, 2533, 1397, 3258, 1894, 37698, 38308, 38920, 39530
7394 2 -1
18868, 2000, 1909, 3219, 532, 37736, 39033, 40332, 41629
7410 2 -1
18894, 2150, 992, 2806, 1200, 37788, 38219, 38652, 39083
7426 2 -1
18904, 3270, 1329, 3653, 682, 37807, 38321, 38837, 39351
7442 2 -1
18932, 3149, 499, 3172, 989, 37864, 38120, 38377, 38633
7458 2 -1
18958, 2351, 1223, 1382, 1625, 37915, 38600, 39286, 39971
7474 2 -1
18988, 2874, 957, 3053, 1482, 37976, 38327, 38680, 39031
7490 2 -1
19010, 2664, 501, 1340, 4661, 38019, 40760, 43503, 46244
7506 2 -1
19032, 2990, 1069, 3083, 1588, 38064, 38369, 38676, 38981
7522 2 -1
19059, 3498, 2248, 1546, 7538, 38118, 41738, 45360, 48980
7538 2 -1
19086, 3004, 968, 2289, 1510, 38172, 38800, 39429, 40057
7554 2 -1
19116, 1741, 1488, 2833, 1557, 38231, 38811, 39392, 39972
7570 2 -1
19145, 2815, 679, 2874, 1874, 38289, 38915, 39543, 40169
7586 2 -1
19178, 2279, 843, 3224, 1474, 38356, 39143, 39932, 40719
7602 2 -1
19195, 2253, 1415, 1937, 762, 38389, 38873, 39358, 39842
7618 2 -1
19220, 2853, 965, 3182, 1190, 38440, 38716, 38994, 39270
7634 2 -1
19242, 2532, 923, 9999, 72, 38483, 42641, 46801, 50959
7650 2 -1
19262, 2514, 1000, 2330, 734, 38523, 38747, 38973, 39197
7666 2 -1
19281, 2896, 1555, 2349, 1623, 38561, 38868, 39176, 39483
7682 2 -1
19303, 2434, 161, 2171, 833, 38605, 39072, 39540, 40007
7698 2 -1
19337, 3822, 977, 2575, 764, 38674, 39403, 40134, 40863
7714 2 -1
19369, 3085, 576, 2720, 785, 38737, 39023, 39311, 39597
7730 2 -1
19397, 3776, 1037, 2547, 1314, 38793, 39545, 40299, 41051
7746 2 -1
19415, 3324, 489, 3027, 1839, 38830, 39653, 40477, 41300
7762 2 -1
19430, 3233, 961, 2808, 1718, 38860, 39450, 40042, 40632
7778 2 -1
19463, 2522, 1516, 2073, 866, 38926, 39475, 40025, 40574
7794 2 -1
19487, 3132, 612, 2504, 658, 38973, 39309, 39647, 39983
7810 2 -1
19507, 2558, 1161, 2210, 890, 39014, 39323, 39633, 39942
7826 2 -1
19536, 2144, 1363, 2797, 792, 39071, 39682, 40295, 40906
7842 2 -1
19561, 2329, 1630, 3412, 961, 39122, 39997, 40874, 41749
7858 2 -1
19584, 2788, 956, 3253, 480, 39167, 39637, 40108, 40578
7874 2 -1
19607, 2574, 1305, 1384, 294, 39213, 40313, 41414, 42514
7890 2 -1
19633, 3127, 544, 3108, 582, 39265, 39293, 39322, 39350
7906 2 -1
19651, 2264, 1547, 3042, 1466, 39302, 39731, 40161, 40590
7922 2 -1
19677, 2593, 1447, 3922, 1530, 39353, 40058, 40765, 41470
7938 2 -1
19702, 3096, 689, 2494, 533, 39403, 39781, 40161, 40539
7954 2 -1
19724, 2550, 1251, 2519, 500, 39447, 39837, 40229, 40619
7970 2 -1
19751, 2529, 1279, 3427, 238, 39502, 40471, 41441, 42410
7986 2 -1
19789, 2556, 1037, 2563, 767, 39578, 39716, 39855, 39993
8002 2 -1
19814, 3163, 467, 3001, 972, 39628, 39961, 40295, 40628
8018 2 -1
19845, 3239, 890, 2960, 625, 39689, 39960, 40233, 40504
8034 2 -1
19874, 3016, 906, 2264, 1603, 39747, 40471, 41196, 41920
8050 2 -1
19895, 3430, 758, 2533, 1245, 39789, 40480, 41173, 41864
8066 2 -1
19922, 2871, 305, 2916, 1045, 39844, 40236, 40629, 41021
8082 2 -1
19944, 2551, 1378, 2914, 686, 39887, 40414, 40942, 41469
8098 2 -1
19971, 2290, 418, 3575, 2718, 39942, 41734, 43527, 45319
8114 2 -1
19995, 3029, 426, 2282, 1048, 39990, 40674, 41359, 42043
8130 2 -1
20020, 2461, 817, 2378, 1774, 40039, 40558, 41079, 41598
8146 2 -1
20058, 2718, 730, 3320, 122, 40116, 40720, 41326, 41930
8162 2 -1
20088, 2362, 756, 2979, 89, 40175, 40816, 41459, 42100
8178 2 -1
20115, 3243, 1043, 2962, 1783, 40230, 40740, 41251, 41761
8194 2 -1
20158, 2802, 1025, 2153, 460, 40315, 40921, 41529, 42135
8210 2 -1
20175, 2540, 1213, 2110, 670, 40350, 40836, 41323, 41809
8226 2 -1
20197, 2144, 739, 1692, 1853, 40394, 41176, 41960, 42742
8242 2 -1
20229, 3571, 1353, 2772, 1347, 40457, 40859, 41262, 41664
8258 2 -1
20259, 1850, 311, 1290, 346, 40518, 40815, 41113, 41410
8274 2 -1
20298, 3266, 775, 2452, 881, 40595, 41054, 41515, 41974
8290 2 -1
20323, 2930, 1389, 2776, 843, 40646, 40995, 41346, 41695
8306 2 -1
20364, 3216, 953, 3019, 1140, 40728, 40919, 41112, 41303
8322 2 -1
20385, 2877, 1526, 2976, 1637, 40770, 40874, 40980, 41084
8338 2 -1
20409, 3364, 1435, 2613, 1866, 40818, 41408, 42000, 42590
8354 2 -1
20435, 3619, 1171, 3189, 2224, 40870, 41611, 42353, 43094
8370 2 -1
20465, 2406, 678, 3054, 1164, 40930, 41496, 42064, 42630
8386 2 -1
20491, 2428, 1149, 2059, 1068, 40982, 41206, 41432, 41656
8402 2 -1
20520, 2711, 1311, 3287, 1105, 41040, 41430, 41822, 42212
8418 2 -1
20538, 3639, 1160, 2781, 1139, 41076, 41515, 41955, 42394
8434 2 -1
20576, 3151, 776, 3160, 204, 41152, 41442, 41733, 42023
8450 2 -1
20601, 2694, 1330, 1633, 965, 41201, 41913, 42627, 43339
8466 2 -1
20632, 2201, 799, 2749, 695, 41264, 41589, 41916, 42241
8482 2 -1
20668, 3107, 1773, 2193, 543, 41335, 42406, 43479, 44550
8498 2 -1
20704, 3457, 1648, 2696, 900, 41408, 42162, 42917, 43671
8514 2 -1
20732, 2189, 980, 2825, 1237, 41463, 41909, 42356, 42802
8530 2 -1
20766, 2382, 791, 3044, 761, 41531, 41876, 42223, 42568
8546 2 -1
20788, 3071, 670, 2844, 1019, 41576, 41863, 42152, 42439
8562 2 -1
20812, 3011, 2375, 2358, 1504, 41623, 42384, 43147, 43908
8578 2 -1
20839, 2502, 1185, 2446, 1975, 41677, 42099, 42523, 42945
8594 2 -1
20868, 3030, 681, 3174, 1397, 41736, 42165, 42596, 43025
8610 2 -1
20900, 2680, 895, 2387, 1521, 41800, 42259, 42719, 43178
8626 2 -1
20935, 2841, 15, 2855, 1100, 41870, 42419, 42969, 43518
8642 2 -1
20967, 3015, 1689, 1667, 106, 41933, 43398, 44864, 46329
8658 2 -1
20993, 2970, 1262, 1494, 1862, 41986, 43023, 44062, 45099
8674 2 -1
21032, 3284, 808, 2530, 985, 42063, 42528, 42994, 43459
8690 2 -1
21056, 2881, 1206, 553, 915, 42111, 43420, 44730, 46039
8706 2 -1
21103, 2704, 674, 3277, 1265, 42205, 42786, 43369, 43950
8722 2 -1
21122, 2781, 709, 2450, 949, 42243, 42528, 42814, 43099
8738 2 -1
21137, 2878, 64, 3462, 972, 42273, 43018, 43765, 44510
8754 2 -1
21174, 3094, 1253, 3230, 765, 42348, 42659, 42972, 43283
8770 2 -1
21200, 2115, 730, 2864, 1609, 42399, 43212, 44027, 44840
8786 2 -1
21231, 1987, 67, 3516, 785, 42461, 43584, 44708, 45831
8802 2 -1
21252, 2886, 541, 9999, 200, 42504, 46230, 49958, 53684
8818 2 -1
21285, 2688, 2128, 4126, 1470, 42570, 43617, 44666, 45713
8834 2 -1
21318, 2207, 1564, 3735, 1489, 42635, 43436, 44238, 45039
8850 2 -1
21344, 2185, 1224, 3326, 1003, 42687, 43367, 44049, 44729
8866 2 -1
21381, 2681, 1432, 2047, 273, 42761, 43657, 44554, 45450
8882 2 -1
21424, 2576, 657, 4027, 322, 42848, 43740, 44634, 45526
8898 2 -1
21452, 3592, 740, 2379, 420, 42903, 43669, 44436, 45202
8914 2 -1
21486, 2855, 514, 2865, 1414, 42972, 43426, 43882, 44336
8930 2 -1
21521, 2976, 730, 3334, 1334, 43042, 43522, 44004, 44484
8946 2 -1
21554, 2608, 1206, 2631, 1136, 43107, 43153, 43200, 43246
8962 2 -1
21589, 2706, 1230, 2775, 1159, 43177, 43246, 43317, 43386
8978 2 -1
21621, 2997, 1356, 2435, 267, 43242, 44067, 44893, 45718
8994 2 -1
21659, 3303, 1232, 3760, 829, 43318, 43747, 44178, 44607
9010 2 -1
21705, 2702, 1087, 1413, 6187, 43410, 46604, 49799, 52993
9026 2 -1
21738, 2236, 648, 2902, 732, 43475, 43849, 44225, 44599
9042 2 -1
21772, 3378, 435, 2848, 496, 43543, 43838, 44134, 44429
9058 2 -1
21793, 2190, 1191, 3112, 704, 43586, 44290, 44995, 45699
9074 2 -1
21818, 2879, 1848, 3572, 938, 43635, 44436, 45238, 46039
9090 2 -1
21854, 2905, 377, 2539, 1393, 43708, 44398, 45090, 45780
9106 2 -1
21889, 2305, 2118, 2330, 837, 43777, 44429, 45083, 45735
9122 2 -1
21917, 3132, 646, 2283, 1503, 43833, 44685, 45539, 46391
9138 2 -1
21945, 3019, 1576, 2915, 848, 43890, 44305, 44722, 45137
9154 2 -1
21981, 2850, 1767, 1936, 1410, 43962, 44597, 45233, 45868
9170 2 -1
22005, 4162, 823, 2471, 911, 44010, 44899, 45789, 46678
9186 2 -1
22024, 3955, 1181, 2496, 1121, 44047, 44806, 45566, 46325
9202 2 -1
22060, 2722, 1028, 2741, 208, 44119, 44538, 44958, 45377
9218 2 -1
22102, 2965, 1348, 2721, 250, 44203, 44873, 45545, 46215
9234 2 -1
22155, 3014, 933, 2565, 1529, 44309, 44831, 45354, 45876
9250 2 -1
22185, 3040, 1301, 2955, 963, 44369, 44580, 44792, 45003
9266 2 -1
22228, 2524, 342, 3405, 825, 44455, 45136, 45819, 46500
9282 2 -1
22252, 3121, 1541, 3822, 424, 44503, 45411, 46321, 47229
9298 2 -1
22297, 2615, 799, 2657, 272, 44594, 44878, 45163, 45447
9314 2 -1
22330, 2438, 1045, 2801, 1741, 44660, 45189, 45719, 46248
9330 2 -1
22402, 3713, 588, 2766, 1140, 44803, 45552, 46302, 47051
9346 2 -1
22424, 2274, 1431, 2911, 448, 44848, 45657, 46468, 47277
9362 2 -1
22474, 2625, 35, 2956, 1424, 44947, 45806, 46667, 47526
9378 2 -1
22503, 2629, 1731, 3222, 1211, 45006, 45562, 46119, 46675
9394 2 -1
22553, 3046, 1319, 2587, 687, 45105, 45650, 46196, 46741
9410 2 -1
22592, 3330, 994, 2754, 1152, 45183, 45549, 45917, 46283
9426 2 -1
22640, 2778, 713, 3272, 934, 45280, 45637, 45995, 46352
9442 2 -1
22694, 3391, 1071, 3042, 900, 45387, 45646, 45907, 46166
9458 2 -1
22726, 3457, 1316, 3008, 405, 45451, 46130, 46811, 47490
9474 2 -1
22774, 2120, 643, 2770, 1482, 45548, 46292, 47037, 47781
9490 2 -1
22825, 3102, 410, 2255, 570, 45649, 46152, 46656, 47159
9506 2 -1
22854, 2337, 601, 2831, 1609, 45707, 46457, 47209, 47959
9522 2 -1
22906, 3676, 721, 1952, 1667, 45812, 47146, 48482, 49816
9538 2 -1
22955, 4232, 1266, 2749, 1809, 45909, 46921, 47935, 48947
9554 2 -1
23000, 2146, 626, 4252, 690, 45999, 47083, 48169, 49253
9570 2 -1
23034, 3510, 1345, 2450, 1547, 46067, 46697, 47329, 47959
9586 2 -1
23087, 3070, 1803, 2563, 105, 46173, 47275, 48378, 49480
9602 2 -1
23130, 2587, 848, 3402, 1387, 46259, 46935, 47613, 48289
9618 2 -1
23196, 3083, 1090, 2320, 1907, 46392, 47181, 47972, 48761
9634 2 -1
23234, 3423, 1353, 3479, 1205, 46468, 46569, 46672, 46773
9650 2 -1
23279, 2321, 1081, 2204, 476, 46557, 46917, 47279, 47639
9666 2 -1
23310, 2460, 824, 2265, 578, 46620, 46840, 47061, 47281
9682 2 -1
23377, 2490, 2360, 1984, 878, 46754, 47747, 48742, 49735
9698 2 -1
23425, 2538, 1147, 3322, 977, 46850, 47326, 47804, 48280
9714 2 -1
23496, 2458, 1810, 2904, 1145, 46992, 47547, 48103, 48658
9730 2 -1
23548, 2609, 1657, 2488, 398, 47096, 47785, 48476, 49165
9746 2 -1
23579, 2307, 659, 2054, 1338, 47157, 47622, 48089, 48554
9762 2 -1
23617, 3713, 376, 2606, 842, 47233, 48019, 48806, 49592
9778 2 -1
23687, 2913, 1390, 2501, 1318, 47374, 47615, 47858, 48099
9794 2 -1
23729, 3214, 594, 2535, 620, 47457, 47809, 48162, 48514
9810 2 -1
23779, 2438, 1102, 2673, 1209, 47558, 47728, 47900, 48070
9826 2 -1
23839, 3713, 762, 3422, 1077, 47678, 47980, 48284, 48586
9842 2 -1
23872, 2940, 1608, 3164, 588, 47743, 48364, 48987, 49608
9858 2 -1
23939, 2683, 1394, 2367, 1037, 47877, 48213, 48550, 48886
9874 2 -1
23983, 2849, 1402, 2583, 1518, 47966, 48156, 48348, 48538
9890 2 -1
24084, 3186, 1119, 2346, 1140, 48167, 48597, 49028, 49458
9906 2 -1
24120, 2921, 1751, 1898, 1413, 48239, 48919, 49600, 50280
9922 2 -1
24188, 3245, 1322, 1927, 1275, 48375, 49057, 49740, 50422
9938 2 -1
24264, 2976, 712, 2333, 1169, 48528, 49077, 49628, 50177
9954 2 -1
24350, 2768, 1328, 2474, 1018, 48699, 49000, 49303, 49604
9970 2 -1
24446, 3272, 1347, 3111, 1546, 48892, 49071, 49252, 49431
9986 2 -1
24573, 3206, 1521, 2675, 1831, 49145, 49565, 49986, 50406
