10000 10000 50000
1
4 3750 3750
371
1 4 0 35632 5
0
2 4 0 35632 5
0
3 4 0 35632 5
0
4 4 0 35632 5
0
5 4 0 35632 5
0
6 4 0 35632 5
0
7 4 0 35632 5
0
8 4 0 35632 5
0
9 4 0 35632 5
0
10 4 0 35632 5
0
11 4 0 35632 5
0
12 4 0 35632 5
0
13 4 0 35632 5
0
14 4 0 35632 5
0
15 4 0 35632 5
0
16 4 0 35632 5
0
17 4 0 35632 5
0
18 4 0 35632 5
0
19 4 0 35632 5
0
20 4 0 35632 5
0
21 4 0 35632 5
0
22 4 0 35632 5
0
23 4 0 35632 5
0
24 4 0 35632 5
0
25 4 0 35632 5
0
26 4 0 35632 5
0
27 4 0 35632 5
0
28 4 0 35632 5
0
29 4 0 35632 5
0
30 4 0 35632 5
0
31 4 0 35632 5
0
32 4 0 35632 5
0
33 4 0 35632 5
0
34 4 0 35632 5
0
35 4 0 35632 5
0
36 4 0 35632 5
0
37 4 0 35632 5
0
38 4 0 35632 5
0
39 4 0 35632 5
0
40 4 0 35632 5
0
41 4 0 35632 5
0
42 4 0 35632 5
0
43 4 0 35632 5
0
44 4 0 35632 5
0
45 4 0 35632 5
0
46 4 0 35632 5
0
47 4 0 35632 5
0
48 4 0 35632 5
0
49 4 0 35632 5
0
50 4 0 35632 5
0
51 4 0 35632 5
0
52 4 0 35632 5
0
53 4 0 35632 5
0
54 4 0 35632 5
0
55 4 0 35632 5
0
56 4 0 35632 5
0
57 4 0 35632 5
0
58 4 0 35632 5
0
59 4 0 35632 5
0
60 4 0 35632 5
0
61 4 0 35632 5
0
62 4 0 35632 5
0
63 4 0 35632 5
0
64 4 0 35632 5
0
65 4 0 35632 5
0
66 4 0 35632 5
0
67 4 0 35632 5
0
68 4 0 35632 5
0
69 4 0 35632 5
0
70 4 0 35632 5
0
71 4 0 35632 5
0
72 4 0 35632 5
0
73 4 0 35632 5
0
74 4 0 35632 5
0
75 4 0 35632 5
0
76 4 0 35632 5
0
77 4 0 35632 5
0
78 4 0 35632 5
0
79 4 0 35632 5
0
80 4 0 35632 5
0
81 4 0 35632 5
0
82 4 0 35632 5
0
83 4 0 35632 5
0
84 4 0 35632 5
0
85 4 0 35632 5
0
86 4 0 35632 5
0
87 4 0 35632 5
0
88 4 0 35632 5
0
89 4 0 35632 5
0
90 4 0 35632 5
0
91 4 0 35632 5
0
92 4 0 35632 5
0
93 4 0 35632 5
0
94 4 0 35632 5
0
95 4 0 35632 5
0
96 4 0 35632 5
0
97 4 0 35632 5
0
98 4 0 35632 5
0
99 4 0 35632 5
0
100 4 0 35632 5
0
101 4 0 35632 5
0
102 4 0 35632 5
0
103 4 0 35632 5
0
104 4 0 35632 5
0
105 4 0 35632 5
0
106 4 0 35632 5
0
107 4 0 35632 5
0
108 4 0 35632 5
0
109 4 0 35632 5
0
110 4 0 35632 5
0
111 4 0 35632 5
0
112 4 0 35632 5
0
113 4 0 35632 5
0
114 4 0 35632 5
0
115 4 0 35632 5
0
116 4 0 35632 5
0
117 4 0 35632 5
0
118 4 0 35632 5
0
119 4 0 35632 5
0
120 4 0 35632 5
0
121 4 0 35632 5
0
122 4 0 35632 5
0
123 4 0 35632 5
0
124 4 0 35632 5
0
125 4 0 35632 5
0
126 4 0 35632 5
0
127 4 0 35632 5
0
128 4 0 35632 5
0
129 4 0 35632 5
0
130 4 0 35632 5
0
131 4 0 35632 5
0
132 4 0 35632 5
0
133 4 0 35632 5
0
134 4 0 35632 5
0
135 4 0 35632 5
0
136 4 0 35632 5
0
137 4 0 35632 5
0
138 4 0 35632 5
0
139 4 0 35632 5
0
140 4 0 35632 5
0
141 4 0 35632 5
0
142 4 0 35632 5
0
143 4 0 35632 5
0
144 4 0 35632 5
0
145 4 0 35632 5
0
146 4 0 35632 5
0
147 4 0 35632 5
0
148 4 0 35632 5
0
149 4 0 35632 5
0
150 4 0 35632 5
0
151 4 0 35632 5
0
152 4 0 35632 5
0
153 4 0 35632 5
0
154 4 0 35632 5
0
155 4 0 35632 5
0
156 4 0 35632 5
0
157 4 0 35632 5
0
158 4 0 35632 5
0
159 4 0 35632 5
0
160 4 0 35632 5
0
161 4 0 35632 5
0
162 4 0 35632 5
0
163 4 0 35632 5
0
164 4 0 35632 5
0
165 4 0 35632 5
0
166 4 0 35632 5
0
167 4 0 35632 5
0
168 4 0 35632 5
0
169 4 0 35632 5
0
170 4 0 35632 5
0
171 4 0 35632 5
0
172 4 0 35632 5
0
173 4 0 35632 5
0
174 4 0 35632 5
0
175 4 0 35632 5
0
176 4 0 35632 5
0
177 4 0 35632 5
0
178 4 0 35632 5
0
179 4 0 35632 5
0
180 4 0 35632 5
0
181 4 0 35632 5
0
182 4 0 35632 5
0
183 4 0 35632 5
0
184 4 0 35632 5
0
185 4 0 35632 5
0
186 4 0 35632 5
0
187 4 0 35632 5
0
188 4 0 35632 5
0
189 4 0 35632 5
0
190 4 0 35632 5
0
191 4 0 35632 5
0
192 4 0 35632 5
0
193 4 0 35632 5
0
194 4 0 35632 5
0
195 4 0 35632 5
0
196 4 0 35632 5
0
197 4 0 35632 5
0
198 4 0 35632 5
0
199 4 0 35632 5
0
200 4 0 35632 5
0
201 4 0 35632 5
0
202 4 0 35632 5
0
203 4 0 35632 5
0
204 4 0 35632 5
0
205 4 0 35632 5
0
206 4 0 35632 5
0
207 4 0 35632 5
0
208 4 0 35632 5
0
209 4 0 35632 5
0
210 4 0 35632 5
0
211 4 0 35632 5
0
212 4 0 35632 5
0
213 4 0 35632 5
0
214 4 0 35632 5
0
215 4 0 35632 5
0
216 4 0 35632 5
0
217 4 0 35632 5
0
218 4 0 35632 5
0
219 4 0 35632 5
0
220 4 0 35632 5
0
221 4 0 35632 5
0
222 4 0 35632 5
0
223 4 0 35632 5
0
224 4 0 35632 5
0
225 4 0 35632 5
0
226 4 0 35632 5
0
227 4 0 35632 5
0
228 4 0 35632 5
0
229 4 0 35632 5
0
230 4 0 35632 5
0
231 4 0 35632 5
0
232 4 0 35632 5
0
233 4 0 35632 5
0
234 4 0 35632 5
0
235 4 0 35632 5
0
236 4 0 35632 5
0
237 4 0 35632 5
0
238 4 0 35632 5
0
239 4 0 35632 5
0
240 4 0 35632 5
0
241 4 0 35632 5
0
242 4 0 35632 5
0
243 4 0 35632 5
0
244 4 0 35632 5
0
245 4 0 35632 5
0
246 4 0 35632 5
0
247 4 0 35632 5
0
248 4 0 35632 5
0
249 4 0 35632 5
0
250 4 0 35632 5
0
251 4 0 35632 5
0
252 4 0 35632 5
0
253 4 0 35632 5
0
254 4 0 35632 5
0
255 4 0 35632 5
0
256 4 0 35632 5
0
257 4 0 35632 5
0
258 4 0 35632 5
0
259 4 0 35632 5
0
260 4 0 35632 5
0
261 4 0 35632 5
0
262 4 0 35632 5
0
263 4 0 35632 5
0
264 4 0 35632 5
0
265 4 0 35632 5
0
266 4 0 35632 5
0
267 4 0 35632 5
0
268 4 0 35632 5
0
269 4 0 35632 5
0
270 4 0 35632 5
0
271 4 0 35632 5
0
272 4 0 35632 5
0
273 4 0 35632 5
0
274 4 0 35632 5
0
275 4 0 35632 5
0
276 4 0 35632 5
0
277 4 0 35632 5
0
278 4 0 35632 5
0
279 4 0 35632 5
0
280 4 0 35632 5
0
281 4 0 35632 5
0
282 4 0 35632 5
0
283 4 0 35632 5
0
284 4 0 35632 5
0
285 4 0 35632 5
0
286 4 0 35632 5
0
287 4 0 35632 5
0
288 4 0 35632 5
0
289 4 0 35632 5
0
290 4 0 35632 5
0
291 4 0 35632 5
0
292 4 0 35632 5
0
293 4 0 35632 5
0
294 4 0 35632 5
0
295 4 0 35632 5
0
296 4 0 35632 5
0
297 4 0 35632 5
0
298 4 0 35632 5
0
299 4 0 35632 5
0
300 4 0 35632 5
0
301 4 0 35632 5
0
302 4 0 35632 5
0
303 4 0 35632 5
0
304 4 0 35632 5
0
305 4 0 35632 5
0
306 4 0 35632 5
0
307 4 0 35632 5
0
308 4 0 35632 5
0
309 4 0 35632 5
0
310 4 0 35632 5
0
311 4 0 35632 5
0
312 4 0 35632 5
0
313 4 0 35632 5
0
314 4 0 35632 5
0
315 4 0 35632 5
0
316 4 0 35632 5
0
317 4 0 35632 5
0
318 4 0 35632 5
0
319 4 0 35632 5
0
320 4 0 35632 5
0
321 4 0 35632 5
0
322 4 0 35632 5
0
323 4 0 35632 5
0
324 4 0 35632 5
0
325 4 0 35632 5
0
326 4 0 35632 5
0
327 4 0 35632 5
0
328 4 0 35632 5
0
329 4 0 35632 5
0
330 4 0 35632 5
0
331 4 0 35632 5
0
332 4 0 35632 5
0
333 4 0 35632 5
0
334 4 0 35632 5
0
335 4 0 35632 5
0
336 4 0 35632 5
0
337 4 0 35632 5
0
338 4 0 35632 5
0
339 4 0 35632 5
0
340 4 0 35632 5
0
341 4 0 35632 5
0
342 4 0 35632 5
0
343 4 0 35632 5
0
344 4 0 35632 5
0
345 4 0 35632 5
0
346 4 0 35632 5
0
347 4 0 35632 5
0
348 4 0 35632 5
0
349 4 0 35632 5
0
350 4 0 35632 5
0
351 4 0 35632 5
0
352 4 0 35632 5
0
353 4 0 35632 5
0
354 4 0 35632 5
0
355 4 0 35632 5
0
356 4 0 35632 5
0
357 4 0 35632 5
0
358 4 0 35632 5
0
359 4 0 35632 5
0
360 4 0 35632 5
0
361 4 0 35632 5
0
362 4 0 35632 5
0
363 4 0 35632 5
0
364 4 0 35632 5
0
365 4 0 35632 5
0
366 4 0 35632 5
0
367 4 0 35632 5
0
368 4 0 35632 5
0
369 4 0 35632 5
0
370 4 0 35632 5
0
371 4 0 35632 5
0
625
4 4 -1
1, 2132, 804, 3395, 1574, 1, 1017, 2034, 3050
20 4 -1
1, 2517, 1085, 3607, 329, 1, 923, 1847, 2769
36 4 -1
1, 2788, 562, 1251, 1754, 1, 1365, 2730, 4094
52 4 -1
1, 2986, 194, 2734, 876, 1, 467, 935, 1401
68 4 -1
1, 3355, 577, 9999, 732, 1, 3400, 6800, 10199
84 4 -1
102, 3092, 2177, 2920, 507, 203, 1123, 2045, 2965
100 4 -1
494, 2175, 807, 3741, 2375, 988, 2554, 4122, 5688
116 4 -1
862, 2357, 1050, 3575, 541, 1723, 2586, 3450, 4313
132 4 -1
1228, 2274, 745, 553, 8488, 2456, 7187, 11920, 16651
148 4 -1
1560, 3050, 1237, 3150, 1126, 3119, 3224, 3330, 3435
164 4 -1
1834, 3163, 1087, 1907, 1227, 3667, 4364, 5063, 5760
180 4 -1
2086, 3523, 1837, 1634, 1425, 4171, 5321, 6472, 7622
196 4 -1
2247, 2430, 1282, 3422, 1275, 4494, 4993, 5493, 5992
212 4 -1
2478, 2736, 1026, 2300, 848, 4955, 5261, 5569, 5875
228 4 -1
2618, 2245, 2282, 2076, 1483, 5235, 5718, 6203, 6686
244 4 -1
2846, 3353, 898, 2642, 1282, 5692, 6239, 6787, 7334
260 4 -1
3017, 3059, 464, 2820, 1950, 6033, 6895, 7758, 8620
276 4 -1
3267, 3194, 975, 3386, 1079, 6533, 6680, 6829, 6976
292 4 -1
3407, 3315, 522, 3532, 708, 6814, 7015, 7217, 7418
308 4 -1
3556, 3708, 1152, 2747, 902, 7111, 7716, 8322, 8927
324 4 -1
3652, 3296, 930, 9999, 3003, 7304, 11691, 16080, 20467
340 4 -1
3883, 2885, 578, 3740, 1335, 7765, 8570, 9377, 10182
356 4 -1
4040, 2954, 1038, 9999, 8584, 8080, 15375, 22671, 29966
372 4 -1
4159, 2360, 492, 2204, 892, 8318, 8595, 8874, 9151
388 4 -1
4328, 2726, 1397, 2741, 924, 8655, 8898, 9143, 9386
404 4 -1
4501, 2620, 1490, 3018, 1898, 9002, 9404, 9808, 10210
420 4 -1
4667, 2770, 549, 46, 2422, 9334, 11632, 13931, 16229
436 4 -1
4806, 2490, 1165, 2970, 867, 9612, 10000, 10390, 10778
452 4 -1
4883, 3485, 1509, 2959, 1452, 9766, 10057, 10349, 10640
468 4 -1
4964, 3628, 1101, 2949, 1238, 9927, 10334, 10743, 11150
484 4 -1
5162, 2931, 224, 2871, 721, 10323, 10601, 10880, 11158
500 4 -1
5261, 3710, 2000, 2749, 616, 10521, 11693, 12866, 14038
516 4 -1
5354, 2708, 1759, 738, 495, 10707, 12323, 13941, 15557
532 4 -1
5483, 2385, 860, 3613, 1187, 10965, 11742, 12520, 13297
548 4 -1
5566, 1480, 879, 3065, 1584, 11131, 12275, 13421, 14565
564 4 -1
5695, 2979, 1032, 2254, 1597, 11389, 12033, 12679, 13323
580 4 -1
5842, 3399, 851, 2610, 1316, 11684, 12310, 12938, 13564
596 4 -1
5928, 2614, 997, 215, 157, 11856, 13475, 15095, 16714
612 4 -1
6048, 2571, 1034, 3160, 305, 12096, 12754, 13414, 14072
628 4 -1
6153, 3128, 1805, 3994, 1073, 12305, 13103, 13903, 14701
644 4 -1
6245, 3165, 114, 3572, 989, 12489, 13129, 13771, 14411
660 4 -1
6298, 3223, 668, 2976, 1543, 12595, 13155, 13717, 14277
676 4 -1
6401, 3928, 1433, 3170, 731, 12802, 13531, 14262, 14991
692 4 -1
6476, 3379, 1499, 2716, 874, 12952, 13595, 14240, 14883
708 4 -1
6579, 3313, 852, 4112, 1249, 13158, 13755, 14354, 14951
724 4 -1
6654, 2836, 1219, 629, 5093, 13308, 16348, 19389, 22429
740 4 -1
6733, 2558, 1209, 2490, 437, 13466, 13885, 14306, 14725
756 4 -1
6815, 3315, 1609, 2872, 654, 13629, 14327, 15027, 15725
772 4 -1
6862, 2644, 737, 2903, 388, 13723, 14026, 14331, 14634
788 4 -1
6935, 2288, 830, 2562, 152, 13870, 14345, 14822, 15297
804 4 -1
7006, 1735, 1875, 2947, 780, 14011, 15164, 16318, 17471
820 4 -1
7094, 2001, 1517, 1805, 925, 14187, 14580, 14975, 15368
836 4 -1
7164, 2849, 1776, 3385, 1655, 14327, 14655, 14984, 15312
852 4 -1
7248, 2290, 1459, 2490, 521, 14495, 15063, 15633, 16201
868 4 -1
7359, 2675, 787, 2774, 753, 14717, 14783, 14850, 14916
884 4 -1
7417, 3514, 751, 2520, 1690, 14834, 15800, 16767, 17733
900 4 -1
7465, 3023, 2009, 2611, 687, 14930, 15796, 16664, 17530
916 4 -1
7504, 2916, 49, 9999, 624, 15007, 18835, 22665, 26493
932 4 -1
7585, 1799, 620, 2931, 1750, 15169, 16299, 17431, 18561
948 4 -1
7661, 3046, 828, 2138, 677, 15321, 15850, 16380, 16909
964 4 -1
7714, 3098, 531, 2233, 1433, 15428, 16311, 17195, 18078
980 4 -1
7778, 2395, 1314, 3110, 1454, 15556, 15983, 16411, 16838
996 4 -1
7842, 1982, 1378, 3272, 1263, 15684, 16386, 17089, 17791
1012 4 -1
7876, 2105, 870, 2884, 1749, 15751, 16579, 17409, 18237
1028 4 -1
7924, 2153, 459, 2916, 1345, 15848, 16672, 17497, 18321
1044 4 -1
7961, 3444, 609, 2656, 96, 15921, 16571, 17222, 17872
1060 4 -1
8003, 2839, 1593, 2106, 156, 16005, 17089, 18175, 19259
1076 4 -1
8048, 2181, 830, 3950, 1640, 16096, 17385, 18675, 19964
1092 4 -1
8117, 2436, 1181, 2018, 586, 16233, 16739, 17246, 17752
1108 4 -1
8170, 2967, 1585, 2643, 934, 16340, 16827, 17315, 17802
1124 4 -1
8223, 3082, 812, 3241, 1727, 16446, 16982, 17520, 18056
1140 4 -1
8279, 3328, 993, 2918, 1217, 16558, 16874, 17192, 17508
1156 4 -1
8317, 2165, 1474, 1928, 994, 16633, 16991, 17350, 17708
1172 4 -1
8351, 2577, 425, 3300, 1123, 16701, 17411, 18122, 18832
1188 4 -1
8377, 2217, 872, 2502, 1147, 16753, 17032, 17313, 17592
1204 4 -1
8423, 3471, 206, 2633, 771, 16846, 17547, 18249, 18950
1220 4 -1
8469, 2392, 1218, 2717, 1226, 16937, 17103, 17270, 17436
1236 4 -1
8516, 2133, 1707, 3060, 1605, 17031, 17545, 18060, 18574
1252 4 -1
8548, 3510, 1460, 2756, 1315, 17096, 17545, 17995, 18444
1268 4 -1
8599, 2337, 791, 2662, 1318, 17197, 17622, 18049, 18474
1284 4 -1
8676, 3028, 596, 2386, 867, 17352, 17808, 18265, 18721
1300 4 -1
8720, 3162, 1675, 9999, 2, 17440, 21694, 25950, 30204
1316 4 -1
8765, 2623, 702, 9999, 9310, 17530, 25521, 33514, 41505
1332 4 -1
8821, 2212, 735, 3348, 1429, 17641, 18555, 19471, 20385
1348 4 -1
8869, 2829, 811, 2722, 1389, 17737, 18079, 18422, 18764
1364 4 -1
8908, 3322, 1247, 2436, 1526, 17816, 18398, 18981, 19563
1380 4 -1
8949, 2568, 978, 2484, 641, 17897, 18107, 18318, 18528
1396 4 -1
8983, 3521, 911, 3164, 910, 17965, 18143, 18323, 18501
1412 4 -1
9015, 2156, 1392, 3421, 1477, 18029, 18703, 19379, 20053
1428 4 -1
9072, 3168, 2148, 2569, 363, 18143, 19334, 20527, 21718
1444 4 -1
9102, 3976, 1372, 2739, 943, 18203, 19035, 19869, 20701
1460 4 -1
9133, 1898, 1969, 3211, 1352, 18266, 19230, 20196, 21160
1476 4 -1
9182, 2341, 833, 2497, 1893, 18363, 18970, 19579, 20186
1492 4 -1
9213, 3664, 817, 9999, 6238, 18426, 24303, 30182, 36059
1508 4 -1
9269, 2232, 458, 2145, 999, 18537, 18850, 19165, 19478
1524 4 -1
9314, 3273, 757, 2229, 1790, 18628, 19666, 20705, 21743
1540 4 -1
9360, 2912, 997, 2547, 1070, 18719, 18937, 19157, 19375
1556 4 -1
9409, 3200, 1164, 2360, 833, 18817, 19402, 19988, 20573
1572 4 -1
9442, 2361, 1316, 2276, 632, 18884, 19268, 19653, 20037
1588 4 -1
9495, 2356, 577, 2822, 1292, 18990, 19580, 20171, 20761
1604 4 -1
9536, 2463, 1117, 3151, 20, 19071, 19963, 20856, 21748
1620 4 -1
9580, 3093, 810, 2633, 936, 19159, 19451, 19745, 20037
1636 4 -1
9634, 3149, 1110, 2985, 1331, 19267, 19459, 19652, 19844
1652 4 -1
9686, 2734, 1065, 2008, 299, 19371, 20116, 20863, 21608
1668 4 -1
9748, 3174, 1797, 3982, 1611, 19496, 19992, 20490, 20986
1684 4 -1
9781, 2938, 1006, 2888, 1515, 19561, 19840, 20120, 20399
1700 4 -1
9821, 2288, 2128, 3320, 882, 19642, 20780, 21920, 23058
1716 4 -1
9865, 2405, 347, 2511, 808, 19729, 20012, 20296, 20579
1732 4 -1
9903, 2445, 768, 2449, 1072, 19805, 19958, 20113, 20266
1748 4 -1
9936, 2682, 1312, 2301, 1466, 19872, 20139, 20407, 20674
1764 4 -1
9990, 3036, 1207, 3327, 808, 19980, 20324, 20670, 21014
1780 4 -1
10038, 2104, 1317, 7, 7540, 20076, 24235, 28396, 32555
1796 4 -1
10075, 2102, 1796, 1900, 569, 20149, 20863, 21578, 22292
1812 4 -1
10124, 2807, 1611, 3391, 1568, 20248, 20561, 20875, 21188
1828 4 -1
10154, 2230, 83, 3226, 960, 20307, 21243, 22180, 23116
1844 4 -1
10199, 2639, 1085, 3387, 1350, 20397, 20903, 21410, 21916
1860 4 -1
10228, 2424, 563, 3003, 1870, 20455, 21397, 22341, 23283
1876 4 -1
10267, 3264, 1526, 3299, 674, 20533, 20976, 21420, 21863
1892 4 -1
10311, 2988, 1127, 2320, 895, 20622, 21071, 21522, 21971
1908 4 -1
10353, 3224, 263, 2250, 967, 20705, 21543, 22383, 23221
1924 4 -1
10393, 3142, 916, 2657, 288, 20785, 21341, 21898, 22454
1940 4 -1
10432, 3171, 1944, 2685, 1772, 20864, 21192, 21522, 21850
1956 4 -1
10467, 2267, 823, 2830, 1125, 20933, 21365, 21798, 22230
1972 4 -1
10501, 2173, 655, 2004, 1250, 21001, 21382, 21765, 22146
1988 4 -1
10536, 3002, 216, 2701, 1321, 21072, 21774, 22478, 23180
2004 4 -1
10567, 3794, 1087, 3035, 1580, 21134, 21759, 22386, 23011
2020 4 -1
10588, 3738, 1719, 3415, 867, 21176, 21763, 22351, 22938
2036 4 -1
10621, 3673, 1391, 3440, 1356, 21242, 21375, 21510, 21643
2052 4 -1
10644, 3177, 618, 2734, 900, 21288, 21650, 22013, 22375
2068 4 -1
10673, 2611, 1757, 2339, 1439, 21346, 21640, 21936, 22230
2084 4 -1
10688, 1870, 551, 2703, 883, 21376, 21958, 22541, 23123
2100 4 -1
10725, 3237, 684, 2163, 1923, 21450, 22606, 23763, 24919
2116 4 -1
10756, 2355, 787, 1805, 1425, 21511, 22104, 22699, 23292
2132 4 -1
10786, 3135, 1419, 3047, 149, 21572, 22250, 22930, 23608
2148 4 -1
10825, 2711, 765, 3331, 788, 21650, 21971, 22293, 22614
2164 4 -1
10859, 3439, 821, 3402, 316, 21717, 21987, 22259, 22529
2180 4 -1
10904, 2474, 1114, 2563, 1416, 21808, 22003, 22199, 22394
2196 4 -1
10940, 2733, 578, 2051, 1254, 21880, 22558, 23238, 23916
2212 4 -1
10978, 2623, 1463, 2974, 965, 21955, 22379, 22804, 23228
2228 4 -1
11013, 2286, 1568, 2477, 919, 22026, 22445, 22866, 23285
2244 4 -1
11042, 2975, 1318, 2928, 936, 22084, 22298, 22513, 22727
2260 4 -1
11085, 2292, 981, 3028, 1190, 22170, 22642, 23115, 23587
2276 4 -1
11116, 2515, 1708, 2684, 1263, 22231, 22537, 22845, 23151
2292 4 -1
11144, 3443, 312, 3047, 979, 22287, 22818, 23350, 23881
2308 4 -1
11169, 2514, 2012, 3372, 514, 22338, 23515, 24694, 25871
2324 4 -1
11204, 2844, 983, 3000, 530, 22407, 22711, 23016, 23320
2340 4 -1
11238, 2000, 132, 2771, 1963, 22476, 23776, 25078, 26378
2356 4 -1
11265, 3045, 709, 2409, 1406, 22530, 23196, 23863, 24529
2372 4 -1
11305, 2323, 874, 2825, 1671, 22610, 23259, 23909, 24558
2388 4 -1
11342, 2004, 1422, 3050, 1899, 22683, 23444, 24206, 24967
2404 4 -1
11370, 2822, 1573, 3141, 1250, 22739, 23059, 23381, 23701
2420 4 -1
11402, 2595, 1232, 2989, 821, 22804, 23206, 23609, 24011
2436 4 -1
11436, 3121, 49, 2649, 444, 22871, 23304, 23738, 24171
2452 4 -1
11462, 3380, 1188, 2483, 2033, 22923, 23793, 24665, 25535
2468 4 -1
11498, 2693, 512, 3580, 1323, 22995, 23843, 24693, 25541
2484 4 -1
11532, 3351, 863, 2972, 1197, 23063, 23419, 23776, 24132
2500 4 -1
11559, 3528, 719, 3111, 1022, 23118, 23477, 23838, 24197
2516 4 -1
11596, 2846, 1016, 2453, 1323, 23192, 23541, 23892, 24241
2532 4 -1
11622, 3126, 1012, 2672, 830, 23243, 23560, 23879, 24196
2548 4 -1
11645, 2946, 1169, 2480, 656, 23290, 23779, 24269, 24758
2564 4 -1
11676, 2506, 289, 2926, 1105, 23352, 23969, 24588, 25205
2580 4 -1
11712, 1599, 794, 2245, 878, 23423, 23787, 24153, 24517
2596 4 -1
11747, 2815, 743, 3110, 631, 23494, 23697, 23901, 24104
2612 4 -1
11776, 3386, 1373, 2627, 1678, 23552, 24083, 24616, 25147
2628 4 -1
11814, 2796, 1176, 2804, 626, 23628, 23906, 24186, 24464
2644 4 -1
11836, 2682, 968, 2077, 564, 23672, 24176, 24681, 25185
2660 4 -1
11877, 2484, 479, 3106, 584, 23754, 24117, 24481, 24844
2676 4 -1
11905, 3042, 1176, 2663, 1219, 23809, 24019, 24231, 24441
2692 4 -1
11940, 3808, 1378, 3410, 398, 23879, 24567, 25257, 25945
2708 4 -1
11968, 2873, 1520, 2802, 2030, 23935, 24225, 24516, 24806
2724 4 -1
11991, 2020, 737, 3029, 1280, 23981, 24756, 25533, 26308
2740 4 -1
12033, 3298, 4, 2530, 1654, 24065, 25273, 26483, 27691
2756 4 -1
12065, 3273, 1373, 2670, 587, 24130, 24824, 25519, 26213
2772 4 -1
12090, 2024, 1131, 2395, 1622, 24179, 24609, 25041, 25471
2788 4 -1
12129, 3324, 1045, 2862, 1408, 24257, 24669, 25082, 25494
2804 4 -1
12150, 2126, 667, 3797, 1671, 24299, 25636, 26974, 28311
2820 4 -1
12182, 3514, 905, 2638, 1958, 24363, 25327, 26292, 27256
2836 4 -1
12208, 3720, 1597, 3334, 1489, 24415, 24661, 24909, 25155
2852 4 -1
12236, 2723, 431, 1600, 150, 24471, 25172, 25875, 26576
2868 4 -1
12262, 2994, 489, 2604, 1589, 24523, 25267, 26013, 26757
2884 4 -1
12289, 3076, 1360, 3545, 975, 24577, 25003, 25431, 25857
2900 4 -1
12321, 3449, 1340, 1836, 559, 24642, 25838, 27036, 28232
2916 4 -1
12345, 2938, 926, 2843, 951, 24690, 24749, 24810, 24869
2932 4 -1
12372, 3331, 694, 2444, 997, 24743, 25337, 25933, 26527
2948 4 -1
12395, 3077, 774, 2315, 1780, 24790, 25673, 26558, 27441
2964 4 -1
12418, 2430, 1848, 3232, 997, 24836, 25662, 26489, 27315
2980 4 -1
12451, 3304, 1329, 2726, 1142, 24901, 25283, 25666, 26048
2996 4 -1
12481, 2343, 1304, 2113, 904, 24962, 25276, 25592, 25906
3012 4 -1
12504, 3576, 549, 3101, 816, 25008, 25378, 25750, 26120
3028 4 -1
12528, 2638, 318, 3199, 1361, 25056, 25857, 26660, 27461
3044 4 -1
12550, 2825, 757, 2003, 1688, 25100, 25976, 26853, 27729
3060 4 -1
12577, 2463, 2204, 2600, 388, 25153, 26129, 27106, 28082
3076 4 -1
12597, 2830, 1074, 3640, 1301, 25194, 25712, 26231, 26749
3092 4 -1
12621, 2586, 1225, 2897, 1375, 25242, 25472, 25703, 25933
3108 4 -1
12663, 2392, 1037, 9999, 9897, 25325, 33558, 41792, 50025
3124 4 -1
12688, 2372, 1231, 2635, 1216, 25376, 25514, 25654, 25792
3140 4 -1
12726, 2793, 1873, 2413, 932, 25452, 26112, 26773, 27433
3156 4 -1
12746, 2943, 1223, 3091, 739, 25492, 25807, 26124, 26439
3172 4 -1
12769, 2196, 1891, 2783, 244, 25538, 26654, 27772, 28888
3188 4 -1
12789, 3251, 1240, 2844, 830, 25577, 25985, 26394, 26802
3204 4 -1
12817, 2230, 771, 3096, 91, 25633, 26405, 27179, 27951
3220 4 -1
12829, 2937, 1471, 2985, 669, 25657, 26081, 26507, 26931
3236 4 -1
12857, 1685, 371, 2382, 1336, 25714, 26544, 27376, 28206
3252 4 -1
12878, 3448, 2301, 3346, 703, 25755, 26604, 27455, 28304
3268 4 -1
12900, 2741, 898, 2867, 1007, 25800, 25917, 26035, 26152
3284 4 -1
12921, 3174, 263, 2392, 1667, 25841, 26933, 28027, 29119
3300 4 -1
12947, 3113, 294, 2864, 1597, 25894, 26669, 27446, 28221
3316 4 -1
12966, 2257, 1362, 9999, 5861, 25931, 32051, 38172, 44292
3332 4 -1
13003, 3411, 1863, 2938, 1281, 26006, 26533, 27061, 27588
3348 4 -1
13022, 2863, 428, 2527, 1371, 26044, 26683, 27323, 27962
3364 4 -1
13050, 2974, 1426, 2312, 579, 26100, 26854, 27609, 28363
3380 4 -1
13069, 3417, 1011, 4419, 840, 26138, 26724, 27311, 27897
3396 4 -1
13097, 3975, 1476, 2967, 866, 26193, 27001, 27811, 28619
3412 4 -1
13122, 2860, 1362, 2198, 1390, 26244, 26588, 26934, 27278
3428 4 -1
13149, 2973, 545, 4119, 706, 26298, 26951, 27605, 28258
3444 4 -1
13172, 2959, 1312, 2670, 1568, 26343, 26615, 26888, 27160
3460 4 -1
13191, 2438, 1620, 2852, 1285, 26381, 26755, 27130, 27504
3476 4 -1
13218, 3569, 1805, 3223, 293, 26435, 27363, 28293, 29221
3492 4 -1
13263, 2403, 1357, 2256, 1693, 26526, 26767, 27009, 27250
3508 4 -1
13300, 3765, 773, 3360, 801, 26599, 26815, 27032, 27248
3524 4 -1
13331, 3917, 1875, 3079, 954, 26662, 27541, 28421, 29300
3540 4 -1
13359, 2767, 338, 2259, 267, 26718, 27007, 27297, 27586
3556 4 -1
13380, 3619, 1572, 2689, 1220, 26759, 27399, 28041, 28681
3572 4 -1
13402, 2867, 1236, 3192, 2374, 26804, 27535, 28267, 28998
3588 4 -1
13429, 2588, 852, 2650, 1118, 26858, 27021, 27186, 27349
3604 4 -1
13452, 2289, 1886, 2973, 1955, 26904, 27280, 27657, 28033
3620 4 -1
13486, 2679, 1101, 2847, 1744, 26972, 27377, 27783, 28188
3636 4 -1
13502, 2728, 1969, 3013, 1898, 27003, 27180, 27359, 27536
3652 4 -1
13527, 2566, 1289, 1880, 857, 27053, 27611, 28171, 28729
3668 4 -1
13546, 3076, 852, 2379, 1490, 27092, 27759, 28427, 29094
3684 4 -1
13581, 3060, 883, 2553, 1301, 27162, 27624, 28087, 28549
3700 4 -1
13609, 2359, 1304, 2038, 997, 27217, 27530, 27845, 28158
3716 4 -1
13628, 3116, 852, 2906, 643, 27255, 27464, 27674, 27883
3732 4 -1
13659, 2417, 1575, 3726, 455, 27317, 28531, 29746, 30960
3748 4 -1
13682, 3281, 223, 3508, 1376, 27363, 28052, 28743, 29432
3764 4 -1
13712, 2534, 709, 3059, 2325, 27423, 28493, 29564, 30634
3780 4 -1
13736, 3012, 1258, 2064, 633, 27471, 28257, 29044, 29830
3796 4 -1
13770, 2859, 1206, 2187, 1213, 27539, 27878, 28218, 28557
3812 4 -1
13802, 2717, 295, 3434, 1707, 27603, 28667, 29732, 30796
3828 4 -1
13831, 3627, 801, 9999, 18, 27661, 31238, 34816, 38393
3844 4 -1
13863, 3278, 1059, 1962, 1268, 27726, 28488, 29251, 30013
3860 4 -1
13885, 2522, 1303, 1817, 967, 27770, 28290, 28811, 29331
3876 4 -1
13920, 3222, 1276, 2503, 1316, 27839, 28218, 28598, 28977
3892 4 -1
13936, 2176, 1020, 2554, 567, 27872, 28287, 28703, 29118
3908 4 -1
13958, 3123, 655, 1886, 1419, 27915, 28915, 29916, 30916
3924 4 -1
13996, 1974, 785, 9999, 540, 27992, 32126, 36262, 40396
3940 4 -1
14020, 2805, 1274, 1544, 848, 28040, 28883, 29727, 30570
3956 4 -1
14061, 4591, 643, 2716, 1754, 28122, 29614, 31108, 32600
3972 4 -1
14092, 3256, 492, 2761, 1655, 28184, 29012, 29842, 30670
3988 4 -1
14125, 3179, 1468, 3064, 1013, 28250, 28534, 28820, 29104
4004 4 -1
14154, 3149, 1443, 2614, 712, 28307, 28939, 29573, 30205
4020 4 -1
14179, 3314, 483, 2689, 1351, 28357, 29103, 29850, 30596
4036 4 -1
14209, 2575, 339, 2741, 465, 28418, 28563, 28710, 28855
4052 4 -1
14229, 2960, 1044, 3592, 863, 28457, 28863, 29270, 29676
4068 4 -1
14255, 3418, 1737, 2672, 814, 28510, 29344, 30179, 31013
4084 4 -1
14276, 3175, 851, 2587, 922, 28551, 28880, 29210, 29539
4100 4 -1
14299, 2239, 876, 2886, 1248, 28597, 29106, 29616, 30125
4116 4 -1
14317, 2893, 982, 2977, 977, 28633, 28677, 28722, 28766
4132 4 -1
14340, 3279, 1824, 3413, 682, 28680, 29317, 29956, 30593
4148 4 -1
14359, 1977, 1710, 3130, 1302, 28717, 29497, 30278, 31058
4164 4 -1
14369, 2979, 722, 2836, 1476, 28738, 29186, 29635, 30083
4180 4 -1
14397, 2511, 557, 3084, 954, 28793, 29277, 29763, 30247
4196 4 -1
14417, 2606, 1177, 2957, 1197, 28833, 29018, 29204, 29389
4212 4 -1
14440, 2661, 1896, 2209, 851, 28880, 29628, 30377, 31125
4228 4 -1
14456, 3218, 298, 3445, 21, 28912, 29163, 29416, 29667
4244 4 -1
14475, 2897, 1617, 3015, 2073, 28949, 29235, 29523, 29809
4260 4 -1
14502, 3168, 1593, 2458, 1085, 29004, 29612, 30222, 30830
4276 4 -1
14520, 3788, 1196, 2773, 1086, 29039, 29601, 30164, 30726
4292 4 -1
14536, 3307, 658, 3193, 845, 29071, 29221, 29372, 29522
4308 4 -1
14570, 3022, 1316, 3453, 496, 29140, 29765, 30391, 31016
4324 4 -1
14597, 3384, 1552, 2834, 888, 29194, 29800, 30408, 31014
4340 4 -1
14618, 3372, 1123, 2684, 466, 29235, 29907, 30580, 31252
4356 4 -1
14645, 2614, 1669, 3064, 1280, 29290, 29709, 30129, 30548
4372 4 -1
14666, 2304, 1277, 9999, 8906, 29332, 36993, 44656, 52317
4388 4 -1
14683, 3331, 1376, 2978, 745, 29366, 29857, 30350, 30841
4404 4 -1
14705, 2474, 1598, 3099, 1467, 29409, 29786, 30165, 30542
4420 4 -1
14730, 2495, 1368, 9999, 1056, 29460, 33367, 37276, 41183
4436 4 -1
14753, 2943, 949, 1963, 616, 29506, 30162, 30819, 31475
4452 4 -1
14782, 2800, 307, 3161, 1481, 29563, 30330, 31098, 31865
4468 4 -1
14801, 3187, 859, 2322, 1799, 29601, 30503, 31406, 32308
4484 4 -1
14828, 2393, 1705, 1889, 970, 29655, 30274, 30894, 31513
4500 4 -1
14855, 3058, 686, 2804, 583, 29709, 29887, 30066, 30244
4516 4 -1
14892, 2710, 680, 2846, 1206, 29783, 30113, 30445, 30775
4532 4 -1
14914, 2766, 791, 3410, 482, 29828, 30304, 30781, 31257
4548 4 -1
14939, 3075, 747, 2632, 1605, 29877, 30527, 31178, 31828
4564 4 -1
14964, 3324, 1331, 3546, 663, 29928, 30372, 30818, 31262
4580 4 -1
14989, 3047, 1170, 2911, 711, 29977, 30274, 30572, 30869
4596 4 -1
15004, 2265, 615, 3456, 824, 30008, 30707, 31408, 32107
4612 4 -1
15031, 2337, 1383, 3332, 1057, 30062, 30722, 31383, 32043
4628 4 -1
15046, 3581, 944, 3435, 751, 30091, 30260, 30430, 30599
4644 4 -1
15072, 2724, 889, 3023, 1237, 30144, 30467, 30791, 31114
4660 4 -1
15092, 3036, 660, 3676, 1189, 30184, 30768, 31353, 31937
4676 4 -1
15117, 2863, 798, 3077, 897, 30233, 30389, 30546, 30702
4692 4 -1
15134, 2865, 644, 2703, 282, 30267, 30528, 30791, 31052
4708 4 -1
15161, 2281, 1510, 3139, 1235, 30321, 30887, 31454, 32020
4724 4 -1
15186, 2815, 839, 3209, 1132, 30372, 30715, 31059, 31402
4740 4 -1
15205, 3415, 333, 2321, 371, 30409, 30974, 31541, 32106
4756 4 -1
15228, 2228, 627, 2736, 1526, 30455, 31158, 31862, 32565
4772 4 -1
15252, 2940, 1657, 1605, 1021, 30504, 31489, 32475, 33460
4788 4 -1
15270, 2938, 1047, 3310, 624, 30539, 30936, 31334, 31731
4804 4 -1
15285, 2535, 401, 2714, 1215, 30570, 31066, 31563, 32059
4820 4 -1
15306, 2897, 1428, 2688, 514, 30612, 31173, 31735, 32296
4836 4 -1
15327, 3045, 2190, 3247, 2048, 30653, 30824, 30997, 31168
4852 4 -1
15352, 2559, 391, 2767, 431, 30703, 30826, 30951, 31074
4868 4 -1
15370, 3519, 1424, 2574, 1230, 30740, 31309, 31879, 32448
4884 4 -1
15396, 3054, 1043, 2415, 460, 30792, 31402, 32014, 32624
4900 4 -1
15412, 2254, 1093, 2943, 530, 30824, 31449, 32076, 32701
4916 4 -1
15427, 2700, 413, 2564, 1285, 30853, 31356, 31861, 32364
4932 4 -1
15446, 2988, 1565, 2886, 736, 30891, 31356, 31822, 32287
4948 4 -1
15483, 2462, 1104, 3354, 883, 30966, 31522, 32079, 32635
4964 4 -1
15509, 3163, 1271, 2442, 1164, 31017, 31430, 31845, 32258
4980 4 -1
15538, 2075, 607, 3359, 1298, 31075, 32062, 33050, 34037
4996 4 -1
15561, 2689, 419, 2763, 511, 31121, 31203, 31287, 31369
5012 4 -1
15581, 2763, 1035, 3431, 145, 31161, 31939, 32719, 33497
5028 4 -1
15598, 2465, 418, 2275, 1825, 31196, 31994, 32793, 33591
5044 4 -1
15616, 3189, 765, 3077, 1057, 31231, 31432, 31635, 31836
5060 4 -1
15651, 3003, 1000, 2948, 414, 31302, 31622, 31943, 32263
5076 4 -1
15679, 3130, 1455, 2904, 1616, 31357, 31550, 31744, 31937
5092 4 -1
15693, 2653, 1112, 2555, 426, 31386, 31777, 32170, 32561
5108 4 -1
15714, 2413, 1238, 3030, 1360, 31428, 31797, 32167, 32536
5124 4 -1
15740, 2603, 1388, 2198, 1579, 31479, 31776, 32075, 32372
5140 4 -1
15759, 3279, 1114, 2789, 1569, 31518, 31990, 32463, 32935
5156 4 -1
15777, 2587, 1289, 3124, 1546, 31553, 31949, 32347, 32743
5172 4 -1
15796, 2396, 696, 3131, 442, 31592, 32086, 32581, 33075
5188 4 -1
15814, 2637, 1336, 3305, 1126, 31628, 32066, 32506, 32944
5204 4 -1
15848, 2886, 974, 2913, 1092, 31695, 31767, 31840, 31912
5220 4 -1
15864, 2354, 1303, 3218, 1452, 31727, 32233, 32740, 33246
5236 4 -1
15893, 2731, 1034, 2838, 802, 31786, 31955, 32125, 32294
5252 4 -1
15920, 3169, 1164, 3033, 861, 31840, 32059, 32279, 32498
5268 4 -1
15940, 2800, 1594, 2087, 932, 31879, 32566, 33254, 33941
5284 4 -1
15962, 2655, 1353, 2734, 1152, 31924, 32063, 32204, 32343
5300 4 -1
15982, 2808, 1293, 3012, 930, 31964, 32247, 32531, 32814
5316 4 -1
16005, 2792, 676, 3323, 1526, 32009, 32699, 33390, 34080
5332 4 -1
16031, 3770, 958, 3113, 796, 32061, 32470, 32880, 33289
5348 4 -1
16054, 2326, 2237, 3217, 823, 32107, 33259, 34412, 35564
5364 4 -1
16076, 3054, 1572, 1995, 1410, 32152, 32762, 33373, 33983
5380 4 -1
16096, 2686, 648, 2861, 711, 32192, 32310, 32430, 32548
5396 4 -1
16119, 3264, 397, 3327, 2031, 32237, 33085, 33934, 34782
5412 4 -1
16140, 3215, 829, 3365, 118, 32280, 32710, 33141, 33571
5428 4 -1
16165, 2320, 1211, 1389, 1129, 32330, 32836, 33343, 33849
5444 4 -1
16188, 2880, 885, 3078, 1196, 32376, 32630, 32885, 33139
5460 4 -1
16219, 2423, 1815, 2977, 391, 32438, 33426, 34416, 35404
5476 4 -1
16241, 1536, 760, 4059, 2629, 32481, 34676, 36873, 39068
5492 4 -1
16262, 2673, 1237, 2648, 985, 32523, 32661, 32800, 32938
5508 4 -1
16288, 2635, 1237, 9999, 7415, 32576, 39346, 46118, 52888
5524 4 -1
16305, 3242, 1230, 3042, 975, 32610, 32837, 33065, 33292
5540 4 -1
16326, 3666, 384, 2766, 1402, 32652, 33610, 34570, 35528
5556 4 -1
16352, 2350, 1049, 3093, 1690, 32703, 33394, 34087, 34778
5572 4 -1
16371, 2851, 1164, 3316, 736, 32741, 33187, 33634, 34080
5588 4 -1
16390, 2900, 1439, 2750, 243, 32779, 33451, 34125, 34797
5604 4 -1
16403, 1579, 1260, 221, 285, 32806, 33972, 35139, 36305
5620 4 -1
16414, 3185, 1578, 2818, 1651, 32828, 33047, 33268, 33487
5636 4 -1
16432, 2894, 579, 9999, 611, 32864, 36432, 40001, 43569
5652 4 -1
16464, 2369, 575, 2894, 1354, 32927, 33578, 34231, 34882
5668 4 -1
16491, 2903, 1140, 3297, 1061, 32981, 33217, 33454, 33690
5684 4 -1
16517, 3247, 587, 2722, 250, 33034, 33464, 33896, 34326
5700 4 -1
16543, 2840, 1081, 3524, 1161, 33085, 33466, 33849, 34230
5716 4 -1
16562, 2378, 1134, 2640, 2022, 33123, 33697, 34273, 34847
5732 4 -1
16573, 2770, 1160, 2783, 1780, 33145, 33461, 33778, 34094
5748 4 -1
16598, 2318, 1441, 2488, 459, 33196, 33771, 34348, 34923
5764 4 -1
16618, 2474, 1344, 2461, 621, 33235, 33602, 33971, 34338
5780 4 -1
16636, 2986, 1130, 2313, 40, 33272, 34153, 35035, 35916
5796 4 -1
16655, 2189, 1052, 2735, 1927, 33309, 34019, 34730, 35440
5812 4 -1
16674, 3165, 1599, 2388, 715, 33347, 34177, 35008, 35838
5828 4 -1
16689, 2827, 1830, 2283, 706, 33378, 34211, 35046, 35879
5844 4 -1
16715, 2409, 1494, 2954, 2000, 33429, 33954, 34480, 35005
5860 4 -1
16738, 3377, 527, 2594, 634, 33476, 33920, 34366, 34810
5876 4 -1
16762, 2209, 858, 3248, 1446, 33523, 34336, 35150, 35963
5892 4 -1
16778, 1953, 709, 2839, 1279, 33556, 34283, 35012, 35739
5908 4 -1
16801, 2795, 1216, 3442, 774, 33602, 34146, 34691, 35235
5924 4 -1
16814, 1831, 1449, 2791, 1478, 33628, 34122, 34617, 35111
5940 4 -1
16832, 3016, 1228, 3410, 544, 33664, 34202, 34742, 35280
5956 4 -1
16853, 2538, 1157, 1862, 503, 33705, 34369, 35035, 35699
5972 4 -1
16886, 3124, 1572, 2991, 986, 33772, 34131, 34491, 34850
5988 4 -1
16902, 2510, 727, 3005, 799, 33803, 34086, 34370, 34653
6004 4 -1
16928, 3048, 575, 3133, 147, 33856, 34112, 34369, 34625
6020 4 -1
16952, 4173, 705, 2956, 845, 33904, 34582, 35261, 35939
6036 4 -1
16974, 2369, 200, 3712, 26, 33948, 34706, 35465, 36223
6052 4 -1
16994, 3416, 1025, 2537, 1421, 33987, 34624, 35262, 35899
6068 4 -1
17008, 3196, 267, 3242, 2053, 34016, 34931, 35848, 36763
6084 4 -1
17024, 4125, 1422, 2598, 1960, 34047, 35079, 36112, 37144
6100 4 -1
17045, 3474, 783, 2645, 812, 34090, 34518, 34948, 35376
6116 4 -1
17069, 2609, 969, 2926, 1012, 34137, 34316, 34497, 34676
6132 4 -1
17096, 2653, 787, 2720, 1053, 34192, 34358, 34525, 34691
6148 4 -1
17114, 3262, 1673, 1746, 758, 34227, 35442, 36658, 37873
6164 4 -1
17136, 2584, 1477, 3166, 816, 34272, 34893, 35515, 36136
6180 4 -1
17153, 2840, 931, 3553, 1940, 34306, 35166, 36028, 36888
6196 4 -1
17177, 2454, 383, 2532, 962, 34353, 34681, 35010, 35338
6212 4 -1
17206, 2052, 1539, 2920, 1615, 34411, 34882, 35355, 35826
6228 4 -1
17223, 2552, 801, 2491, 1436, 34446, 34793, 35142, 35489
6244 4 -1
17258, 2236, 476, 2116, 1636, 34515, 35154, 35795, 36434
6260 4 -1
17273, 3734, 920, 2439, 1702, 34546, 35584, 36623, 37661
6276 4 -1
17290, 2873, 1063, 2403, 900, 34579, 34895, 35212, 35528
6292 4 -1
17312, 2369, 697, 1751, 978, 34623, 35072, 35522, 35971
6308 4 -1
17335, 2502, 1017, 3238, 242, 34669, 35424, 36180, 36935
6324 4 -1
17363, 2964, 880, 2849, 905, 34726, 34795, 34866, 34935
6340 4 -1
17377, 2765, 2408, 2979, 143, 34754, 35993, 37233, 38472
6356 4 -1
17393, 2789, 490, 3637, 1368, 34786, 35648, 36512, 37374
6372 4 -1
17408, 3296, 1119, 2927, 1441, 34815, 35160, 35506, 35851
6388 4 -1
17434, 2759, 102, 2400, 1300, 34868, 35646, 36425, 37203
6404 4 -1
17458, 2441, 119, 1883, 658, 34916, 35464, 36013, 36561
6420 4 -1
17475, 2950, 1529, 2856, 817, 34950, 35352, 35756, 36158
6436 4 -1
17496, 3375, 1111, 3080, 1136, 34991, 35150, 35311, 35470
6452 4 -1
17521, 2925, 1024, 2150, 849, 35042, 35516, 35992, 36466
6468 4 -1
17553, 3312, 2091, 3298, 1353, 35105, 35480, 35857, 36232
6484 4 -1
17575, 3001, 1123, 2322, 1106, 35149, 35496, 35845, 36192
6500 4 -1
17588, 3024, 342, 3110, 536, 35176, 35315, 35456, 35595
6516 4 -1
17612, 2475, 1217, 2556, 489, 35224, 35628, 36033, 36437
6532 4 -1
17633, 3473, 895, 3149, 370, 35266, 35690, 36115, 36539
6548 4 -1
17657, 2650, 1003, 3019, 1618, 35313, 35804, 36297, 36788
6564 4 -1
17681, 3337, 1647, 2428, 1695, 35362, 35840, 36319, 36797
6580 4 -1
17704, 2670, 437, 3133, 1044, 35407, 35941, 36477, 37011
6596 4 -1
17726, 2281, 926, 3225, 1616, 35451, 36267, 37085, 37901
6612 4 -1
17748, 2669, 966, 2826, 1140, 35496, 35661, 35827, 35992
6628 4 -1
17770, 2338, 601, 3497, 799, 35540, 36218, 36897, 37575
6644 4 -1
17784, 3195, 1210, 2192, 1077, 35567, 36134, 36703, 37270
6660 4 -1
17801, 3539, 1603, 2157, 728, 35601, 36729, 37858, 38986
6676 4 -1
17814, 3340, 1003, 9999, 672, 35628, 39122, 42618, 46112
6692 4 -1
17843, 2635, 1302, 3139, 1173, 35686, 36002, 36319, 36635
6708 4 -1
17862, 3017, 1581, 1920, 31, 35724, 37047, 38371, 39694
6724 4 -1
17879, 2499, 1705, 3133, 1365, 35757, 36243, 36731, 37217
6740 4 -1
17900, 2400, 1493, 2667, 1811, 35799, 36091, 36384, 36676
6756 4 -1
17925, 2422, 1526, 2922, 1602, 35849, 36136, 36425, 36712
6772 4 -1
17948, 3200, 1478, 2476, 267, 35896, 36863, 37831, 38798
6788 4 -1
17977, 2399, 828, 3060, 1117, 35954, 36428, 36904, 37378
6804 4 -1
17994, 2318, 940, 3143, 176, 35987, 36781, 37576, 38370
6820 4 -1
18028, 2281, 865, 2610, 1971, 36056, 36773, 37491, 38208
6836 4 -1
18047, 2566, 1881, 2565, 1226, 36093, 36420, 36749, 37076
6852 4 -1
18075, 2903, 1367, 2702, 828, 36149, 36518, 36889, 37258
6868 4 -1
18098, 2858, 128, 2802, 1584, 36195, 36950, 37707, 38462
6884 4 -1
18117, 2983, 1464, 2686, 1235, 36233, 36495, 36759, 37021
6900 4 -1
18134, 2539, 1498, 3138, 824, 36268, 36904, 37541, 38177
6916 4 -1
18158, 2273, 929, 3192, 639, 36315, 36919, 37524, 38128
6932 4 -1
18182, 2925, 1426, 3463, 649, 36364, 37021, 37679, 38336
6948 4 -1
18204, 1922, 886, 3058, 252, 36408, 37292, 38178, 39062
6964 4 -1
18224, 4011, 945, 1843, 823, 36448, 37592, 38738, 39882
6980 4 -1
18251, 2557, 1558, 2511, 2015, 36502, 36753, 37005, 37256
6996 4 -1
18277, 2860, 666, 4036, 818, 36554, 37217, 37882, 38545
7012 4 -1
18302, 2612, 1281, 2571, 1632, 36603, 36798, 36995, 37190
7028 4 -1
18330, 2000, 597, 2042, 412, 36659, 36772, 36886, 36999
7044 4 -1
18354, 3281, 1582, 2333, 1183, 36707, 37380, 38054, 38727
7060 4 -1
18370, 2718, 675, 2475, 1581, 36740, 37314, 37889, 38463
7076 4 -1
18392, 3693, 700, 2793, 1786, 36783, 37775, 38769, 39761
7092 4 -1
18415, 2882, 1306, 2986, 537, 36829, 37265, 37702, 38138
7108 4 -1
18442, 3183, 1383, 2531, 1317, 36883, 37241, 37601, 37959
7124 4 -1
18462, 1832, 1012, 2357, 853, 36924, 37265, 37608, 37949
7140 4 -1
18481, 2945, 540, 2480, 869, 36962, 37358, 37756, 38152
7156 4 -1
18511, 2401, 1230, 2710, 976, 37022, 37303, 37585, 37866
7172 4 -1
18532, 2082, 1534, 3435, 2221, 37064, 38083, 39104, 40123
7188 4 -1
18557, 1752, 1542, 2125, 1688, 37113, 37372, 37632, 37891
7204 4 -1
18584, 2912, 1629, 2477, 351, 37167, 38023, 38880, 39736
7220 4 -1
18618, 2794, 1655, 3155, 1034, 37235, 37725, 38217, 38707
7236 4 -1
18647, 2388, 1587, 2806, 1057, 37294, 37767, 38242, 38715
7252 4 -1
18667, 2682, 2071, 2027, 1412, 37334, 37990, 38648, 39304
7268 4 -1
18685, 3583, 1921, 2940, 942, 37370, 38180, 38992, 39802
7284 4 -1
18704, 3248, 1733, 2955, 1090, 37408, 37875, 38344, 38811
7300 4 -1
18733, 2724, 1441, 1696, 1765, 37466, 38141, 38818, 39493
7316 4 -1
18767, 3328, 182, 3462, 701, 37533, 37859, 38186, 38512
7332 4 -1
18785, 3603, 515, 3272, 683, 37570, 37819, 38069, 38318
7348 4 -1
18803, 2407, 208, 3199, 972, 37606, 38383, 39162, 39939
7364 4 -1
18826, 2755, 1001, 3549, 1721, 37652, 38408, 39166, 39922
7380 4 -1
18851, 2791, 1941, 3023, 1619, 37702, 37978, 38256, 38532
7396 4 -1
18876, 2301, 1959, 3088, 1817, 37752, 38216, 38681, 39145
7412 4 -1
18894, 2727, 933, 2875, 1145, 37787, 37966, 38147, 38326
7428 4 -1
18911, 3058, 1097, 3204, 684, 37821, 38100, 38380, 38659
7444 4 -1
18937, 3317, 628, 2552, 1306, 37873, 38594, 39316, 40037
7460 4 -1
18961, 2924, 450, 3087, 1112, 37922, 38334, 38747, 39159
7476 4 -1
18992, 2182, 1279, 2828, 1090, 37983, 38400, 38818, 39235
7492 4 -1
19013, 3079, 1288, 3608, 892, 38025, 38487, 38950, 39412
7508 4 -1
19034, 2718, 1139, 2051, 383, 38068, 38779, 39491, 40202
7524 4 -1
19063, 2537, 720, 3492, 954, 38126, 38720, 39315, 39909
7540 4 -1
19090, 3656, 180, 1917, 2309, 38180, 40113, 42048, 43981
7556 4 -1
19123, 2146, 1200, 2779, 628, 38245, 38847, 39450, 40052
7572 4 -1
19149, 2761, 873, 2609, 1429, 38298, 38651, 39006, 39359
7588 4 -1
19180, 2173, 1155, 2476, 474, 38359, 38850, 39343, 39834
7604 4 -1
19198, 2565, 1311, 2701, 1018, 38396, 38610, 38825, 39039
7620 4 -1
19224, 2305, 1201, 2493, 419, 38447, 38931, 39417, 39901
7636 4 -1
19244, 2930, 374, 2282, 702, 38488, 38975, 39464, 39951
7652 4 -1
19263, 2998, 386, 9999, 165, 38525, 42135, 45747, 49357
7668 4 -1
19282, 2508, 3, 2282, 808, 38563, 39078, 39594, 40109
7684 4 -1
19306, 3219, 1503, 2921, 1136, 38612, 38944, 39277, 39609
7700 4 -1
19339, 3938, 658, 3763, 1706, 38677, 39288, 39900, 40511
7716 4 -1
19370, 3413, 505, 2665, 762, 38739, 39241, 39744, 40246
7732 4 -1
19399, 2418, 1301, 2700, 236, 38798, 39471, 40145, 40818
7748 4 -1
19417, 2646, 1083, 3847, 946, 38834, 39502, 40172, 40840
7764 4 -1
19434, 2842, 1502, 3138, 1310, 38868, 39111, 39356, 39599
7780 4 -1
19463, 2828, 745, 3370, 1252, 38926, 39450, 39975, 40499
7796 4 -1
19491, 2010, 1930, 2324, 807, 38981, 39699, 40418, 41136
7812 4 -1
19508, 2945, 1242, 2413, 139, 39016, 39833, 40651, 41468
7828 4 -1
19539, 3050, 1156, 3302, 502, 39077, 39529, 39983, 40435
7844 4 -1
19564, 3313, 992, 3052, 1280, 39128, 39402, 39677, 39951
7860 4 -1
19585, 2884, 1365, 2297, 2014, 39169, 39786, 40405, 41022
7876 4 -1
19610, 2979, 1214, 2172, 1421, 39219, 39725, 40233, 40739
7892 4 -1
19635, 3024, 1341, 2174, 707, 39269, 40010, 40753, 41494
7908 4 -1
19652, 2179, 1682, 2796, 966, 39304, 39970, 40637, 41303
7924 4 -1
19680, 3283, 1084, 2570, 1265, 39360, 39806, 40254, 40700
7940 4 -1
19704, 2366, 1645, 3043, 1691, 39408, 39769, 40131, 40492
7956 4 -1
19726, 2580, 1090, 2704, 1552, 39452, 39744, 40038, 40330
7972 4 -1
19763, 3015, 1234, 2339, 1131, 39525, 39914, 40304, 40693
7988 4 -1
19790, 3148, 1229, 3401, 2754, 39580, 40468, 41358, 42246
8004 4 -1
19817, 3035, 393, 3522, 364, 39633, 39890, 40149, 40406
8020 4 -1
19850, 2336, 989, 2475, 724, 39700, 39901, 40104, 40305
8036 4 -1
19875, 2888, 1093, 2090, 1077, 39749, 40155, 40563, 40969
8052 4 -1
19902, 2559, 509, 3359, 485, 39803, 40214, 40627, 41038
8068 4 -1
19925, 2961, 691, 3048, 1224, 39850, 40159, 40470, 40779
8084 4 -1
19945, 3071, 1937, 1668, 581, 39889, 41268, 42648, 44027
8100 4 -1
19973, 1631, 1541, 3070, 481, 39945, 41194, 42444, 43693
8116 4 -1
19996, 2737, 1092, 2333, 1860, 39991, 40576, 41163, 41748
8132 4 -1
20027, 3212, 2596, 3719, 955, 40053, 41126, 42201, 43274
8148 4 -1
20060, 1813, 1421, 2628, 579, 40120, 40948, 41777, 42605
8164 4 -1
20090, 3356, 1482, 1876, 706, 40180, 41307, 42436, 43563
8180 4 -1
20122, 3249, 1413, 2914, 2071, 40244, 40740, 41237, 41733
8196 4 -1
20162, 2065, 1148, 2472, 541, 40323, 40829, 41337, 41843
8212 4 -1
20175, 3471, 935, 3581, 282, 40349, 40730, 41112, 41493
8228 4 -1
20201, 3281, 1497, 9999, 942, 40402, 44038, 47675, 51311
8244 4 -1
20235, 3138, 1212, 2520, 779, 40470, 40995, 41521, 42046
8260 4 -1
20262, 2548, 1105, 2501, 705, 40523, 40746, 40970, 41193
8276 4 -1
20300, 2880, 616, 1780, 5411, 40600, 43547, 46495, 49442
8292 4 -1
20325, 2767, 1276, 2698, 615, 40650, 41014, 41380, 41744
8308 4 -1
20365, 2495, 959, 2792, 1611, 40729, 41203, 41678, 42152
8324 4 -1
20385, 3685, 893, 2647, 519, 40769, 41474, 42181, 42886
8340 4 -1
20412, 1726, 410, 2431, 1037, 40824, 41489, 42156, 42821
8356 4 -1
20445, 2173, 835, 2752, 780, 40889, 41205, 41523, 41839
8372 4 -1
20470, 3093, 603, 3200, 1099, 40939, 41240, 41542, 41843
8388 4 -1
20494, 2378, 514, 2410, 660, 40987, 41075, 41165, 41253
8404 4 -1
20521, 2162, 1688, 2369, 1660, 41041, 41158, 41276, 41393
8420 4 -1
20541, 3096, 1116, 3077, 1334, 41081, 41199, 41318, 41436
8436 4 -1
20578, 2482, 736, 2767, 1507, 41155, 41682, 42211, 42738
8452 4 -1
20606, 2359, 2026, 2746, 903, 41211, 41965, 42721, 43475
8468 4 -1
20633, 3101, 761, 3513, 702, 41266, 41501, 41737, 41972
8484 4 -1
20675, 2530, 566, 2004, 1099, 41349, 41878, 42408, 42937
8500 4 -1
20705, 3283, 485, 2364, 1288, 41409, 42269, 43131, 43991
8516 4 -1
20741, 2709, 1281, 382, 6976, 41481, 45491, 49503, 53513
8532 4 -1
20769, 1640, 1291, 3245, 798, 41537, 42585, 43635, 44683
8548 4 -1
20789, 3050, 1868, 3862, 824, 41578, 42505, 43434, 44361
8564 4 -1
20820, 2941, 1213, 3544, 784, 41639, 42154, 42671, 43186
8580 4 -1
20846, 2934, 1310, 2606, 1412, 41692, 41906, 42122, 42336
8596 4 -1
20871, 3341, 1091, 2414, 1467, 41742, 42393, 43045, 43696
8612 4 -1
20905, 3320, 946, 3031, 855, 41810, 41999, 42190, 42379
8628 4 -1
20936, 2955, 1159, 2426, 456, 41872, 42487, 43104, 43719
8644 4 -1
20968, 3051, 958, 2695, 1119, 41935, 42193, 42452, 42710
8660 4 -1
20997, 2992, 1451, 2229, 1353, 41993, 42423, 42854, 43284
8676 4 -1
21034, 2489, 553, 2964, 1195, 42068, 42626, 43185, 43743
8692 4 -1
21057, 2888, 1393, 3059, 137, 42113, 42826, 43540, 44253
8708 4 -1
21105, 2743, 1642, 3433, 683, 42210, 43034, 43859, 44683
8724 4 -1
21123, 3079, 949, 3805, 1442, 42246, 42855, 43465, 44074
8740 4 -1
21140, 3275, 648, 2487, 1169, 42280, 42934, 43589, 44243
8756 4 -1
21175, 2539, 224, 2569, 1135, 42349, 42819, 43290, 43760
8772 4 -1
21202, 2626, 907, 2751, 1591, 42404, 42808, 43213, 43617
8788 4 -1
21234, 2949, 806, 2658, 1273, 42468, 42846, 43226, 43604
8804 4 -1
21253, 4044, 403, 1952, 1860, 42506, 44280, 46055, 47829
8820 4 -1
21288, 2082, 1597, 2835, 1019, 42575, 43240, 43906, 44571
8836 4 -1
21324, 2471, 452, 2717, 1100, 42648, 43094, 43542, 43988
8852 4 -1
21347, 3260, 1138, 3590, 910, 42694, 42972, 43252, 43530
8868 4 -1
21383, 3015, 1476, 3619, 1576, 42765, 43116, 43469, 43820
8884 4 -1
21430, 3111, 706, 2997, 2019, 42860, 43573, 44287, 45000
8900 4 -1
21455, 2748, 1726, 2247, 778, 42909, 43633, 44358, 45082
8916 4 -1
21489, 2861, 1433, 3141, 1569, 42977, 43184, 43393, 43600
8932 4 -1
21522, 2472, 1118, 3053, 1295, 43044, 43422, 43802, 44180
8948 4 -1
21557, 3496, 868, 2547, 478, 43114, 43783, 44453, 45122
8964 4 -1
21600, 3171, 1416, 2275, 1494, 43200, 43686, 44174, 44660
8980 4 -1
21624, 2438, 1402, 2795, 1534, 43247, 43491, 43736, 43980
8996 4 -1
21671, 2827, 727, 1982, 1829, 43341, 44314, 45288, 46261
9012 4 -1
21708, 3318, 1350, 3573, 861, 43415, 43786, 44159, 44530
9028 4 -1
21743, 1983, 482, 3185, 1447, 43486, 44569, 45653, 46736
9044 4 -1
21773, 3108, 481, 3488, 826, 43545, 43907, 44270, 44632
9060 4 -1
21794, 1828, 866, 3053, 1009, 43588, 44271, 44956, 45639
9076 4 -1
21827, 2631, 913, 2640, 1948, 43654, 44175, 44698, 45219
9092 4 -1
21855, 3145, 1053, 3048, 1700, 43710, 44081, 44454, 44825
9108 4 -1
21890, 2320, 1275, 3337, 597, 43780, 44627, 45475, 46322
9124 4 -1
21920, 2750, 386, 2771, 30, 43840, 44028, 44217, 44405
9140 4 -1
21956, 2642, 799, 3028, 1074, 43911, 44241, 44572, 44902
9156 4 -1
21983, 2489, 1479, 2765, 707, 43965, 44488, 45013, 45536
9172 4 -1
22010, 2806, 240, 3142, 1258, 44019, 44695, 45373, 46049
9188 4 -1
22026, 2499, 1258, 2992, 717, 44051, 44567, 45085, 45601
9204 4 -1
22067, 2434, 1683, 2281, 1321, 44133, 44390, 44648, 44905
9220 4 -1
22108, 2257, 734, 3074, 690, 44215, 44645, 45076, 45506
9236 4 -1
22158, 3523, 826, 2892, 638, 44316, 44725, 45135, 45544
9252 4 -1
22191, 2942, 1340, 2531, 950, 44382, 44782, 45183, 45583
9268 4 -1
22231, 1770, 1121, 2878, 441, 44461, 45354, 46249, 47142
9284 4 -1
22253, 1472, 560, 2959, 1614, 44505, 45775, 47046, 48316
9300 4 -1
22297, 4027, 1235, 2657, 973, 44594, 45409, 46226, 47041
9316 4 -1
22340, 2674, 875, 3116, 978, 44680, 44952, 45225, 45497
9332 4 -1
22403, 3726, 1260, 3128, 1038, 44806, 45215, 45626, 46035
9348 4 -1
22426, 2961, 1428, 2875, 143, 44851, 45536, 46222, 46907
9364 4 -1
22478, 2981, 1796, 3403, 1364, 44956, 45382, 45810, 46236
9380 4 -1
22507, 2767, 922, 3043, 1192, 45014, 45286, 45560, 45832
9396 4 -1
22557, 1862, 1263, 2842, 1962, 45113, 45952, 46792, 47631
9412 4 -1
22603, 3224, 665, 2477, 1713, 45205, 46102, 47000, 47897
9428 4 -1
22649, 2857, 1344, 2424, 1093, 45298, 45639, 45982, 46323
9444 4 -1
22695, 2720, 2219, 2646, 836, 45389, 46117, 46846, 47574
9460 4 -1
22728, 2560, 352, 3229, 1027, 45456, 46127, 46800, 47471
9476 4 -1
22784, 2391, 491, 3219, 1274, 45567, 46372, 47178, 47983
9492 4 -1
22830, 2718, 968, 2455, 1392, 45660, 46003, 46347, 46690
9508 4 -1
22861, 3599, 2192, 2054, 522, 45722, 47329, 48937, 50544
9524 4 -1
22917, 2695, 744, 3011, 1250, 45834, 46244, 46656, 47066
9540 4 -1
22957, 3772, 869, 3543, 1233, 45914, 46210, 46507, 46803
9556 4 -1
23004, 2006, 1209, 3173, 901, 46007, 46744, 47482, 48219
9572 4 -1
23035, 3091, 1395, 2819, 1785, 46070, 46400, 46732, 47062
9588 4 -1
23089, 2573, 770, 2564, 993, 46177, 46292, 46409, 46524
9604 4 -1
23138, 3842, 1408, 2921, 1382, 46276, 46749, 47223, 47696
9620 4 -1
23200, 2935, 1487, 3122, 221, 46399, 47125, 47852, 48578
9636 4 -1
23236, 2764, 1161, 3778, 911, 46472, 47103, 47736, 48367
9652 4 -1
23280, 3553, 1299, 3624, 1186, 46559, 46650, 46743, 46834
9668 4 -1
23329, 3648, 1215, 2289, 1512, 46658, 47485, 48314, 49141
9684 4 -1
23380, 2038, 1209, 2683, 1426, 46759, 47189, 47621, 48051
9700 4 -1
23437, 2555, 1203, 2710, 1613, 46873, 47155, 47438, 47720
9716 4 -1
23503, 3447, 846, 3510, 1300, 47006, 47264, 47523, 47781
9732 4 -1
23549, 2480, 821, 2029, 992, 47097, 47407, 47719, 48029
9748 4 -1
23582, 2435, 906, 2874, 1414, 47163, 47636, 48110, 48583
9764 4 -1
23626, 2006, 682, 2689, 739, 47252, 47621, 47992, 48361
9780 4 -1
23698, 3132, 835, 2367, 444, 47395, 47972, 48551, 49128
9796 4 -1
23734, 3420, 1863, 2917, 1160, 47468, 48070, 48674, 49276
9812 4 -1
23794, 2968, 571, 3088, 2492, 47588, 48608, 49629, 50649
9828 4 -1
23843, 3087, 435, 2317, 965, 47686, 48335, 48986, 49635
9844 4 -1
23880, 2204, 1299, 2285, 827, 47760, 48036, 48313, 48589
9860 4 -1
23941, 2641, 1635, 2726, 592, 47881, 48444, 49009, 49572
9876 4 -1
24003, 2264, 1469, 3673, 1235, 48005, 48826, 49648, 50469
9892 4 -1
24085, 2521, 1414, 3735, 1738, 48169, 48937, 49707, 50475
9908 4 -1
24123, 2261, 1388, 2479, 1195, 48245, 48450, 48656, 48861
9924 4 -1
24199, 3271, 966, 2385, 459, 48397, 49093, 49790, 50486
9940 4 -1
24270, 2529, 252, 2790, 575, 48540, 48831, 49124, 49415
9956 4 -1
24356, 3204, 1724, 2717, 1225, 48712, 49204, 49698, 50190
9972 4 -1
24465, 2783, 529, 2445, 852, 48929, 49259, 49590, 49920
9988 4 -1
24589, 3028, 676, 3248, 743, 49178, 49321, 49465, 49608
