-------------------------------------------------------------------------
TPs satisfied = 223; Total TPs = 625; Percentage Satisfied + 35.699999999999996%
-------------------------------------------------------------------------

-------------------------------------------------------------------------

EVs

-------------------------------------------------------------------------
--------------------------------------
EV1
--------------------------------------
Num TPs served = 2
TPs served = 220 364
Total energy used = 27604
--------------------------------------
Schedule:
0 2545 8750 3750 8750 3750 0 0 35632 35632 0 2545 0
2545 10299 8750 3750 3396 1350 0 1 35632 27878 220 1462 7754
10299 10756 3396 1350 3067 1222 1 2 27878 27421 364 4271 457
10756 24435 3067 1222 9999 7969 2 1 27421 13742 -364 4271 13679
24435 24558 9999 7969 9999 8092 1 0 13742 13619 -220 548 123
24558 44409 9999 8092 9999 8092 0 0 13619 13619 0 19851 0
44409 50000 9999 8092 8750 3750 0 0 13619 8028 1000000000 0 5591
--------------------------------------
--------------------------------------
EV2
--------------------------------------
Num TPs served = 3
TPs served = 428 812 860
Total energy used = 24104
--------------------------------------
Schedule:
0 4702 8750 3750 8750 3750 0 0 35632 35632 0 4702 0
4702 13212 8750 3750 2826 1164 0 1 35632 27122 428 1667 8510
13212 14000 2826 1164 2826 1164 1 1 27122 27122 0 788 0
14000 14091 2826 1164 2755 1144 1 2 27122 27031 812 5912 91
14091 14965 2755 1144 3402 917 2 3 27031 26157 860 3890 874
14965 23402 3402 917 9999 2757 3 2 26157 17720 -860 3890 8437
23402 25589 9999 2757 9999 4944 2 1 17720 15533 -428 243 2187
25589 26370 9999 4944 9999 5725 1 0 15533 14752 -812 5458 781
26370 46776 9999 5725 9999 5725 0 0 14752 14752 0 20406 0
46776 50000 9999 5725 8750 3750 0 0 14752 11528 1000000000 0 3224
--------------------------------------
--------------------------------------
EV3
--------------------------------------
Num TPs served = 7
TPs served = 748 1132 1484 1548 1836 2140 2748
Total energy used = 32806
--------------------------------------
Schedule:
0 6790 8750 3750 8750 3750 0 0 35632 35632 0 6790 0
6790 14254 8750 3750 3685 1351 0 1 35632 28168 748 228 7464
14254 16059 3685 1351 3229 2 1 0 28168 26363 -748 228 1805
16059 17161 3229 2 3248 1085 0 1 26363 25261 1132 251 1102
17161 18563 3248 1085 2422 509 1 2 25261 23859 1484 877 1402
18563 18869 2422 509 2128 497 2 3 23859 23553 1548 538 306
18869 18991 2128 497 2021 512 3 2 23553 23431 -1132 221 122
18991 20383 2021 512 2709 1216 2 1 23431 22039 -1548 324 1392
20383 21480 2709 1216 2829 2193 1 0 22039 20942 -1484 51 1097
21480 21813 2829 2193 2800 1889 0 1 20942 20609 2140 230 333
21813 22692 2800 1889 3060 1270 1 0 20609 19730 -2140 230 879
22692 22965 3060 1270 3268 1335 0 1 19730 19457 1836 630 273
22965 23028 3268 1335 3268 1335 1 1 19457 19457 0 63 0
23028 24101 3268 1335 2246 1284 1 2 19457 18384 2748 104 1073
24101 24310 2246 1284 2393 1222 2 1 18384 18175 -2748 104 209
24310 30070 2393 1222 339 4928 1 0 18175 12415 -1836 47 5760
30070 40411 339 4928 339 4928 0 0 12415 12415 0 10341 0
40411 50000 339 4928 8750 3750 0 0 12415 2826 1000000000 0 9589
--------------------------------------
--------------------------------------
EV4
--------------------------------------
Num TPs served = 12
TPs served = 956 1116 1676 2828 3052 3612 3628 5228 5372 5500 5996 6348
Total energy used = 35528
--------------------------------------
Schedule:
0 7677 8750 3750 8750 3750 0 0 35632 35632 0 7677 0
7677 16039 8750 3750 2468 1670 0 1 35632 27270 956 533 8362
16039 16241 2468 1670 2468 1670 1 1 27270 27270 0 202 0
16241 16380 2468 1670 2505 1568 1 2 27270 27131 1116 744 139
16380 17869 2505 1568 2483 101 2 1 27131 25642 -1116 744 1489
17869 18984 2483 101 1483 216 1 0 25642 24527 -956 27 1115
18984 19758 1483 216 1459 966 0 1 24527 23753 1676 933 774
19758 22062 1459 966 53 68 1 0 23753 21449 -1676 933 2304
22062 24538 53 68 1520 1077 0 1 21449 18973 2828 404 2476
24538 25329 1520 1077 1978 744 1 2 18973 18182 3052 352 791
25329 25661 1978 744 2303 751 2 1 18182 17850 -2828 390 332
25661 26454 2303 751 2462 117 1 0 17850 17057 -3052 338 793
26454 27290 2462 117 2842 573 0 1 17057 16221 3628 177 836
27290 27654 2842 573 3197 582 1 2 16221 15857 3612 620 364
27654 28258 3197 582 3356 1027 2 1 15857 15253 -3628 177 604
28258 30633 3356 1027 1256 1302 1 0 15253 12878 -3612 302 2375
30633 30639 1256 1302 1256 1302 0 0 12878 12878 0 6 0
30639 31772 1256 1302 2302 1389 0 1 12878 11745 5228 517 1133
31772 32478 2302 1389 3001 1382 1 2 11745 11039 5372 265 706
32478 32917 3001 1382 3038 980 2 3 11039 10600 5500 110 439
32917 33179 3038 980 2852 904 3 2 10600 10338 -5228 145 262
33179 33701 2852 904 2498 736 2 1 10338 9816 -5372 191 522
33701 33948 2498 736 2289 774 1 0 9816 9569 -5500 34 247
33948 34059 2289 774 2291 883 0 1 9569 9458 5996 401 111
34059 34158 2291 883 2291 883 1 1 9458 9458 0 99 0
34158 34771 2291 883 2890 869 1 2 9458 8845 6348 659 613
34771 35455 2890 869 3166 1277 2 1 8845 8161 -5996 274 684
35455 36090 3166 1277 3360 1718 1 0 8161 7526 -6348 659 635
36090 42578 3360 1718 3360 1718 0 0 7526 7526 0 6488 0
42578 50000 3360 1718 8750 3750 0 0 7526 104 1000000000 0 7422
--------------------------------------
--------------------------------------
EV5
--------------------------------------
Num TPs served = 10
TPs served = 1020 1212 1644 2876 3244 3932 5100 5180 5596 7916
Total energy used = 35592
--------------------------------------
Schedule:
0 7892 8750 3750 8750 3750 0 0 35632 35632 0 7892 0
7892 16366 8750 3750 3156 870 0 1 35632 27158 1020 423 8474
16366 16544 3156 870 3156 870 1 1 27158 27158 0 178 0
16544 16896 3156 870 3208 1170 1 2 27158 26806 1212 968 352
16896 18659 3208 1170 1574 1299 2 1 26806 25043 -1020 141 1763
18659 18834 1574 1299 1423 1323 1 0 25043 24868 -1212 968 175
18834 20713 1423 1323 3095 1116 0 1 24868 22989 1644 63 1879
20713 23609 3095 1116 914 401 1 0 22989 20093 -1644 63 2896
23609 24699 914 401 1861 258 0 1 20093 19003 2876 1037 1090
24699 26167 1861 258 3284 303 1 2 19003 17535 3244 95 1468
26167 27236 3284 303 2881 969 2 1 17535 16466 -3244 95 1069
27236 27864 2881 969 3509 969 1 0 16466 15838 -2876 231 628
27864 28951 3509 969 2486 905 0 1 15838 14751 3932 3 1087
28951 30809 2486 905 2976 2273 1 0 14751 12893 -3932 3 1858
30809 31725 2976 2273 2919 1414 0 1 12893 11977 5180 58 916
31725 32063 2919 1414 2884 1717 1 0 11977 11639 -5180 58 338
32063 32261 2884 1717 2769 1634 0 1 11639 11441 5100 169 198
32261 32295 2769 1634 2769 1634 1 1 11441 11441 0 34 0
32295 32793 2769 1634 2940 1307 1 2 11441 10943 5596 61 498
32793 32916 2940 1307 3038 1282 2 1 10943 10820 -5596 61 123
32916 34348 3038 1282 3200 12 1 0 10820 9388 -5100 135 1432
34348 38098 3200 12 3200 12 0 0 9388 9388 0 3750 0
38098 39336 3200 12 3447 1003 0 1 9388 8150 7916 111 1238
39336 39560 3447 1003 3417 1197 1 0 8150 7926 -7916 111 224
39560 42114 3417 1197 3417 1197 0 0 7926 7926 0 2554 0
42114 50000 3417 1197 8750 3750 0 0 7926 40 1000000000 0 7886
--------------------------------------
--------------------------------------
EV6
--------------------------------------
Num TPs served = 6
TPs served = 1084 1148 1356 1820 1884 2652
Total energy used = 35542
--------------------------------------
Schedule:
0 8186 8750 3750 8750 3750 0 0 35632 35632 0 8186 0
8186 16163 8750 3750 3301 1222 0 1 35632 27655 1084 339 7977
16163 16843 3301 1222 2777 1066 1 0 27655 26975 -1084 339 680
16843 17195 2777 1066 2759 1400 0 1 26975 26623 1148 70 352
17195 18525 2759 1400 2006 823 1 0 26623 25293 -1148 70 1330
18525 19888 2006 823 2006 823 0 0 25293 25293 0 1363 0
19888 20266 2006 823 2116 1091 0 1 25293 24915 1820 477 378
20266 20766 2116 1091 2431 1276 1 2 24915 24415 1884 456 500
20766 21326 2431 1276 2939 1224 2 1 24415 23855 -1820 373 560
21326 22028 2939 1224 3487 1070 1 0 23855 23153 -1884 456 702
22028 22677 3487 1070 3784 718 0 1 23153 22504 1356 204 649
22677 23791 3784 718 2690 738 1 2 22504 21390 2652 395 1114
23791 24741 2690 738 1759 719 2 1 21390 20440 -2652 395 950
24741 32936 1759 719 503 7658 1 0 20440 12245 -1356 166 8195
32936 37845 503 7658 503 7658 0 0 12245 12245 0 4909 0
37845 50000 503 7658 8750 3750 0 0 12245 90 1000000000 0 12155
--------------------------------------
--------------------------------------
EV7
--------------------------------------
Num TPs served = 10
TPs served = 1164 1404 2108 2460 3388 4108 4300 5644 5692 5852
Total energy used = 35528
--------------------------------------
Schedule:
0 8342 8750 3750 8750 3750 0 0 35632 35632 0 8342 0
8342 16861 8750 3750 2481 1500 0 1 35632 27113 1164 306 8519
16861 17831 2481 1500 2432 579 1 0 27113 26143 -1164 306 970
17831 19568 2432 579 3224 1524 0 1 26143 24406 1404 142 1737
19568 19602 3224 1524 3224 1524 1 1 24406 24406 0 34 0
19602 21498 3224 1524 2060 792 1 2 24406 22510 2108 244 1896
21498 21988 2060 792 1709 653 2 1 22510 22020 -2108 244 490
21988 23042 1709 653 1062 246 1 0 22020 20966 -1404 108 1054
23042 24000 1062 246 1798 468 0 1 20966 20008 2460 27 958
24000 26127 1798 468 2808 1585 1 0 20008 17881 -2460 27 2127
26127 26927 2808 1585 3573 1620 0 1 17881 17081 3388 71 800
26927 28578 3573 1620 2236 1306 1 0 17081 15430 -3388 71 1651
28578 28833 2236 1306 2021 1266 0 1 15430 15175 4108 912 255
28833 29884 2021 1266 1678 558 1 2 15175 14124 4300 395 1051
29884 31777 1678 558 3400 387 2 1 14124 12231 -4108 226 1893
31777 32596 3400 387 3425 1181 1 0 12231 11412 -4300 53 819
32596 33093 3425 1181 3386 723 0 1 11412 10915 5644 755 497
33093 33491 3386 723 3126 585 1 2 10915 10517 5692 229 398
33491 33917 3126 585 3228 909 2 3 10517 10091 5852 552 426
33917 35014 3228 909 2849 1627 3 2 10091 8994 -5692 25 1097
35014 35486 2849 1627 2416 1666 2 1 8994 8522 -5644 275 472
35486 36174 2416 1666 2527 2243 1 0 8522 7834 -5852 330 688
36174 42270 2527 2243 2527 2243 0 0 7834 7834 0 6096 0
42270 50000 2527 2243 8750 3750 0 0 7834 104 1000000000 0 7730
--------------------------------------
--------------------------------------
EV8
--------------------------------------
Num TPs served = 6
TPs served = 1196 1372 1532 1692 1996 2332
Total energy used = 28468
--------------------------------------
Schedule:
0 8391 8750 3750 8750 3750 0 0 35632 35632 0 8391 0
8391 16878 8750 3750 2803 1210 0 1 35632 27145 1196 259 8487
16878 17589 2803 1210 3169 865 1 0 27145 26434 -1196 259 711
17589 17747 3169 865 3169 865 0 0 26434 26434 0 158 0
17747 17847 3169 865 3137 933 0 1 26434 26334 1372 487 100
17847 18125 3137 933 3137 933 1 1 26334 26334 0 278 0
18125 18681 3137 933 2608 960 1 2 26334 25778 1532 424 556
18681 19100 2608 960 2525 1296 2 1 25778 25359 -1372 209 419
19100 19696 2525 1296 2646 1771 1 0 25359 24763 -1532 258 596
19696 20406 2646 1771 2027 1862 0 1 24763 24053 1692 200 710
20406 22433 2027 1862 3332 1140 1 0 24053 22026 -1692 200 2027
22433 22611 3332 1140 3381 1269 0 1 22026 21848 2332 370 178
22611 23655 3381 1269 2482 1124 1 0 21848 20804 -2332 370 1044
23655 24432 2482 1124 2948 813 0 1 20804 20027 1996 598 777
24432 32296 2948 813 9999 0 1 0 20027 12163 -1996 598 7864
32296 45001 9999 0 9999 0 0 0 12163 12163 0 12705 0
45001 50000 9999 0 8750 3750 0 0 12163 7164 1000000000 0 4999
--------------------------------------
--------------------------------------
EV9
--------------------------------------
Num TPs served = 13
TPs served = 1228 1500 1852 1900 2348 2556 2860 3148 3372 4028 4076 4700 4764
Total energy used = 33768
--------------------------------------
Schedule:
0 8493 8750 3750 8750 3750 0 0 35632 35632 0 8493 0
8493 17203 8750 3750 3099 691 0 1 35632 26922 1228 261 8710
17203 18162 3099 691 3718 1031 1 0 26922 25963 -1228 261 959
18162 19112 3718 1031 4039 1660 0 1 25963 25013 1500 227 950
19112 19302 4039 1660 4039 1660 1 1 25013 25013 0 190 0
19302 20437 4039 1660 3791 773 1 2 25013 23878 1852 796 1135
20437 20919 3791 773 3355 727 2 3 23878 23396 1900 474 482
20919 21024 3355 727 3262 739 3 2 23396 23291 -1500 13 105
21024 22406 3262 739 2535 1394 2 1 23291 21909 -1900 474 1382
22406 22689 2535 1394 2558 1134 1 0 21909 21626 -1852 138 283
22689 22905 2558 1134 2617 977 0 1 21626 21410 2348 377 216
22905 22923 2617 977 2617 977 1 1 21410 21410 0 18 0
22923 23326 2617 977 2990 947 1 2 21410 21007 2556 176 403
23326 23680 2990 947 3260 863 2 1 21007 20653 -2556 176 354
23680 24466 3260 863 3285 102 1 0 20653 19867 -2348 359 786
24466 24980 3285 102 2942 273 0 1 19867 19353 2860 711 514
24980 25168 2942 273 2942 273 1 1 19353 19353 0 188 0
25168 25467 2942 273 3220 294 1 2 19353 19054 3148 372 299
25467 25746 3220 294 3220 294 2 2 19054 19054 0 279 0
25746 26123 3220 294 3207 658 2 3 19054 18677 3372 86 377
26123 26297 3207 658 3212 827 3 2 18677 18503 -3372 86 174
26297 26518 3212 827 3305 955 2 1 18503 18282 -3148 67 221
26518 27829 3305 955 3707 1864 1 0 18282 16971 -2860 218 1311
27829 27859 3707 1864 3707 1864 0 0 16971 16971 0 30 0
27859 28393 3707 1864 3459 1578 0 1 16971 16437 4028 124 534
28393 28642 3459 1578 3262 1630 1 0 16437 16188 -4028 124 249
28642 29085 3262 1630 2877 1688 0 1 16188 15745 4076 149 443
29085 30501 2877 1688 2752 397 1 0 15745 14329 -4076 149 1416
30501 30946 2752 397 2859 735 0 1 14329 13884 4700 203 445
30946 31272 2859 735 2922 998 1 2 13884 13558 4764 2886 326
31272 32673 2922 998 4310 1011 2 1 13558 12157 -4700 203 1401
32673 38670 4310 1011 9999 703 1 0 12157 6160 -4764 2860 5997
38670 45704 9999 703 9999 703 0 0 6160 6160 0 7034 0
45704 50000 9999 703 8750 3750 0 0 6160 1864 1000000000 0 4296
--------------------------------------
--------------------------------------
EV10
--------------------------------------
Num TPs served = 12
TPs served = 1244 1708 1724 2316 2524 3564 3772 3788 4892 5388 6108 6764
Total energy used = 35574
--------------------------------------
Schedule:
0 8533 8750 3750 8750 3750 0 0 35632 35632 0 8533 0
8533 17477 8750 3750 2956 600 0 1 35632 26688 1244 576 8944
17477 19452 2956 600 2029 1648 1 0 26688 24713 -1244 576 1975
19452 20286 2029 1648 2600 1911 0 1 24713 23879 1724 264 834
20286 20510 2600 1911 2818 1905 1 2 23879 23655 1708 178 224
20510 21862 2818 1905 3246 981 2 1 23655 22303 -1724 264 1352
21862 22540 3246 981 3226 323 1 0 22303 21625 -1708 138 678
22540 22822 3226 323 2958 309 0 1 21625 21343 2316 591 282
22822 22832 2958 309 2958 309 1 1 21343 21343 0 10 0
22832 23217 2958 309 2742 478 1 2 21343 20958 2524 922 385
23217 24891 2742 478 2207 1617 2 1 20958 19284 -2316 581 1674
24891 25954 2207 1617 2653 2234 1 0 19284 18221 -2524 30 1063
25954 26063 2653 2234 2653 2234 0 0 18221 18221 0 109 0
26063 26790 2653 2234 2865 1719 0 1 18221 17494 3564 276 727
26790 27343 2865 1719 2809 1222 1 0 17494 16941 -3564 276 553
27343 27532 2809 1222 2661 1181 0 1 16941 16752 3772 12 189
27532 27729 2661 1181 2636 1009 1 0 16752 16555 -3772 12 197
27729 28439 2636 1009 2263 672 0 1 16555 15845 3788 54 710
28439 30426 2263 672 3425 1497 1 0 15845 13858 -3788 54 1987
30426 31423 3425 1497 3726 801 0 1 13858 12861 4892 188 997
31423 32716 3726 801 2894 1262 1 2 12861 11568 5388 29 1293
32716 33035 2894 1262 2577 1264 2 1 11568 11249 -4892 188 319
33035 33767 2577 1264 2273 1692 1 0 11249 10517 -5388 29 732
33767 34120 2273 1692 2386 1452 0 1 10517 10164 6108 196 353
34120 34523 2386 1452 2480 1761 1 0 10164 9761 -6108 196 403
34523 35910 2480 1761 3483 1377 0 1 9761 8374 6764 274 1387
35910 36549 3483 1377 3784 1039 1 0 8374 7735 -6764 274 639
36549 42323 3784 1039 3784 1039 0 0 7735 7735 0 5774 0
42323 50000 3784 1039 8750 3750 0 0 7735 58 1000000000 0 7677
--------------------------------------
--------------------------------------
EV11
--------------------------------------
Num TPs served = 7
TPs served = 1276 1516 1660 1916 2044 2172 3580
Total energy used = 35608
--------------------------------------
Schedule:
0 9430 8750 3750 8750 3750 0 0 35632 35632 0 9430 0
9430 17278 8750 3750 3391 1261 0 1 35632 27784 1276 463 7848
17278 18206 3391 1261 2504 1220 1 0 27784 26856 -1276 463 928
18206 18816 2504 1220 2927 1407 0 1 26856 26246 1516 303 610
18816 19612 2927 1407 3198 882 1 2 26246 25450 1660 182 796
19612 19931 3198 882 3257 622 2 1 25450 25131 -1516 303 319
19931 20396 3257 622 2893 521 1 0 25131 24666 -1660 64 465
20396 20781 2893 521 2842 187 0 1 24666 24281 1916 887 385
20781 21880 2842 187 2678 1122 1 2 24281 23182 2044 284 1099
21880 22750 2678 1122 3472 1046 2 3 23182 22312 2172 3593 870
22750 23127 3472 1046 3636 1259 3 2 22312 21935 -1916 407 377
23127 23828 3636 1259 3987 1609 2 1 21935 21234 -2044 132 701
23828 25713 3987 1609 3987 1609 1 1 21234 21234 0 1885 0
25713 26834 3987 1609 3208 1951 1 2 21234 20113 3580 470 1121
26834 27775 3208 1951 2474 1744 2 1 20113 19172 -3580 470 941
27775 35214 2474 1744 1704 8413 1 0 19172 11733 -2172 264 7439
35214 38291 1704 8413 1704 8413 0 0 11733 11733 0 3077 0
38291 50000 1704 8413 8750 3750 0 0 11733 24 1000000000 0 11709
--------------------------------------
--------------------------------------
EV12
--------------------------------------
Num TPs served = 14
TPs served = 1292 1612 1932 2060 2476 2620 3660 4092 4156 4444 5052 6668 6828 7676
Total energy used = 35402
--------------------------------------
Schedule:
0 9406 8750 3750 8750 3750 0 0 35632 35632 0 9406 0
9406 17396 8750 3750 3454 1056 0 1 35632 27642 1292 506 7990
17396 18410 3454 1056 2899 597 1 0 27642 26628 -1292 506 1014
18410 18771 2899 597 2899 597 0 0 26628 26628 0 361 0
18771 19111 2899 597 3113 471 0 1 26628 26288 1612 404 340
19111 19920 3113 471 3675 718 1 0 26288 25479 -1612 404 809
19920 20077 3675 718 3675 718 0 0 25479 25479 0 157 0
20077 20837 3675 718 2993 796 0 1 25479 24719 1932 227 760
20837 21292 2993 796 3312 660 1 0 24719 24264 -1932 227 455
21292 21520 3312 660 3131 707 0 1 24264 24036 2060 503 228
21520 21655 3131 707 3131 707 1 1 24036 24036 0 135 0
21655 23023 3131 707 2033 977 1 2 24036 22668 2476 846 1368
23023 23298 2033 977 2144 1141 2 1 22668 22393 -2060 146 275
23298 24368 2144 1141 2832 759 1 2 22393 21323 2620 267 1070
24368 25480 2832 759 3672 1031 2 1 21323 20211 -2476 82 1112
25480 26451 3672 1031 3774 1900 1 0 20211 19240 -2620 267 971
26451 27296 3774 1900 2940 1911 0 1 19240 18395 3660 281 845
27296 28321 2940 1911 3447 2429 1 0 18395 17370 -3660 281 1025
28321 28864 3447 2429 3362 1971 0 1 17370 16827 4156 375 543
28864 29390 3362 1971 3517 1600 1 2 16827 16301 4092 190 526
29390 29684 3517 1600 3405 1418 2 3 16301 16007 4444 498 294
29684 30209 3405 1418 2893 1405 3 2 16007 15482 -4156 65 525
30209 31008 2893 1405 2488 1011 2 1 15482 14683 -4444 498 799
31008 31410 2488 1011 2412 685 1 0 14683 14281 -4092 190 402
31410 32178 2412 685 3080 785 0 1 14281 13513 5052 86 768
32178 34185 3080 785 1148 860 1 0 13513 11506 -5052 86 2007
34185 34202 1148 860 1148 860 0 0 11506 11506 0 17 0
34202 35618 1148 860 2534 890 0 1 11506 10090 6668 257 1416
35618 36133 2534 890 2991 832 1 0 10090 9575 -6668 257 515
36133 36345 2991 832 2934 677 0 1 9575 9363 6828 26 212
36345 36937 2934 677 3109 1094 1 0 9363 8771 -6828 26 592
36937 38529 3109 1094 3109 1094 0 0 8771 8771 0 1592 0
38529 38583 3109 1094 3138 1069 0 1 8771 8717 7676 100 54
38583 38784 3138 1069 3041 1173 1 0 8717 8516 -7676 100 201
38784 41714 3041 1173 3041 1173 0 0 8516 8516 0 2930 0
41714 50000 3041 1173 8750 3750 0 0 8516 230 1000000000 0 8286
--------------------------------------
--------------------------------------
EV13
--------------------------------------
Num TPs served = 14
TPs served = 1308 1564 1804 2428 2604 2796 3692 4012 4348 4988 5516 5740 6508 6716
Total energy used = 35354
--------------------------------------
Schedule:
0 10243 8750 3750 8750 3750 0 0 35632 35632 0 10243 0
10243 17471 8750 3750 3732 1540 0 1 35632 28404 1308 537 7228
17471 18546 3732 1540 2852 1345 1 0 28404 27329 -1308 537 1075
18546 19451 2852 1345 3628 1474 0 1 27329 26424 1564 120 905
19451 20526 3628 1474 2714 1635 1 2 26424 25349 1804 567 1075
20526 20904 2714 1635 2365 1664 2 1 25349 24971 -1564 120 378
20904 22343 2365 1664 2185 405 1 0 24971 23532 -1804 509 1439
22343 23302 2185 405 2816 77 0 1 23532 22573 2428 246 959
23302 23353 2816 77 2816 77 1 1 22573 22573 0 51 0
23353 23518 2816 77 2797 223 1 2 22573 22408 2604 412 165
23518 24344 2797 223 2960 886 2 1 22408 21582 -2604 412 826
24344 24718 2960 886 3304 916 1 2 21582 21208 2796 278 374
24718 24803 3304 916 3300 997 2 1 21208 21123 -2428 149 85
24803 26150 3300 997 3261 2305 1 0 21123 19776 -2796 278 1347
26150 27219 3261 2305 2667 1830 0 1 19776 18707 3692 251 1069
27219 27795 2667 1830 2502 1419 1 0 18707 18131 -3692 251 576
27795 28778 2502 1419 3001 935 0 1 18131 17148 4012 201 983
28778 29525 3001 935 3643 1040 1 2 17148 16401 4348 880 747
29525 30065 3643 1040 3797 1426 2 1 16401 15861 -4012 201 540
30065 31106 3797 1426 2933 1249 1 2 15861 14820 4988 289 1041
31106 31697 2933 1249 2946 1827 2 1 14820 14229 -4988 289 591
31697 32497 2946 1827 2194 1875 1 0 14229 13429 -4348 192 800
32497 33071 2194 1875 2218 1325 0 1 13429 12855 5516 225 574
33071 33499 2218 1325 2350 1029 1 2 12855 12427 5740 302 428
33499 34488 2350 1029 2896 586 2 1 12427 11438 -5516 225 989
34488 34948 2896 586 3252 690 1 0 11438 10978 -5740 94 460
34948 35303 3252 690 3103 896 0 1 10978 10623 6508 349 355
35303 36077 3103 896 2822 403 1 2 10623 9849 6716 181 774
36077 36237 2822 403 2674 415 2 1 9849 9689 -6508 325 160
36237 37261 2674 415 2749 1364 1 0 9689 8665 -6716 31 1024
37261 41613 2749 1364 2749 1364 0 0 8665 8665 0 4352 0
41613 50000 2749 1364 8750 3750 0 0 8665 278 1000000000 0 8387
--------------------------------------
--------------------------------------
EV14
--------------------------------------
Num TPs served = 9
TPs served = 1324 1580 1772 1948 2188 2844 2892 2956 3180
Total energy used = 35368
--------------------------------------
Schedule:
0 9511 8750 3750 8750 3750 0 0 35632 35632 0 9511 0
9511 17570 8750 3750 2749 1692 0 1 35632 27573 1324 100 8059
17570 17771 2749 1692 2632 1608 1 0 27573 27372 -1324 100 201
17771 18712 2632 1608 2632 1608 0 0 27372 27372 0 941 0
18712 18945 2632 1608 2620 1829 0 1 27372 27139 1580 474 233
18945 19228 2620 1829 2620 1829 1 1 27139 27139 0 283 0
19228 20031 2620 1829 2726 1132 1 2 27139 26336 1772 465 803
20031 20293 2726 1132 2930 1190 2 1 26336 26074 -1580 75 262
20293 20886 2930 1190 2772 1625 1 2 26074 25481 1948 861 593
20886 21279 2772 1625 3144 1646 2 1 25481 25088 -1772 149 393
21279 21297 3144 1646 3144 1646 1 1 25088 25088 0 18 0
21297 21843 3144 1646 2867 1377 1 2 25088 24542 2188 298 546
21843 22440 2867 1377 2661 986 2 1 24542 23945 -2188 298 597
22440 23420 2661 986 1739 928 1 0 23945 22965 -1948 57 980
23420 24031 1739 928 1739 928 0 0 22965 22965 0 611 0
24031 24626 1739 928 1972 566 0 1 22965 22370 2892 495 595
24626 25049 1972 566 2207 754 1 2 22370 21947 2956 177 423
25049 25888 2207 754 2914 622 2 1 21947 21108 -2956 177 839
25888 25942 2914 622 2884 646 1 0 21108 21054 -2892 171 54
25942 26332 2884 646 3213 585 0 1 21054 20664 2844 2474 390
26332 26918 3213 585 3281 1103 1 2 20664 20078 3180 129 586
26918 29899 3281 1103 500 903 2 1 20078 17097 -3180 129 2981
29899 35614 500 903 252 6370 1 0 17097 11382 -2844 1938 5715
35614 38882 252 6370 252 6370 0 0 11382 11382 0 3268 0
38882 50000 252 6370 8750 3750 0 0 11382 264 1000000000 0 11118
--------------------------------------
--------------------------------------
EV15
--------------------------------------
Num TPs served = 14
TPs served = 1388 1628 2124 2700 3116 3644 3948 4188 4460 5324 6140 6684 7212 8396
Total energy used = 35626
--------------------------------------
Schedule:
0 10129 8750 3750 8750 3750 0 0 35632 35632 0 10129 0
10129 17919 8750 3750 3478 1232 0 1 35632 27842 1388 320 7790
17919 18561 3478 1232 3243 825 1 0 27842 27200 -1388 320 642
18561 19655 3243 825 3799 287 0 1 27200 26106 1628 779 1094
19655 21671 3799 287 2950 1454 1 2 26106 24090 2124 564 2016
21671 22105 2950 1454 2934 1872 2 1 24090 23656 -1628 779 434
22105 23085 2934 1872 1964 1862 1 0 23656 22676 -2124 544 980
23085 24572 1964 1862 3451 1862 0 1 22676 21189 2700 521 1487
24572 25452 3451 1862 3292 1141 1 2 21189 20309 3116 526 880
25452 26711 3292 1141 2561 613 2 1 20309 19050 -3116 526 1259
26711 26799 2561 613 2561 613 1 1 19050 19050 0 88 0
26799 27025 2561 613 2523 801 1 2 19050 18824 3644 532 226
27025 27389 2523 801 2480 480 2 1 18824 18460 -2700 57 364
27389 27400 2480 480 2480 480 1 1 18460 18460 0 11 0
27400 28081 2480 480 3102 421 1 2 18460 17779 3948 599 681
28081 28507 3102 421 3368 581 2 1 17779 17353 -3644 115 426
28507 28875 3368 581 3231 812 1 2 17353 16985 4188 920 368
28875 29554 3231 812 3490 1232 2 1 16985 16306 -3948 325 679
29554 29987 3490 1232 3187 1362 1 2 16306 15873 4460 14 433
29987 30824 3187 1362 2630 1642 2 1 15873 15036 -4460 14 837
30824 31357 2630 1642 2219 1764 1 0 15036 14503 -4188 402 533
31357 32956 2219 1764 2447 393 0 1 14503 12904 5324 73 1599
32956 34265 2447 393 2936 1213 1 2 12904 11595 6140 360 1309
34265 34957 2936 1213 3517 1324 2 1 11595 10903 -5324 73 692
34957 35315 3517 1324 3625 1074 1 0 10903 10545 -6140 138 358
35315 35350 3625 1074 3625 1074 0 0 10545 10545 0 35 0
35350 35654 3625 1074 3342 1053 0 1 10545 10241 6684 352 304
35654 36360 3342 1053 2718 971 1 0 10241 9535 -6684 352 706
36360 36986 2718 971 2718 971 0 0 9535 9535 0 626 0
36986 37204 2718 971 2688 783 0 1 9535 9317 7212 144 218
37204 37494 2688 783 2583 968 1 0 9317 9027 -7212 144 290
37494 40725 2583 968 2583 968 0 0 9027 9027 0 3231 0
40725 41033 2583 968 2855 932 0 1 9027 8719 8396 594 308
41033 42222 2855 932 3985 991 1 0 8719 7530 -8396 594 1189
42222 42476 3985 991 3985 991 0 0 7530 7530 0 254 0
42476 50000 3985 991 8750 3750 0 0 7530 6 1000000000 0 7524
--------------------------------------
--------------------------------------
EV16
--------------------------------------
Num TPs served = 13
TPs served = 1452 1788 2156 2444 2492 2924 3404 3980 4044 5148 6044 6396 6876
Total energy used = 35616
--------------------------------------
Schedule:
0 9595 8750 3750 8750 3750 0 0 35632 35632 0 9595 0
9595 18223 8750 3750 2981 891 0 1 35632 27004 1452 608 8628
18223 19440 2981 891 3247 1842 1 0 27004 25787 -1452 608 1217
19440 20375 3247 1842 3083 1071 0 1 25787 24852 1788 59 935
20375 21043 3083 1071 3334 1488 1 0 24852 24184 -1788 59 668
21043 21422 3334 1488 3334 1488 0 0 24184 24184 0 379 0
21422 21699 3334 1488 3325 1220 0 1 24184 23907 2156 429 277
21699 22559 3325 1220 2957 728 1 0 23907 23047 -2156 429 860
22559 23202 2957 728 2574 988 0 1 23047 22404 2492 241 643
23202 23295 2574 988 2644 1011 1 2 22404 22311 2444 170 93
23295 23895 2644 1011 2709 1546 2 1 22311 21711 -2492 241 600
23895 24435 2709 1546 2702 2079 1 0 21711 21171 -2444 156 540
24435 25354 2702 2079 2286 1576 0 1 21171 20252 2924 171 919
25354 26461 2286 1576 3000 1183 1 2 20252 19145 3404 367 1107
26461 27123 3000 1183 2920 601 2 1 19145 18483 -2924 11 662
27123 27852 2920 601 3281 233 1 0 18483 17754 -3404 207 729
27852 27942 3281 233 3281 233 0 0 17754 17754 0 90 0
27942 28206 3281 233 3044 260 0 1 17754 17490 3980 233 264
28206 28674 3044 260 2794 478 1 0 17490 17022 -3980 233 468
28674 29284 2794 478 3137 745 0 1 17022 16412 4044 15 610
29284 31006 3137 745 1554 606 1 0 16412 14690 -4044 15 1722
31006 32174 1554 606 2518 810 0 1 14690 13522 5148 121 1168
32174 33680 2518 810 3881 953 1 0 13522 12016 -5148 121 1506
33680 34471 3881 953 3247 796 0 1 12016 11225 6044 205 791
34471 34967 3247 796 2811 856 1 2 11225 10729 6396 415 496
34967 35960 2811 856 2289 1327 2 1 10729 9736 -6396 415 993
35960 36059 2289 1327 2371 1344 1 0 9736 9637 -6044 41 99
36059 36063 2371 1344 2371 1344 0 0 9637 9637 0 4 0
36063 36214 2371 1344 2287 1277 0 1 9637 9486 6876 366 151
36214 36947 2287 1277 2753 1010 1 0 9486 8753 -6876 366 733
36947 41263 2753 1010 2753 1010 0 0 8753 8753 0 4316 0
41263 50000 2753 1010 8750 3750 0 0 8753 16 1000000000 0 8737
--------------------------------------
--------------------------------------
EV17
--------------------------------------
Num TPs served = 15
TPs served = 1468 1740 2092 2684 2732 3164 3212 3708 3964 4508 4796 5276 5580 6172 7420
Total energy used = 35576
--------------------------------------
Schedule:
0 9419 8750 3750 8750 3750 0 0 35632 35632 0 9419 0
9419 18323 8750 3750 3260 336 0 1 35632 26728 1468 439 8904
18323 19203 3260 336 2494 450 1 0 26728 25848 -1468 439 880
19203 19335 2494 450 2494 450 0 0 25848 25848 0 132 0
19335 19841 2494 450 2310 772 0 1 25848 25342 1740 737 506
19841 20015 2310 772 2310 772 1 1 25342 25342 0 174 0
20015 21418 2310 772 2029 1894 1 2 25342 23939 2092 651 1403
21418 21919 2029 1894 2243 2181 2 1 23939 23438 -1740 135 501
21919 23295 2243 2181 3211 1773 1 0 23438 22062 -2092 77 1376
23295 23591 3211 1773 3211 1773 0 0 22062 22062 0 296 0
23591 24026 3211 1773 3288 1415 0 1 22062 21627 2732 490 435
24026 24175 3288 1415 3221 1497 1 2 21627 21478 2684 249 149
24175 25172 3221 1497 2418 1303 2 1 21478 20481 -2732 326 997
25172 25354 2418 1303 2238 1301 1 0 20481 20299 -2684 249 182
25354 25654 2238 1301 2324 1087 0 1 20299 19999 3212 322 300
25654 25792 2324 1087 2435 1114 1 2 19999 19861 3164 247 138
25792 26314 2435 1114 2643 1428 2 1 19861 19339 -3212 322 522
26314 26856 2643 1428 2936 1677 1 0 19339 18797 -3164 247 542
26856 27002 2936 1677 2936 1677 0 0 18797 18797 0 146 0
27002 27242 2936 1677 3084 1585 0 1 18797 18557 3708 724 240
27242 28664 3084 1585 2720 527 1 2 18557 17135 3964 2 1422
28664 28781 2720 527 2648 572 2 1 17135 17018 -3708 634 117
28781 29681 2648 572 2200 1024 1 0 17018 16118 -3964 2 900
29681 29810 2200 1024 2275 970 0 1 16118 15989 4508 248 129
29810 30447 2275 970 2722 780 1 0 15989 15352 -4508 248 637
30447 30791 2722 780 2466 868 0 1 15352 15008 4796 109 344
30791 31472 2466 868 2444 1527 1 0 15008 14327 -4796 109 681
31472 32352 2444 1527 3055 1258 0 1 14327 13447 5276 92 880
32352 33441 3055 1258 2179 1045 1 0 13447 12358 -5276 92 1089
33441 33634 2179 1045 2013 1072 0 1 12358 12165 5580 90 193
33634 34310 2013 1072 2217 600 1 2 12165 11489 6172 1035 676
34310 35564 2217 600 3202 331 2 1 11489 10235 -5580 90 1254
35564 36956 3202 331 3291 1634 1 0 10235 8843 -6172 497 1392
36956 37438 3291 1634 3291 1634 0 0 8843 8843 0 482 0
37438 37798 3291 1634 3618 1601 0 1 8843 8483 7420 357 360
37798 38514 3618 1601 3045 1744 1 0 8483 7767 -7420 357 716
38514 42289 3045 1744 3045 1744 0 0 7767 7767 0 3775 0
42289 50000 3045 1744 8750 3750 0 0 7767 56 1000000000 0 7711
--------------------------------------
--------------------------------------
EV18
--------------------------------------
Num TPs served = 12
TPs served = 1596 1868 2220 2764 2972 3756 4476 4940 5564 5932 7388 8044
Total energy used = 35374
--------------------------------------
Schedule:
0 10158 8750 3750 8750 3750 0 0 35632 35632 0 10158 0
10158 19011 8750 3750 2237 1410 0 1 35632 26779 1596 286 8853
19011 19585 2237 1410 2234 839 1 0 26779 26205 -1596 286 574
19585 20739 2234 839 2572 1655 0 1 26205 25051 1868 113 1154
20739 21466 2572 1655 2852 1208 1 0 25051 24324 -1868 113 727
21466 22505 2852 1208 2092 929 0 1 24324 23285 2220 225 1039
22505 23984 2092 929 3263 1237 1 0 23285 21806 -2220 225 1479
23984 24280 3263 1237 3329 1007 0 1 21806 21510 2764 148 296
24280 24821 3329 1007 3359 1518 1 0 21510 20969 -2764 148 541
24821 25474 3359 1518 3462 968 0 1 20969 20316 2972 224 653
25474 27160 3462 968 2576 1768 1 0 20316 18630 -2972 224 1686
27160 27876 2576 1768 2986 2074 0 1 18630 17914 3756 162 716
27876 29176 2986 2074 3295 1083 1 0 17914 16614 -3756 162 1300
29176 29995 3295 1083 2642 1249 0 1 16614 15795 4476 53 819
29995 30847 2642 1249 2818 573 1 0 15795 14943 -4476 53 852
30847 30993 2818 573 2714 615 0 1 14943 14797 4940 572 146
30993 32272 2714 615 3957 579 1 0 14797 13518 -4940 572 1279
32272 33365 3957 579 2889 604 0 1 13518 12425 5564 28 1093
33365 34315 2889 604 2067 732 1 2 12425 11475 5932 353 950
34315 34705 2067 732 2053 1108 2 1 11475 11085 -5564 28 390
34705 36382 2053 1108 3530 1308 1 0 11085 9408 -5932 325 1677
36382 37488 3530 1308 3530 1308 0 0 9408 9408 0 1106 0
37488 37712 3530 1308 3408 1206 0 1 9408 9184 7388 241 224
37712 38196 3408 1206 3194 936 1 0 9184 8700 -7388 241 484
38196 39672 3194 936 3194 936 0 0 8700 8700 0 1476 0
39672 39768 3194 936 3254 900 0 1 8700 8604 8044 437 96
39768 40644 3254 900 3416 1614 1 0 8604 7728 -8044 437 876
40644 42530 3416 1614 3416 1614 0 0 7728 7728 0 1886 0
42530 50000 3416 1614 8750 3750 0 0 7728 258 1000000000 0 7470
--------------------------------------
--------------------------------------
EV19
--------------------------------------
Num TPs served = 15
TPs served = 1756 2204 2380 3100 3292 3836 4236 4396 4924 5260 5676 5868 6620 6924 8012
Total energy used = 35468
--------------------------------------
Schedule:
0 12314 8750 3750 8750 3750 0 0 35632 35632 0 12314 0
12314 19939 8750 3750 3657 1218 0 1 35632 28007 1756 334 7625
19939 20609 3657 1218 3298 1529 1 0 28007 27337 -1756 334 670
20609 21001 3298 1529 3298 1529 0 0 27337 27337 0 392 0
21001 21934 3298 1529 3908 1852 0 1 27337 26404 2204 1007 933
21934 23219 3908 1852 2940 1535 1 2 26404 25119 2380 131 1285
23219 24638 2940 1535 3220 396 2 1 25119 23700 -2380 131 1419
24638 24836 3220 396 3185 559 1 0 23700 23502 -2204 121 198
24836 25077 3185 559 3185 559 0 0 23502 23502 0 241 0
25077 25276 3185 559 3028 517 0 1 23502 23303 3100 369 199
25276 26194 3028 517 2688 1095 1 2 23303 22385 3292 151 918
26194 26372 2688 1095 2751 980 2 1 22385 22207 -3100 13 178
26372 27278 2751 980 2150 675 1 0 22207 21301 -3292 25 906
27278 28231 2150 675 2594 166 0 1 21301 20348 3836 212 953
28231 28247 2594 166 2594 166 1 1 20348 20348 0 16 0
28247 28927 2594 166 2712 728 1 2 20348 19668 4236 652 680
28927 29035 2712 728 2712 728 2 2 19668 19668 0 108 0
29035 29383 2712 728 3057 731 2 3 19668 19320 4396 94 348
29383 29572 3057 731 3188 789 3 2 19320 19131 -4396 94 189
29572 29852 3188 789 3292 965 2 1 19131 18851 -3836 88 280
29852 30770 3292 965 3077 1668 1 0 18851 17933 -4236 114 918
30770 30974 3077 1668 3159 1790 0 1 17933 17729 4924 238 204
30974 31676 3159 1790 2753 1494 1 0 17729 17027 -4924 238 702
31676 32163 2753 1494 2847 1101 0 1 17027 16540 5260 95 487
32163 32959 2847 1101 3610 1134 1 0 16540 15744 -5260 95 796
32959 33328 3610 1134 3717 1396 0 1 15744 15375 5676 574 369
33328 33866 3717 1396 3240 1335 1 2 15375 14837 5868 197 538
33866 34999 3240 1335 2603 839 2 1 14837 13704 -5868 197 1133
34999 35166 2603 839 2622 691 1 0 13704 13537 -5676 536 167
35166 36329 2622 691 2401 1633 0 1 13537 12374 6620 169 1163
36329 36964 2401 1633 2709 1306 1 2 12374 11739 6924 180 635
36964 38283 2709 1306 3511 789 2 1 11739 10420 -6620 169 1319
38283 38711 3511 789 3443 429 1 0 10420 9992 -6924 44 428
38711 39120 3443 429 3443 429 0 0 9992 9992 0 409 0
39120 39671 3443 429 3788 635 0 1 9992 9441 8012 537 551
39671 40747 3788 635 3188 1111 1 0 9441 8365 -8012 537 1076
40747 41799 3188 1111 3188 1111 0 0 8365 8365 0 1052 0
41799 50000 3188 1111 8750 3750 0 0 8365 164 1000000000 0 8201
--------------------------------------
--------------------------------------
EV20
--------------------------------------
Num TPs served = 15
TPs served = 1964 2252 2780 3356 4172 4204 5212 5452 5804 5836 6252 6556 6860 7004 8060
Total energy used = 35268
--------------------------------------
Schedule:
0 12142 8750 3750 8750 3750 0 0 35632 35632 0 12142 0
12142 20958 8750 3750 2602 1082 0 1 35632 26816 1964 486 8816
20958 21932 2602 1082 3083 1575 1 0 26816 25842 -1964 486 974
21932 22438 3083 1575 2586 1584 0 1 25842 25336 2252 269 506
22438 23626 2586 1584 3126 936 1 0 25336 24148 -2252 269 1188
23626 24773 3126 936 3861 1348 0 1 24148 23001 2780 84 1147
24773 26055 3861 1348 2589 1358 1 0 23001 21719 -2780 84 1282
26055 26745 2589 1358 2500 757 0 1 21719 21029 3356 31 690
26745 28156 2500 757 2754 1914 1 0 21029 19618 -3356 31 1411
28156 28603 2754 1914 2754 1914 0 0 19618 19618 0 447 0
28603 28850 2754 1914 2658 1763 0 1 19618 19371 4204 615 247
28850 28981 2658 1763 2634 1656 1 2 19371 19240 4172 782 131
28981 30082 2634 1656 2304 885 2 1 19240 18139 -4204 615 1101
30082 31654 2304 885 3289 298 1 0 18139 16567 -4172 122 1572
31654 31930 3289 298 3181 466 0 1 16567 16291 5212 358 276
31930 32469 3181 466 2760 584 1 2 16291 15752 5452 198 539
32469 32983 2760 584 2523 861 2 1 15752 15238 -5452 198 514
32983 33282 2523 861 2523 861 1 1 15238 15238 0 299 0
33282 33408 2523 861 2487 951 1 2 15238 15112 5836 178 126
33408 33431 2487 951 2506 947 2 1 15112 15089 -5212 13 23
33431 33804 2506 947 2331 749 1 0 15089 14716 -5836 140 373
33804 33895 2331 749 2332 659 0 1 14716 14625 5804 46 91
33895 35134 2332 659 3389 841 1 0 14625 13386 -5804 46 1239
35134 35514 3389 841 3414 486 0 1 13386 13006 6556 415 380
35514 35795 3414 486 3234 385 1 2 13006 12725 6252 53 281
35795 36319 3234 385 3199 874 2 3 12725 12201 6860 670 524
36319 36714 3199 874 2910 980 3 4 12201 11806 7004 706 395
36714 36900 2910 980 2779 1035 4 3 11806 11620 -6556 213 186
36900 37958 2779 1035 2315 1629 3 2 11620 10562 -6860 670 1058
37958 38426 2315 1629 2219 2001 2 1 10562 10094 -6252 53 468
38426 38741 2219 2001 2386 2149 1 0 10094 9779 -7004 372 315
38741 39076 2386 2149 2386 2149 0 0 9779 9779 0 335 0
39076 39829 2386 2149 2414 1424 0 1 9779 9026 8060 769 753
39829 41368 2414 1424 2812 2565 1 0 9026 7487 -8060 769 1539
41368 42877 2812 2565 2812 2565 0 0 7487 7487 0 1509 0
42877 50000 2812 2565 8750 3750 0 0 7487 364 1000000000 0 7123
--------------------------------------
--------------------------------------
EV21
--------------------------------------
Num TPs served = 14
TPs served = 1980 2236 2508 3020 3132 3804 4268 4652 4972 5660 5756 6604 7228 8348
Total energy used = 35554
--------------------------------------
Schedule:
0 11530 8750 3750 8750 3750 0 0 35632 35632 0 11530 0
11530 21041 8750 3750 2293 696 0 1 35632 26121 1980 261 9511
21041 21564 2293 696 2583 463 1 0 26121 25598 -1980 261 523
21564 22116 2583 463 2198 630 0 1 25598 25046 2236 297 552
22116 22841 2198 630 2586 967 1 0 25046 24321 -2236 297 725
22841 23562 2586 967 2763 1511 0 1 24321 23600 2508 144 721
23562 24690 2763 1511 3533 1153 1 0 23600 22472 -2508 144 1128
24690 24954 3533 1153 3533 1153 0 0 22472 22472 0 264 0
24954 25412 3533 1153 3763 1381 0 1 22472 22014 3132 762 458
25412 25488 3763 1381 3749 1319 1 2 22014 21938 3020 61 76
25488 26540 3749 1319 2758 1380 2 1 21938 20886 -3020 61 1052
26540 27061 2758 1380 2401 1544 1 0 20886 20365 -3132 638 521
27061 27618 2401 1544 2796 1382 0 1 20365 19808 3804 395 557
27618 28490 2796 1382 3460 1590 1 0 19808 18936 -3804 395 872
28490 28517 3460 1590 3460 1590 0 0 18936 18936 0 27 0
28517 29024 3460 1590 3601 1224 0 1 18936 18429 4268 494 507
29024 30014 3601 1224 3152 683 1 0 18429 17439 -4268 494 990
30014 30705 3152 683 3459 299 0 1 17439 16748 4652 412 691
30705 31259 3459 299 3336 730 1 2 16748 16194 4972 517 554
31259 32745 3336 730 2741 1621 2 1 16194 14708 -4972 517 1486
32745 32883 2741 1621 2803 1545 1 0 14708 14570 -4652 136 138
32883 33002 2803 1545 2867 1490 0 1 14570 14451 5660 110 119
33002 33300 2867 1490 2730 1651 1 0 14451 14153 -5660 110 298
33300 33858 2730 1651 3081 1444 0 1 14153 13595 5756 64 558
33858 35293 3081 1444 1989 1101 1 0 13595 12160 -5756 64 1435
35293 36172 1989 1101 2145 1824 0 1 12160 11281 6604 175 879
36172 37348 2145 1824 2685 1188 1 2 11281 10105 7228 549 1176
37348 37920 2685 1188 2771 702 2 1 10105 9533 -6604 175 572
37920 38626 2771 702 3476 703 1 0 9533 8827 -7228 547 706
38626 40237 3476 703 3476 703 0 0 8827 8827 0 1611 0
40237 40847 3476 703 3553 1236 0 1 8827 8217 8348 135 610
40847 41118 3553 1236 3339 1293 1 0 8217 7946 -8348 135 271
41118 42132 3339 1293 3339 1293 0 0 7946 7946 0 1014 0
42132 50000 3339 1293 8750 3750 0 0 7946 78 1000000000 0 7868
--------------------------------------

-------------------------------------------------------------------------

TPs

-------------------------------------------------------------------------

----------------------
TP12 not allocated
----------------------

----------------------
TP28 not allocated
----------------------

----------------------
TP44 not allocated
----------------------

----------------------
TP60 not allocated
----------------------

----------------------
TP76 not allocated
----------------------

----------------------
TP92 not allocated
----------------------

----------------------
TP108 not allocated
----------------------

----------------------
TP124 not allocated
----------------------

----------------------
TP140 not allocated
----------------------

----------------------
TP156 not allocated
----------------------

----------------------
TP172 not allocated
----------------------

----------------------
TP188 not allocated
----------------------

----------------------
TP204 not allocated
----------------------

----------------------
TP220 allocated to 1
----------------------

----------------------
TP236 not allocated
----------------------

----------------------
TP252 not allocated
----------------------

----------------------
TP268 not allocated
----------------------

----------------------
TP284 not allocated
----------------------

----------------------
TP300 not allocated
----------------------

----------------------
TP316 not allocated
----------------------

----------------------
TP332 not allocated
----------------------

----------------------
TP348 not allocated
----------------------

----------------------
TP364 allocated to 1
----------------------

----------------------
TP380 not allocated
----------------------

----------------------
TP396 not allocated
----------------------

----------------------
TP412 not allocated
----------------------

----------------------
TP428 allocated to 2
----------------------

----------------------
TP444 not allocated
----------------------

----------------------
TP460 not allocated
----------------------

----------------------
TP476 not allocated
----------------------

----------------------
TP492 not allocated
----------------------

----------------------
TP508 not allocated
----------------------

----------------------
TP524 not allocated
----------------------

----------------------
TP540 not allocated
----------------------

----------------------
TP556 not allocated
----------------------

----------------------
TP572 not allocated
----------------------

----------------------
TP588 not allocated
----------------------

----------------------
TP604 not allocated
----------------------

----------------------
TP620 not allocated
----------------------

----------------------
TP636 not allocated
----------------------

----------------------
TP652 not allocated
----------------------

----------------------
TP668 not allocated
----------------------

----------------------
TP684 not allocated
----------------------

----------------------
TP700 not allocated
----------------------

----------------------
TP716 not allocated
----------------------

----------------------
TP732 not allocated
----------------------

----------------------
TP748 allocated to 3
----------------------

----------------------
TP764 not allocated
----------------------

----------------------
TP780 not allocated
----------------------

----------------------
TP796 not allocated
----------------------

----------------------
TP812 allocated to 2
----------------------

----------------------
TP828 not allocated
----------------------

----------------------
TP844 not allocated
----------------------

----------------------
TP860 allocated to 2
----------------------

----------------------
TP876 not allocated
----------------------

----------------------
TP892 not allocated
----------------------

----------------------
TP908 not allocated
----------------------

----------------------
TP924 not allocated
----------------------

----------------------
TP940 not allocated
----------------------

----------------------
TP956 allocated to 4
----------------------

----------------------
TP972 not allocated
----------------------

----------------------
TP988 not allocated
----------------------

----------------------
TP1004 not allocated
----------------------

----------------------
TP1020 allocated to 5
----------------------

----------------------
TP1036 not allocated
----------------------

----------------------
TP1052 not allocated
----------------------

----------------------
TP1068 not allocated
----------------------

----------------------
TP1084 allocated to 6
----------------------

----------------------
TP1100 not allocated
----------------------

----------------------
TP1116 allocated to 4
----------------------

----------------------
TP1132 allocated to 3
----------------------

----------------------
TP1148 allocated to 6
----------------------

----------------------
TP1164 allocated to 7
----------------------

----------------------
TP1180 not allocated
----------------------

----------------------
TP1196 allocated to 8
----------------------

----------------------
TP1212 allocated to 5
----------------------

----------------------
TP1228 allocated to 9
----------------------

----------------------
TP1244 allocated to 10
----------------------

----------------------
TP1260 not allocated
----------------------

----------------------
TP1276 allocated to 11
----------------------

----------------------
TP1292 allocated to 12
----------------------

----------------------
TP1308 allocated to 13
----------------------

----------------------
TP1324 allocated to 14
----------------------

----------------------
TP1340 not allocated
----------------------

----------------------
TP1356 allocated to 6
----------------------

----------------------
TP1372 allocated to 8
----------------------

----------------------
TP1388 allocated to 15
----------------------

----------------------
TP1404 allocated to 7
----------------------

----------------------
TP1420 not allocated
----------------------

----------------------
TP1436 not allocated
----------------------

----------------------
TP1452 allocated to 16
----------------------

----------------------
TP1468 allocated to 17
----------------------

----------------------
TP1484 allocated to 3
----------------------

----------------------
TP1500 allocated to 9
----------------------

----------------------
TP1516 allocated to 11
----------------------

----------------------
TP1532 allocated to 8
----------------------

----------------------
TP1548 allocated to 3
----------------------

----------------------
TP1564 allocated to 13
----------------------

----------------------
TP1580 allocated to 14
----------------------

----------------------
TP1596 allocated to 18
----------------------

----------------------
TP1612 allocated to 12
----------------------

----------------------
TP1628 allocated to 15
----------------------

----------------------
TP1644 allocated to 5
----------------------

----------------------
TP1660 allocated to 11
----------------------

----------------------
TP1676 allocated to 4
----------------------

----------------------
TP1692 allocated to 8
----------------------

----------------------
TP1708 allocated to 10
----------------------

----------------------
TP1724 allocated to 10
----------------------

----------------------
TP1740 allocated to 17
----------------------

----------------------
TP1756 allocated to 19
----------------------

----------------------
TP1772 allocated to 14
----------------------

----------------------
TP1788 allocated to 16
----------------------

----------------------
TP1804 allocated to 13
----------------------

----------------------
TP1820 allocated to 6
----------------------

----------------------
TP1836 allocated to 3
----------------------

----------------------
TP1852 allocated to 9
----------------------

----------------------
TP1868 allocated to 18
----------------------

----------------------
TP1884 allocated to 6
----------------------

----------------------
TP1900 allocated to 9
----------------------

----------------------
TP1916 allocated to 11
----------------------

----------------------
TP1932 allocated to 12
----------------------

----------------------
TP1948 allocated to 14
----------------------

----------------------
TP1964 allocated to 20
----------------------

----------------------
TP1980 allocated to 21
----------------------

----------------------
TP1996 allocated to 8
----------------------

----------------------
TP2012 not allocated
----------------------

----------------------
TP2028 not allocated
----------------------

----------------------
TP2044 allocated to 11
----------------------

----------------------
TP2060 allocated to 12
----------------------

----------------------
TP2076 not allocated
----------------------

----------------------
TP2092 allocated to 17
----------------------

----------------------
TP2108 allocated to 7
----------------------

----------------------
TP2124 allocated to 15
----------------------

----------------------
TP2140 allocated to 3
----------------------

----------------------
TP2156 allocated to 16
----------------------

----------------------
TP2172 allocated to 11
----------------------

----------------------
TP2188 allocated to 14
----------------------

----------------------
TP2204 allocated to 19
----------------------

----------------------
TP2220 allocated to 18
----------------------

----------------------
TP2236 allocated to 21
----------------------

----------------------
TP2252 allocated to 20
----------------------

----------------------
TP2268 not allocated
----------------------

----------------------
TP2284 not allocated
----------------------

----------------------
TP2300 not allocated
----------------------

----------------------
TP2316 allocated to 10
----------------------

----------------------
TP2332 allocated to 8
----------------------

----------------------
TP2348 allocated to 9
----------------------

----------------------
TP2364 not allocated
----------------------

----------------------
TP2380 allocated to 19
----------------------

----------------------
TP2396 not allocated
----------------------

----------------------
TP2412 not allocated
----------------------

----------------------
TP2428 allocated to 13
----------------------

----------------------
TP2444 allocated to 16
----------------------

----------------------
TP2460 allocated to 7
----------------------

----------------------
TP2476 allocated to 12
----------------------

----------------------
TP2492 allocated to 16
----------------------

----------------------
TP2508 allocated to 21
----------------------

----------------------
TP2524 allocated to 10
----------------------

----------------------
TP2540 not allocated
----------------------

----------------------
TP2556 allocated to 9
----------------------

----------------------
TP2572 not allocated
----------------------

----------------------
TP2588 not allocated
----------------------

----------------------
TP2604 allocated to 13
----------------------

----------------------
TP2620 allocated to 12
----------------------

----------------------
TP2636 not allocated
----------------------

----------------------
TP2652 allocated to 6
----------------------

----------------------
TP2668 not allocated
----------------------

----------------------
TP2684 allocated to 17
----------------------

----------------------
TP2700 allocated to 15
----------------------

----------------------
TP2716 not allocated
----------------------

----------------------
TP2732 allocated to 17
----------------------

----------------------
TP2748 allocated to 3
----------------------

----------------------
TP2764 allocated to 18
----------------------

----------------------
TP2780 allocated to 20
----------------------

----------------------
TP2796 allocated to 13
----------------------

----------------------
TP2812 not allocated
----------------------

----------------------
TP2828 allocated to 4
----------------------

----------------------
TP2844 allocated to 14
----------------------

----------------------
TP2860 allocated to 9
----------------------

----------------------
TP2876 allocated to 5
----------------------

----------------------
TP2892 allocated to 14
----------------------

----------------------
TP2908 not allocated
----------------------

----------------------
TP2924 allocated to 16
----------------------

----------------------
TP2940 not allocated
----------------------

----------------------
TP2956 allocated to 14
----------------------

----------------------
TP2972 allocated to 18
----------------------

----------------------
TP2988 not allocated
----------------------

----------------------
TP3004 not allocated
----------------------

----------------------
TP3020 allocated to 21
----------------------

----------------------
TP3036 not allocated
----------------------

----------------------
TP3052 allocated to 4
----------------------

----------------------
TP3068 not allocated
----------------------

----------------------
TP3084 not allocated
----------------------

----------------------
TP3100 allocated to 19
----------------------

----------------------
TP3116 allocated to 15
----------------------

----------------------
TP3132 allocated to 21
----------------------

----------------------
TP3148 allocated to 9
----------------------

----------------------
TP3164 allocated to 17
----------------------

----------------------
TP3180 allocated to 14
----------------------

----------------------
TP3196 not allocated
----------------------

----------------------
TP3212 allocated to 17
----------------------

----------------------
TP3228 not allocated
----------------------

----------------------
TP3244 allocated to 5
----------------------

----------------------
TP3260 not allocated
----------------------

----------------------
TP3276 not allocated
----------------------

----------------------
TP3292 allocated to 19
----------------------

----------------------
TP3308 not allocated
----------------------

----------------------
TP3324 not allocated
----------------------

----------------------
TP3340 not allocated
----------------------

----------------------
TP3356 allocated to 20
----------------------

----------------------
TP3372 allocated to 9
----------------------

----------------------
TP3388 allocated to 7
----------------------

----------------------
TP3404 allocated to 16
----------------------

----------------------
TP3420 not allocated
----------------------

----------------------
TP3436 not allocated
----------------------

----------------------
TP3452 not allocated
----------------------

----------------------
TP3468 not allocated
----------------------

----------------------
TP3484 not allocated
----------------------

----------------------
TP3500 not allocated
----------------------

----------------------
TP3516 not allocated
----------------------

----------------------
TP3532 not allocated
----------------------

----------------------
TP3548 not allocated
----------------------

----------------------
TP3564 allocated to 10
----------------------

----------------------
TP3580 allocated to 11
----------------------

----------------------
TP3596 not allocated
----------------------

----------------------
TP3612 allocated to 4
----------------------

----------------------
TP3628 allocated to 4
----------------------

----------------------
TP3644 allocated to 15
----------------------

----------------------
TP3660 allocated to 12
----------------------

----------------------
TP3676 not allocated
----------------------

----------------------
TP3692 allocated to 13
----------------------

----------------------
TP3708 allocated to 17
----------------------

----------------------
TP3724 not allocated
----------------------

----------------------
TP3740 not allocated
----------------------

----------------------
TP3756 allocated to 18
----------------------

----------------------
TP3772 allocated to 10
----------------------

----------------------
TP3788 allocated to 10
----------------------

----------------------
TP3804 allocated to 21
----------------------

----------------------
TP3820 not allocated
----------------------

----------------------
TP3836 allocated to 19
----------------------

----------------------
TP3852 not allocated
----------------------

----------------------
TP3868 not allocated
----------------------

----------------------
TP3884 not allocated
----------------------

----------------------
TP3900 not allocated
----------------------

----------------------
TP3916 not allocated
----------------------

----------------------
TP3932 allocated to 5
----------------------

----------------------
TP3948 allocated to 15
----------------------

----------------------
TP3964 allocated to 17
----------------------

----------------------
TP3980 allocated to 16
----------------------

----------------------
TP3996 not allocated
----------------------

----------------------
TP4012 allocated to 13
----------------------

----------------------
TP4028 allocated to 9
----------------------

----------------------
TP4044 allocated to 16
----------------------

----------------------
TP4060 not allocated
----------------------

----------------------
TP4076 allocated to 9
----------------------

----------------------
TP4092 allocated to 12
----------------------

----------------------
TP4108 allocated to 7
----------------------

----------------------
TP4124 not allocated
----------------------

----------------------
TP4140 not allocated
----------------------

----------------------
TP4156 allocated to 12
----------------------

----------------------
TP4172 allocated to 20
----------------------

----------------------
TP4188 allocated to 15
----------------------

----------------------
TP4204 allocated to 20
----------------------

----------------------
TP4220 not allocated
----------------------

----------------------
TP4236 allocated to 19
----------------------

----------------------
TP4252 not allocated
----------------------

----------------------
TP4268 allocated to 21
----------------------

----------------------
TP4284 not allocated
----------------------

----------------------
TP4300 allocated to 7
----------------------

----------------------
TP4316 not allocated
----------------------

----------------------
TP4332 not allocated
----------------------

----------------------
TP4348 allocated to 13
----------------------

----------------------
TP4364 not allocated
----------------------

----------------------
TP4380 not allocated
----------------------

----------------------
TP4396 allocated to 19
----------------------

----------------------
TP4412 not allocated
----------------------

----------------------
TP4428 not allocated
----------------------

----------------------
TP4444 allocated to 12
----------------------

----------------------
TP4460 allocated to 15
----------------------

----------------------
TP4476 allocated to 18
----------------------

----------------------
TP4492 not allocated
----------------------

----------------------
TP4508 allocated to 17
----------------------

----------------------
TP4524 not allocated
----------------------

----------------------
TP4540 not allocated
----------------------

----------------------
TP4556 not allocated
----------------------

----------------------
TP4572 not allocated
----------------------

----------------------
TP4588 not allocated
----------------------

----------------------
TP4604 not allocated
----------------------

----------------------
TP4620 not allocated
----------------------

----------------------
TP4636 not allocated
----------------------

----------------------
TP4652 allocated to 21
----------------------

----------------------
TP4668 not allocated
----------------------

----------------------
TP4684 not allocated
----------------------

----------------------
TP4700 allocated to 9
----------------------

----------------------
TP4716 not allocated
----------------------

----------------------
TP4732 not allocated
----------------------

----------------------
TP4748 not allocated
----------------------

----------------------
TP4764 allocated to 9
----------------------

----------------------
TP4780 not allocated
----------------------

----------------------
TP4796 allocated to 17
----------------------

----------------------
TP4812 not allocated
----------------------

----------------------
TP4828 not allocated
----------------------

----------------------
TP4844 not allocated
----------------------

----------------------
TP4860 not allocated
----------------------

----------------------
TP4876 not allocated
----------------------

----------------------
TP4892 allocated to 10
----------------------

----------------------
TP4908 not allocated
----------------------

----------------------
TP4924 allocated to 19
----------------------

----------------------
TP4940 allocated to 18
----------------------

----------------------
TP4956 not allocated
----------------------

----------------------
TP4972 allocated to 21
----------------------

----------------------
TP4988 allocated to 13
----------------------

----------------------
TP5004 not allocated
----------------------

----------------------
TP5020 not allocated
----------------------

----------------------
TP5036 not allocated
----------------------

----------------------
TP5052 allocated to 12
----------------------

----------------------
TP5068 not allocated
----------------------

----------------------
TP5084 not allocated
----------------------

----------------------
TP5100 allocated to 5
----------------------

----------------------
TP5116 not allocated
----------------------

----------------------
TP5132 not allocated
----------------------

----------------------
TP5148 allocated to 16
----------------------

----------------------
TP5164 not allocated
----------------------

----------------------
TP5180 allocated to 5
----------------------

----------------------
TP5196 not allocated
----------------------

----------------------
TP5212 allocated to 20
----------------------

----------------------
TP5228 allocated to 4
----------------------

----------------------
TP5244 not allocated
----------------------

----------------------
TP5260 allocated to 19
----------------------

----------------------
TP5276 allocated to 17
----------------------

----------------------
TP5292 not allocated
----------------------

----------------------
TP5308 not allocated
----------------------

----------------------
TP5324 allocated to 15
----------------------

----------------------
TP5340 not allocated
----------------------

----------------------
TP5356 not allocated
----------------------

----------------------
TP5372 allocated to 4
----------------------

----------------------
TP5388 allocated to 10
----------------------

----------------------
TP5404 not allocated
----------------------

----------------------
TP5420 not allocated
----------------------

----------------------
TP5436 not allocated
----------------------

----------------------
TP5452 allocated to 20
----------------------

----------------------
TP5468 not allocated
----------------------

----------------------
TP5484 not allocated
----------------------

----------------------
TP5500 allocated to 4
----------------------

----------------------
TP5516 allocated to 13
----------------------

----------------------
TP5532 not allocated
----------------------

----------------------
TP5548 not allocated
----------------------

----------------------
TP5564 allocated to 18
----------------------

----------------------
TP5580 allocated to 17
----------------------

----------------------
TP5596 allocated to 5
----------------------

----------------------
TP5612 not allocated
----------------------

----------------------
TP5628 not allocated
----------------------

----------------------
TP5644 allocated to 7
----------------------

----------------------
TP5660 allocated to 21
----------------------

----------------------
TP5676 allocated to 19
----------------------

----------------------
TP5692 allocated to 7
----------------------

----------------------
TP5708 not allocated
----------------------

----------------------
TP5724 not allocated
----------------------

----------------------
TP5740 allocated to 13
----------------------

----------------------
TP5756 allocated to 21
----------------------

----------------------
TP5772 not allocated
----------------------

----------------------
TP5788 not allocated
----------------------

----------------------
TP5804 allocated to 20
----------------------

----------------------
TP5820 not allocated
----------------------

----------------------
TP5836 allocated to 20
----------------------

----------------------
TP5852 allocated to 7
----------------------

----------------------
TP5868 allocated to 19
----------------------

----------------------
TP5884 not allocated
----------------------

----------------------
TP5900 not allocated
----------------------

----------------------
TP5916 not allocated
----------------------

----------------------
TP5932 allocated to 18
----------------------

----------------------
TP5948 not allocated
----------------------

----------------------
TP5964 not allocated
----------------------

----------------------
TP5980 not allocated
----------------------

----------------------
TP5996 allocated to 4
----------------------

----------------------
TP6012 not allocated
----------------------

----------------------
TP6028 not allocated
----------------------

----------------------
TP6044 allocated to 16
----------------------

----------------------
TP6060 not allocated
----------------------

----------------------
TP6076 not allocated
----------------------

----------------------
TP6092 not allocated
----------------------

----------------------
TP6108 allocated to 10
----------------------

----------------------
TP6124 not allocated
----------------------

----------------------
TP6140 allocated to 15
----------------------

----------------------
TP6156 not allocated
----------------------

----------------------
TP6172 allocated to 17
----------------------

----------------------
TP6188 not allocated
----------------------

----------------------
TP6204 not allocated
----------------------

----------------------
TP6220 not allocated
----------------------

----------------------
TP6236 not allocated
----------------------

----------------------
TP6252 allocated to 20
----------------------

----------------------
TP6268 not allocated
----------------------

----------------------
TP6284 not allocated
----------------------

----------------------
TP6300 not allocated
----------------------

----------------------
TP6316 not allocated
----------------------

----------------------
TP6332 not allocated
----------------------

----------------------
TP6348 allocated to 4
----------------------

----------------------
TP6364 not allocated
----------------------

----------------------
TP6380 not allocated
----------------------

----------------------
TP6396 allocated to 16
----------------------

----------------------
TP6412 not allocated
----------------------

----------------------
TP6428 not allocated
----------------------

----------------------
TP6444 not allocated
----------------------

----------------------
TP6460 not allocated
----------------------

----------------------
TP6476 not allocated
----------------------

----------------------
TP6492 not allocated
----------------------

----------------------
TP6508 allocated to 13
----------------------

----------------------
TP6524 not allocated
----------------------

----------------------
TP6540 not allocated
----------------------

----------------------
TP6556 allocated to 20
----------------------

----------------------
TP6572 not allocated
----------------------

----------------------
TP6588 not allocated
----------------------

----------------------
TP6604 allocated to 21
----------------------

----------------------
TP6620 allocated to 19
----------------------

----------------------
TP6636 not allocated
----------------------

----------------------
TP6652 not allocated
----------------------

----------------------
TP6668 allocated to 12
----------------------

----------------------
TP6684 allocated to 15
----------------------

----------------------
TP6700 not allocated
----------------------

----------------------
TP6716 allocated to 13
----------------------

----------------------
TP6732 not allocated
----------------------

----------------------
TP6748 not allocated
----------------------

----------------------
TP6764 allocated to 10
----------------------

----------------------
TP6780 not allocated
----------------------

----------------------
TP6796 not allocated
----------------------

----------------------
TP6812 not allocated
----------------------

----------------------
TP6828 allocated to 12
----------------------

----------------------
TP6844 not allocated
----------------------

----------------------
TP6860 allocated to 20
----------------------

----------------------
TP6876 allocated to 16
----------------------

----------------------
TP6892 not allocated
----------------------

----------------------
TP6908 not allocated
----------------------

----------------------
TP6924 allocated to 19
----------------------

----------------------
TP6940 not allocated
----------------------

----------------------
TP6956 not allocated
----------------------

----------------------
TP6972 not allocated
----------------------

----------------------
TP6988 not allocated
----------------------

----------------------
TP7004 allocated to 20
----------------------

----------------------
TP7020 not allocated
----------------------

----------------------
TP7036 not allocated
----------------------

----------------------
TP7052 not allocated
----------------------

----------------------
TP7068 not allocated
----------------------

----------------------
TP7084 not allocated
----------------------

----------------------
TP7100 not allocated
----------------------

----------------------
TP7116 not allocated
----------------------

----------------------
TP7132 not allocated
----------------------

----------------------
TP7148 not allocated
----------------------

----------------------
TP7164 not allocated
----------------------

----------------------
TP7180 not allocated
----------------------

----------------------
TP7196 not allocated
----------------------

----------------------
TP7212 allocated to 15
----------------------

----------------------
TP7228 allocated to 21
----------------------

----------------------
TP7244 not allocated
----------------------

----------------------
TP7260 not allocated
----------------------

----------------------
TP7276 not allocated
----------------------

----------------------
TP7292 not allocated
----------------------

----------------------
TP7308 not allocated
----------------------

----------------------
TP7324 not allocated
----------------------

----------------------
TP7340 not allocated
----------------------

----------------------
TP7356 not allocated
----------------------

----------------------
TP7372 not allocated
----------------------

----------------------
TP7388 allocated to 18
----------------------

----------------------
TP7404 not allocated
----------------------

----------------------
TP7420 allocated to 17
----------------------

----------------------
TP7436 not allocated
----------------------

----------------------
TP7452 not allocated
----------------------

----------------------
TP7468 not allocated
----------------------

----------------------
TP7484 not allocated
----------------------

----------------------
TP7500 not allocated
----------------------

----------------------
TP7516 not allocated
----------------------

----------------------
TP7532 not allocated
----------------------

----------------------
TP7548 not allocated
----------------------

----------------------
TP7564 not allocated
----------------------

----------------------
TP7580 not allocated
----------------------

----------------------
TP7596 not allocated
----------------------

----------------------
TP7612 not allocated
----------------------

----------------------
TP7628 not allocated
----------------------

----------------------
TP7644 not allocated
----------------------

----------------------
TP7660 not allocated
----------------------

----------------------
TP7676 allocated to 12
----------------------

----------------------
TP7692 not allocated
----------------------

----------------------
TP7708 not allocated
----------------------

----------------------
TP7724 not allocated
----------------------

----------------------
TP7740 not allocated
----------------------

----------------------
TP7756 not allocated
----------------------

----------------------
TP7772 not allocated
----------------------

----------------------
TP7788 not allocated
----------------------

----------------------
TP7804 not allocated
----------------------

----------------------
TP7820 not allocated
----------------------

----------------------
TP7836 not allocated
----------------------

----------------------
TP7852 not allocated
----------------------

----------------------
TP7868 not allocated
----------------------

----------------------
TP7884 not allocated
----------------------

----------------------
TP7900 not allocated
----------------------

----------------------
TP7916 allocated to 5
----------------------

----------------------
TP7932 not allocated
----------------------

----------------------
TP7948 not allocated
----------------------

----------------------
TP7964 not allocated
----------------------

----------------------
TP7980 not allocated
----------------------

----------------------
TP7996 not allocated
----------------------

----------------------
TP8012 allocated to 19
----------------------

----------------------
TP8028 not allocated
----------------------

----------------------
TP8044 allocated to 18
----------------------

----------------------
TP8060 allocated to 20
----------------------

----------------------
TP8076 not allocated
----------------------

----------------------
TP8092 not allocated
----------------------

----------------------
TP8108 not allocated
----------------------

----------------------
TP8124 not allocated
----------------------

----------------------
TP8140 not allocated
----------------------

----------------------
TP8156 not allocated
----------------------

----------------------
TP8172 not allocated
----------------------

----------------------
TP8188 not allocated
----------------------

----------------------
TP8204 not allocated
----------------------

----------------------
TP8220 not allocated
----------------------

----------------------
TP8236 not allocated
----------------------

----------------------
TP8252 not allocated
----------------------

----------------------
TP8268 not allocated
----------------------

----------------------
TP8284 not allocated
----------------------

----------------------
TP8300 not allocated
----------------------

----------------------
TP8316 not allocated
----------------------

----------------------
TP8332 not allocated
----------------------

----------------------
TP8348 allocated to 21
----------------------

----------------------
TP8364 not allocated
----------------------

----------------------
TP8380 not allocated
----------------------

----------------------
TP8396 allocated to 15
----------------------

----------------------
TP8412 not allocated
----------------------

----------------------
TP8428 not allocated
----------------------

----------------------
TP8444 not allocated
----------------------

----------------------
TP8460 not allocated
----------------------

----------------------
TP8476 not allocated
----------------------

----------------------
TP8492 not allocated
----------------------

----------------------
TP8508 not allocated
----------------------

----------------------
TP8524 not allocated
----------------------

----------------------
TP8540 not allocated
----------------------

----------------------
TP8556 not allocated
----------------------

----------------------
TP8572 not allocated
----------------------

----------------------
TP8588 not allocated
----------------------

----------------------
TP8604 not allocated
----------------------

----------------------
TP8620 not allocated
----------------------

----------------------
TP8636 not allocated
----------------------

----------------------
TP8652 not allocated
----------------------

----------------------
TP8668 not allocated
----------------------

----------------------
TP8684 not allocated
----------------------

----------------------
TP8700 not allocated
----------------------

----------------------
TP8716 not allocated
----------------------

----------------------
TP8732 not allocated
----------------------

----------------------
TP8748 not allocated
----------------------

----------------------
TP8764 not allocated
----------------------

----------------------
TP8780 not allocated
----------------------

----------------------
TP8796 not allocated
----------------------

----------------------
TP8812 not allocated
----------------------

----------------------
TP8828 not allocated
----------------------

----------------------
TP8844 not allocated
----------------------

----------------------
TP8860 not allocated
----------------------

----------------------
TP8876 not allocated
----------------------

----------------------
TP8892 not allocated
----------------------

----------------------
TP8908 not allocated
----------------------

----------------------
TP8924 not allocated
----------------------

----------------------
TP8940 not allocated
----------------------

----------------------
TP8956 not allocated
----------------------

----------------------
TP8972 not allocated
----------------------

----------------------
TP8988 not allocated
----------------------

----------------------
TP9004 not allocated
----------------------

----------------------
TP9020 not allocated
----------------------

----------------------
TP9036 not allocated
----------------------

----------------------
TP9052 not allocated
----------------------

----------------------
TP9068 not allocated
----------------------

----------------------
TP9084 not allocated
----------------------

----------------------
TP9100 not allocated
----------------------

----------------------
TP9116 not allocated
----------------------

----------------------
TP9132 not allocated
----------------------

----------------------
TP9148 not allocated
----------------------

----------------------
TP9164 not allocated
----------------------

----------------------
TP9180 not allocated
----------------------

----------------------
TP9196 not allocated
----------------------

----------------------
TP9212 not allocated
----------------------

----------------------
TP9228 not allocated
----------------------

----------------------
TP9244 not allocated
----------------------

----------------------
TP9260 not allocated
----------------------

----------------------
TP9276 not allocated
----------------------

----------------------
TP9292 not allocated
----------------------

----------------------
TP9308 not allocated
----------------------

----------------------
TP9324 not allocated
----------------------

----------------------
TP9340 not allocated
----------------------

----------------------
TP9356 not allocated
----------------------

----------------------
TP9372 not allocated
----------------------

----------------------
TP9388 not allocated
----------------------

----------------------
TP9404 not allocated
----------------------

----------------------
TP9420 not allocated
----------------------

----------------------
TP9436 not allocated
----------------------

----------------------
TP9452 not allocated
----------------------

----------------------
TP9468 not allocated
----------------------

----------------------
TP9484 not allocated
----------------------

----------------------
TP9500 not allocated
----------------------

----------------------
TP9516 not allocated
----------------------

----------------------
TP9532 not allocated
----------------------

----------------------
TP9548 not allocated
----------------------

----------------------
TP9564 not allocated
----------------------

----------------------
TP9580 not allocated
----------------------

----------------------
TP9596 not allocated
----------------------

----------------------
TP9612 not allocated
----------------------

----------------------
TP9628 not allocated
----------------------

----------------------
TP9644 not allocated
----------------------

----------------------
TP9660 not allocated
----------------------

----------------------
TP9676 not allocated
----------------------

----------------------
TP9692 not allocated
----------------------

----------------------
TP9708 not allocated
----------------------

----------------------
TP9724 not allocated
----------------------

----------------------
TP9740 not allocated
----------------------

----------------------
TP9756 not allocated
----------------------

----------------------
TP9772 not allocated
----------------------

----------------------
TP9788 not allocated
----------------------

----------------------
TP9804 not allocated
----------------------

----------------------
TP9820 not allocated
----------------------

----------------------
TP9836 not allocated
----------------------

----------------------
TP9852 not allocated
----------------------

----------------------
TP9868 not allocated
----------------------

----------------------
TP9884 not allocated
----------------------

----------------------
TP9900 not allocated
----------------------

----------------------
TP9916 not allocated
----------------------

----------------------
TP9932 not allocated
----------------------

----------------------
TP9948 not allocated
----------------------

----------------------
TP9964 not allocated
----------------------

----------------------
TP9980 not allocated
----------------------

----------------------
TP9996 not allocated
----------------------

-------------------------------------------------------------------------

Ride-sharing vs Individual Mode - Num Vehicles and Distance Comparisson 

-------------------------------------------------------------------------
Individual Mode = 625 vehicles.
Ride-sharing Mode = 423 vehicles. The 21 ride-sharing vehicles + 402 vehicles of the individuals not served by the ride-sharing service.
-------------------------------------------------------------------------
Individual Mode = 870233 distance.
Ride-sharing Mode = 1210613 distance. 714728 from the EV fleet + 495885 from the distance of the trips not covered individuals had to do with their own vehicle.
-------------------------------------------------------------------------
