10000 10000 50000
1
15 8750 6250
273
1 15 0 35632 5
0
2 15 0 35632 5
0
3 15 0 35632 5
0
4 15 0 35632 5
0
5 15 0 35632 5
0
6 15 0 35632 5
0
7 15 0 35632 5
0
8 15 0 35632 5
0
9 15 0 35632 5
0
10 15 0 35632 5
0
11 15 0 35632 5
0
12 15 0 35632 5
0
13 15 0 35632 5
0
14 15 0 35632 5
0
15 15 0 35632 5
0
16 15 0 35632 5
0
17 15 0 35632 5
0
18 15 0 35632 5
0
19 15 0 35632 5
0
20 15 0 35632 5
0
21 15 0 35632 5
0
22 15 0 35632 5
0
23 15 0 35632 5
0
24 15 0 35632 5
0
25 15 0 35632 5
0
26 15 0 35632 5
0
27 15 0 35632 5
0
28 15 0 35632 5
0
29 15 0 35632 5
0
30 15 0 35632 5
0
31 15 0 35632 5
0
32 15 0 35632 5
0
33 15 0 35632 5
0
34 15 0 35632 5
0
35 15 0 35632 5
0
36 15 0 35632 5
0
37 15 0 35632 5
0
38 15 0 35632 5
0
39 15 0 35632 5
0
40 15 0 35632 5
0
41 15 0 35632 5
0
42 15 0 35632 5
0
43 15 0 35632 5
0
44 15 0 35632 5
0
45 15 0 35632 5
0
46 15 0 35632 5
0
47 15 0 35632 5
0
48 15 0 35632 5
0
49 15 0 35632 5
0
50 15 0 35632 5
0
51 15 0 35632 5
0
52 15 0 35632 5
0
53 15 0 35632 5
0
54 15 0 35632 5
0
55 15 0 35632 5
0
56 15 0 35632 5
0
57 15 0 35632 5
0
58 15 0 35632 5
0
59 15 0 35632 5
0
60 15 0 35632 5
0
61 15 0 35632 5
0
62 15 0 35632 5
0
63 15 0 35632 5
0
64 15 0 35632 5
0
65 15 0 35632 5
0
66 15 0 35632 5
0
67 15 0 35632 5
0
68 15 0 35632 5
0
69 15 0 35632 5
0
70 15 0 35632 5
0
71 15 0 35632 5
0
72 15 0 35632 5
0
73 15 0 35632 5
0
74 15 0 35632 5
0
75 15 0 35632 5
0
76 15 0 35632 5
0
77 15 0 35632 5
0
78 15 0 35632 5
0
79 15 0 35632 5
0
80 15 0 35632 5
0
81 15 0 35632 5
0
82 15 0 35632 5
0
83 15 0 35632 5
0
84 15 0 35632 5
0
85 15 0 35632 5
0
86 15 0 35632 5
0
87 15 0 35632 5
0
88 15 0 35632 5
0
89 15 0 35632 5
0
90 15 0 35632 5
0
91 15 0 35632 5
0
92 15 0 35632 5
0
93 15 0 35632 5
0
94 15 0 35632 5
0
95 15 0 35632 5
0
96 15 0 35632 5
0
97 15 0 35632 5
0
98 15 0 35632 5
0
99 15 0 35632 5
0
100 15 0 35632 5
0
101 15 0 35632 5
0
102 15 0 35632 5
0
103 15 0 35632 5
0
104 15 0 35632 5
0
105 15 0 35632 5
0
106 15 0 35632 5
0
107 15 0 35632 5
0
108 15 0 35632 5
0
109 15 0 35632 5
0
110 15 0 35632 5
0
111 15 0 35632 5
0
112 15 0 35632 5
0
113 15 0 35632 5
0
114 15 0 35632 5
0
115 15 0 35632 5
0
116 15 0 35632 5
0
117 15 0 35632 5
0
118 15 0 35632 5
0
119 15 0 35632 5
0
120 15 0 35632 5
0
121 15 0 35632 5
0
122 15 0 35632 5
0
123 15 0 35632 5
0
124 15 0 35632 5
0
125 15 0 35632 5
0
126 15 0 35632 5
0
127 15 0 35632 5
0
128 15 0 35632 5
0
129 15 0 35632 5
0
130 15 0 35632 5
0
131 15 0 35632 5
0
132 15 0 35632 5
0
133 15 0 35632 5
0
134 15 0 35632 5
0
135 15 0 35632 5
0
136 15 0 35632 5
0
137 15 0 35632 5
0
138 15 0 35632 5
0
139 15 0 35632 5
0
140 15 0 35632 5
0
141 15 0 35632 5
0
142 15 0 35632 5
0
143 15 0 35632 5
0
144 15 0 35632 5
0
145 15 0 35632 5
0
146 15 0 35632 5
0
147 15 0 35632 5
0
148 15 0 35632 5
0
149 15 0 35632 5
0
150 15 0 35632 5
0
151 15 0 35632 5
0
152 15 0 35632 5
0
153 15 0 35632 5
0
154 15 0 35632 5
0
155 15 0 35632 5
0
156 15 0 35632 5
0
157 15 0 35632 5
0
158 15 0 35632 5
0
159 15 0 35632 5
0
160 15 0 35632 5
0
161 15 0 35632 5
0
162 15 0 35632 5
0
163 15 0 35632 5
0
164 15 0 35632 5
0
165 15 0 35632 5
0
166 15 0 35632 5
0
167 15 0 35632 5
0
168 15 0 35632 5
0
169 15 0 35632 5
0
170 15 0 35632 5
0
171 15 0 35632 5
0
172 15 0 35632 5
0
173 15 0 35632 5
0
174 15 0 35632 5
0
175 15 0 35632 5
0
176 15 0 35632 5
0
177 15 0 35632 5
0
178 15 0 35632 5
0
179 15 0 35632 5
0
180 15 0 35632 5
0
181 15 0 35632 5
0
182 15 0 35632 5
0
183 15 0 35632 5
0
184 15 0 35632 5
0
185 15 0 35632 5
0
186 15 0 35632 5
0
187 15 0 35632 5
0
188 15 0 35632 5
0
189 15 0 35632 5
0
190 15 0 35632 5
0
191 15 0 35632 5
0
192 15 0 35632 5
0
193 15 0 35632 5
0
194 15 0 35632 5
0
195 15 0 35632 5
0
196 15 0 35632 5
0
197 15 0 35632 5
0
198 15 0 35632 5
0
199 15 0 35632 5
0
200 15 0 35632 5
0
201 15 0 35632 5
0
202 15 0 35632 5
0
203 15 0 35632 5
0
204 15 0 35632 5
0
205 15 0 35632 5
0
206 15 0 35632 5
0
207 15 0 35632 5
0
208 15 0 35632 5
0
209 15 0 35632 5
0
210 15 0 35632 5
0
211 15 0 35632 5
0
212 15 0 35632 5
0
213 15 0 35632 5
0
214 15 0 35632 5
0
215 15 0 35632 5
0
216 15 0 35632 5
0
217 15 0 35632 5
0
218 15 0 35632 5
0
219 15 0 35632 5
0
220 15 0 35632 5
0
221 15 0 35632 5
0
222 15 0 35632 5
0
223 15 0 35632 5
0
224 15 0 35632 5
0
225 15 0 35632 5
0
226 15 0 35632 5
0
227 15 0 35632 5
0
228 15 0 35632 5
0
229 15 0 35632 5
0
230 15 0 35632 5
0
231 15 0 35632 5
0
232 15 0 35632 5
0
233 15 0 35632 5
0
234 15 0 35632 5
0
235 15 0 35632 5
0
236 15 0 35632 5
0
237 15 0 35632 5
0
238 15 0 35632 5
0
239 15 0 35632 5
0
240 15 0 35632 5
0
241 15 0 35632 5
0
242 15 0 35632 5
0
243 15 0 35632 5
0
244 15 0 35632 5
0
245 15 0 35632 5
0
246 15 0 35632 5
0
247 15 0 35632 5
0
248 15 0 35632 5
0
249 15 0 35632 5
0
250 15 0 35632 5
0
251 15 0 35632 5
0
252 15 0 35632 5
0
253 15 0 35632 5
0
254 15 0 35632 5
0
255 15 0 35632 5
0
256 15 0 35632 5
0
257 15 0 35632 5
0
258 15 0 35632 5
0
259 15 0 35632 5
0
260 15 0 35632 5
0
261 15 0 35632 5
0
262 15 0 35632 5
0
263 15 0 35632 5
0
264 15 0 35632 5
0
265 15 0 35632 5
0
266 15 0 35632 5
0
267 15 0 35632 5
0
268 15 0 35632 5
0
269 15 0 35632 5
0
270 15 0 35632 5
0
271 15 0 35632 5
0
272 15 0 35632 5
0
273 15 0 35632 5
0
625
15 15 -1
1, 2421, 572, 3178, 454, 1, 438, 876, 1313
31 15 -1
1, 2743, 717, 2414, 1075, 1, 344, 688, 1031
47 15 -1
1, 2940, 829, 2566, 232, 1, 486, 972, 1457
63 15 -1
1, 3195, 1423, 3089, 2072, 1, 378, 756, 1133
79 15 -1
1, 3808, 790, 2288, 1903, 1, 1317, 2634, 3950
95 15 -1
271, 2982, 1382, 3793, 575, 541, 1349, 2159, 2967
111 15 -1
715, 2911, 941, 9999, 449, 1430, 5219, 9010, 12799
127 15 -1
1142, 3264, 1735, 9999, 8766, 2284, 9166, 16050, 22932
143 15 -1
1386, 3110, 2128, 9999, 832, 2772, 6864, 10957, 15049
159 15 -1
1640, 1945, 1097, 3035, 985, 3280, 3880, 4482, 5082
175 15 -1
2053, 3538, 207, 2153, 367, 4105, 4877, 5650, 6422
191 15 -1
2180, 3096, 1241, 2545, 1596, 4360, 4812, 5266, 5718
207 15 -1
2403, 2132, 1444, 9999, 130, 4805, 9395, 13986, 18576
223 15 -1
2578, 2953, 1498, 1943, 1171, 5156, 5824, 6493, 7161
239 15 -1
2771, 3082, 402, 2413, 1300, 5541, 6324, 7108, 7891
255 15 -1
3005, 2531, 992, 2707, 1772, 6009, 6486, 6965, 7442
271 15 -1
3176, 1718, 1641, 4017, 1013, 6352, 7815, 9279, 10742
287 15 -1
3373, 2983, 1195, 2768, 793, 6745, 7053, 7362, 7670
303 15 -1
3513, 4083, 705, 3396, 1464, 7026, 7748, 8472, 9194
319 15 -1
3633, 3364, 990, 92, 672, 7265, 9059, 10855, 12649
335 15 -1
3821, 2505, 724, 1506, 1052, 7641, 8304, 8968, 9631
351 15 -1
3988, 2402, 1255, 3645, 1301, 7976, 8620, 9265, 9909
367 15 -1
4102, 2150, 636, 9999, 7681, 8203, 15649, 23097, 30543
383 15 -1
4275, 2849, 1135, 3145, 1239, 8549, 8748, 8949, 9148
399 15 -1
4451, 2424, 1855, 2927, 1153, 8902, 9504, 10107, 10709
415 15 -1
4636, 2505, 1725, 2939, 635, 9272, 10033, 10796, 11557
431 15 -1
4725, 3286, 1453, 1525, 9770, 9450, 14488, 19528, 24566
447 15 -1
4855, 3000, 916, 3399, 1129, 9709, 10014, 10321, 10626
463 15 -1
4940, 2592, 1698, 3003, 1085, 9879, 10390, 10903, 11414
479 15 -1
5152, 2907, 847, 3116, 1275, 10303, 10621, 10940, 11258
495 15 -1
5222, 2559, 788, 2124, 949, 10443, 10740, 11039, 11336
511 15 -1
5333, 2650, 1053, 3285, 1368, 10666, 11140, 11616, 12090
527 15 -1
5455, 2132, 754, 9999, 7119, 10910, 18025, 25142, 32257
543 15 -1
5529, 2370, 826, 2366, 1245, 11057, 11268, 11480, 11691
559 15 -1
5678, 2580, 1378, 2470, 1208, 11355, 11494, 11635, 11774
575 15 -1
5809, 3210, 492, 2565, 1608, 11617, 12497, 13378, 14258
591 15 -1
5919, 3326, 1121, 2288, 1264, 11837, 12427, 13018, 13608
607 15 -1
6018, 3206, 1099, 1128, 9423, 12036, 17236, 22438, 27638
623 15 -1
6117, 2471, 1666, 2943, 854, 12234, 12875, 13518, 14159
639 15 -1
6193, 2907, 996, 2830, 911, 12385, 12465, 12547, 12627
655 15 -1
6294, 3642, 678, 2480, 1518, 12588, 13588, 14590, 15590
671 15 -1
6372, 2606, 1129, 3213, 1087, 12744, 13068, 13393, 13717
687 15 -1
6441, 2271, 679, 2481, 440, 12882, 13106, 13331, 13555
703 15 -1
6552, 2515, 1282, 2583, 1778, 13103, 13384, 13667, 13948
719 15 -1
6639, 2588, 1313, 2699, 1143, 13277, 13417, 13558, 13698
735 15 -1
6715, 2402, 1377, 2986, 1392, 13430, 13729, 14029, 14328
751 15 -1
6803, 3465, 751, 9999, 5887, 13606, 19440, 25276, 31110
767 15 -1
6851, 2196, 1243, 2991, 1190, 13702, 14125, 14550, 14973
783 15 -1
6910, 3571, 1112, 3876, 733, 13820, 14161, 14504, 14845
799 15 -1
6988, 3328, 1172, 2145, 975, 13976, 14665, 15356, 16045
815 15 -1
7068, 2150, 828, 9999, 475, 14136, 18236, 22338, 26438
831 15 -1
7131, 2913, 49, 3171, 787, 14262, 14759, 15258, 15755
847 15 -1
7215, 2339, 1539, 2901, 783, 14430, 15088, 15748, 16406
863 15 -1
7338, 3084, 1346, 3624, 1347, 14676, 14946, 15217, 15487
879 15 -1
7407, 3511, 780, 3195, 1045, 14813, 15103, 15394, 15684
895 15 -1
7452, 4045, 832, 2302, 1553, 14904, 16135, 17368, 18599
911 15 -1
7495, 2629, 1590, 3128, 214, 14989, 15926, 16864, 17801
927 15 -1
7553, 3329, 1668, 2398, 778, 15105, 16015, 16926, 17836
943 15 -1
7641, 2700, 607, 2993, 1099, 15281, 15673, 16066, 16458
959 15 -1
7688, 2833, 1441, 2710, 465, 15376, 15925, 16475, 17024
975 15 -1
7754, 1998, 918, 3099, 962, 15507, 16079, 16652, 17224
991 15 -1
7821, 3004, 532, 2931, 1013, 15642, 15918, 16196, 16472
1007 15 -1
7863, 2847, 1664, 3280, 1944, 15725, 16081, 16438, 16794
1023 15 -1
7900, 2720, 390, 42, 6996, 15800, 20441, 25084, 29725
1039 15 -1
7959, 2589, 2367, 2267, 1039, 15918, 16742, 17568, 18392
1055 15 -1
7990, 2396, 874, 1724, 974, 15979, 16364, 16751, 17136
1071 15 -1
8034, 2819, 1263, 2678, 1446, 16068, 16229, 16392, 16553
1087 15 -1
8093, 3418, 976, 2496, 2105, 16185, 17210, 18236, 19261
1103 15 -1
8158, 2248, 1501, 2789, 575, 16316, 17049, 17783, 18516
1119 15 -1
8201, 3535, 1227, 3142, 839, 16401, 16791, 17182, 17572
1135 15 -1
8272, 1709, 1250, 2305, 1174, 16543, 16878, 17215, 17550
1151 15 -1
8305, 3128, 1280, 3272, 346, 16610, 17148, 17688, 18226
1167 15 -1
8346, 2485, 1304, 2657, 1143, 16692, 16858, 17025, 17191
1183 15 -1
8366, 3271, 1590, 3258, 1650, 16731, 16767, 16804, 16840
1199 15 -1
8404, 2077, 1825, 3477, 1630, 16807, 17604, 18402, 19199
1215 15 -1
8453, 2239, 874, 9999, 440, 16906, 21002, 25100, 29196
1231 15 -1
8506, 2055, 367, 1861, 3924, 17011, 18886, 20762, 22637
1247 15 -1
8538, 3686, 1010, 3309, 152, 17075, 17692, 18310, 18927
1263 15 -1
8583, 4175, 1374, 3019, 352, 17166, 18254, 19344, 20432
1279 15 -1
8658, 2694, 212, 3129, 1052, 17315, 17952, 18590, 19227
1295 15 -1
8708, 2485, 1823, 1996, 603, 17415, 18269, 19124, 19978
1311 15 -1
8745, 3866, 628, 2605, 1226, 17489, 18418, 19348, 20277
1327 15 -1
8802, 3022, 1725, 3362, 694, 17603, 18288, 18974, 19659
1343 15 -1
8857, 2753, 419, 3267, 272, 17714, 18044, 18375, 18705
1359 15 -1
8898, 3207, 471, 2120, 2104, 17795, 19154, 20515, 21874
1375 15 -1
8928, 2557, 1451, 2515, 384, 17856, 18410, 18965, 19519
1391 15 -1
8964, 2832, 72, 2774, 564, 17928, 18202, 18478, 18752
1407 15 -1
9001, 3258, 812, 2360, 548, 18001, 18581, 19163, 19743
1423 15 -1
9063, 2844, 1165, 3175, 647, 18125, 18549, 18974, 19398
1439 15 -1
9092, 3354, 500, 1527, 8727, 18184, 23210, 28238, 33264
1455 15 -1
9118, 2254, 1169, 2751, 814, 18236, 18661, 19088, 19513
1471 15 -1
9170, 2487, 1247, 2400, 877, 18340, 18568, 18797, 19025
1487 15 -1
9205, 2331, 909, 3535, 1780, 18409, 19446, 20484, 21521
1503 15 -1
9263, 3149, 1620, 2275, 830, 18525, 19356, 20189, 21020
1519 15 -1
9293, 2336, 683, 9999, 445, 18586, 22536, 26487, 30437
1535 15 -1
9353, 2609, 824, 2610, 1014, 18705, 18800, 18896, 18991
1551 15 -1
9390, 3183, 448, 3539, 1332, 18779, 19398, 20019, 20638
1567 15 -1
9431, 2262, 840, 2246, 1572, 18862, 19235, 19610, 19983
1583 15 -1
9474, 3310, 1005, 2398, 623, 18947, 19593, 20241, 20887
1599 15 -1
9515, 2968, 1386, 3093, 1194, 19030, 19188, 19347, 19505
1615 15 -1
9564, 2545, 993, 2829, 1207, 19127, 19375, 19625, 19873
1631 15 -1
9616, 2666, 1256, 3153, 714, 19231, 19745, 20260, 20774
1647 15 -1
9669, 2932, 919, 2761, 1335, 19338, 19631, 19925, 20218
1663 15 -1
9738, 3244, 570, 2265, 514, 19475, 19992, 20510, 21027
1679 15 -1
9774, 1838, 1362, 3569, 752, 19548, 20718, 21889, 23059
1695 15 -1
9803, 2040, 2404, 2986, 2052, 19605, 20253, 20903, 21551
1711 15 -1
9855, 1898, 673, 2666, 1418, 19710, 20466, 21223, 21979
1727 15 -1
9892, 3687, 1306, 2959, 1080, 19783, 20259, 20737, 21213
1743 15 -1
9927, 3283, 958, 2414, 1666, 19854, 20642, 21431, 22219
1759 15 -1
9982, 2712, 1512, 2832, 2008, 19964, 20271, 20580, 20887
1775 15 -1
10020, 2473, 1172, 2628, 364, 20040, 20521, 21003, 21484
1791 15 -1
10062, 2926, 498, 2794, 920, 20124, 20400, 20678, 20954
1807 15 -1
10114, 2564, 1644, 2973, 1564, 20228, 20472, 20717, 20961
1823 15 -1
10140, 2054, 1843, 2085, 1384, 20280, 20524, 20770, 21014
1839 15 -1
10170, 3375, 931, 2842, 554, 20340, 20794, 21250, 21704
1855 15 -1
10222, 2723, 1019, 2643, 1132, 20443, 20539, 20636, 20732
1871 15 -1
10257, 3389, 815, 9999, 749, 20514, 23851, 27190, 30527
1887 15 -1
10301, 2711, 965, 2384, 683, 20602, 20906, 21211, 21515
1903 15 -1
10337, 3067, 1627, 9999, 75, 20673, 24914, 29157, 33398
1919 15 -1
10373, 2925, 833, 2412, 776, 20745, 21029, 21315, 21599
1935 15 -1
10424, 2608, 867, 2832, 1117, 20847, 21083, 21321, 21557
1951 15 -1
10450, 2355, 853, 9999, 0, 20900, 25148, 29397, 33645
1967 15 -1
10481, 3120, 776, 2661, 314, 20962, 21422, 21883, 22343
1983 15 -1
10527, 2739, 834, 2541, 898, 21054, 21184, 21316, 21446
1999 15 -1
10556, 2236, 504, 1850, 946, 21111, 21524, 21939, 22352
2015 15 -1
10575, 2533, 558, 2698, 879, 21149, 21391, 21635, 21877
2031 15 -1
10613, 4439, 804, 2866, 687, 21226, 22070, 22916, 23760
2047 15 -1
10637, 3326, 1670, 2863, 1294, 21274, 21693, 22113, 22532
2063 15 -1
10660, 1975, 1705, 3534, 697, 21319, 22602, 23886, 25169
2079 15 -1
10683, 2572, 933, 1592, 1085, 21365, 21930, 22497, 23062
2095 15 -1
10714, 3269, 1088, 1618, 1049, 21427, 22271, 23117, 23961
2111 15 -1
10751, 2997, 912, 3387, 147, 21501, 22078, 22656, 23233
2127 15 -1
10782, 2708, 723, 2919, 1006, 21564, 21810, 22058, 22304
2143 15 -1
10811, 1691, 1678, 2441, 1759, 21621, 22036, 22452, 22867
2159 15 -1
10854, 3134, 980, 3024, 191, 21707, 22156, 22606, 23055
2175 15 -1
10892, 2140, 175, 3400, 1201, 21783, 22925, 24069, 25211
2191 15 -1
10929, 2610, 991, 3434, 1771, 21858, 22659, 23462, 24263
2207 15 -1
10970, 3050, 484, 2857, 901, 21939, 22243, 22549, 22853
2223 15 -1
11003, 3050, 1619, 2955, 978, 22005, 22372, 22741, 23108
2239 15 -1
11030, 3209, 447, 2722, 973, 22060, 22566, 23073, 23579
2255 15 -1
11062, 2383, 872, 3337, 1268, 22123, 22797, 23473, 24147
2271 15 -1
11104, 1761, 334, 3610, 1606, 22208, 23768, 25329, 26889
2287 15 -1
11136, 2666, 1740, 2384, 1330, 22272, 22617, 22964, 23309
2303 15 -1
11159, 3027, 1774, 2516, 1272, 22317, 22823, 23330, 23836
2319 15 -1
11195, 2334, 1545, 2407, 662, 22389, 22866, 23345, 23822
2335 15 -1
11233, 2581, 603, 3810, 453, 22466, 23155, 23845, 24534
2351 15 -1
11260, 2347, 1383, 3284, 763, 22520, 23298, 24077, 24855
2367 15 -1
11289, 3352, 1721, 2666, 2029, 22577, 23073, 23571, 24067
2383 15 -1
11323, 3042, 1302, 1980, 1433, 22646, 23242, 23839, 24435
2399 15 -1
11362, 2952, 963, 4043, 1356, 22724, 23465, 24208, 24949
2415 15 -1
11390, 2306, 369, 3371, 1599, 22780, 23927, 25075, 26222
2431 15 -1
11430, 3170, 1792, 9999, 51, 22859, 27143, 31429, 35713
2447 15 -1
11456, 3243, 1159, 2714, 116, 22912, 23697, 24484, 25269
2463 15 -1
11488, 2280, 1747, 2498, 1731, 22976, 23092, 23210, 23326
2479 15 -1
11518, 3104, 1058, 3406, 1834, 23036, 23574, 24114, 24652
2495 15 -1
11554, 2844, 705, 9999, 11, 23107, 27031, 30956, 34880
2511 15 -1
11575, 3459, 1177, 3026, 1856, 23150, 23705, 24262, 24817
2527 15 -1
11618, 3004, 1661, 3183, 294, 23235, 24007, 24781, 25553
2543 15 -1
11636, 4254, 1065, 2154, 896, 23271, 24405, 25540, 26674
2559 15 -1
11667, 2099, 1457, 3281, 2252, 23333, 24321, 25310, 26298
2575 15 -1
11700, 3321, 1497, 9999, 8178, 23399, 30078, 36758, 43437
2591 15 -1
11734, 3222, 1305, 2477, 1045, 23468, 23970, 24473, 24975
2607 15 -1
11767, 2917, 872, 3260, 689, 23534, 23796, 24060, 24322
2623 15 -1
11806, 2458, 880, 2343, 729, 23612, 23744, 23878, 24010
2639 15 -1
11825, 2934, 1017, 3294, 458, 23650, 24109, 24569, 25028
2655 15 -1
11870, 2695, 729, 2218, 1421, 23739, 24323, 24908, 25492
2671 15 -1
11893, 2756, 636, 1619, 587, 23785, 24377, 24971, 25563
2687 15 -1
11923, 2774, 489, 2970, 1120, 23846, 24259, 24673, 25086
2703 15 -1
11963, 1901, 67, 3408, 1303, 23925, 25296, 26668, 28039
2719 15 -1
11983, 2377, 977, 3269, 912, 23965, 24443, 24922, 25400
2735 15 -1
12016, 2564, 1059, 2826, 1320, 24032, 24293, 24555, 24816
2751 15 -1
12055, 3099, 312, 2749, 1195, 24110, 24726, 25343, 25959
2767 15 -1
12083, 2796, 1109, 3655, 742, 24165, 24777, 25391, 26003
2783 15 -1
12120, 2330, 1635, 2908, 1669, 24240, 24545, 24852, 25157
2799 15 -1
12145, 2530, 1372, 3087, 1222, 24289, 24642, 24996, 25349
2815 15 -1
12179, 2544, 1109, 2379, 1126, 24357, 24447, 24539, 24629
2831 15 -1
12195, 2745, 2220, 2579, 1056, 24389, 25053, 25719, 26383
2847 15 -1
12222, 2614, 1057, 2878, 417, 24444, 24895, 25348, 25799
2863 15 -1
12258, 3112, 121, 2473, 2163, 24515, 25855, 27196, 28536
2879 15 -1
12280, 2490, 1325, 2674, 1538, 24559, 24757, 24956, 25154
2895 15 -1
12314, 2606, 395, 2287, 1134, 24627, 25155, 25685, 26213
2911 15 -1
12341, 2929, 697, 2610, 810, 24682, 24897, 25114, 25329
2927 15 -1
12367, 2202, 567, 9999, 208, 24733, 28810, 32889, 36966
2943 15 -1
12386, 2414, 1038, 2561, 2184, 24772, 25418, 26065, 26711
2959 15 -1
12407, 3368, 530, 2807, 927, 24813, 25291, 25771, 26249
2975 15 -1
12431, 2669, 996, 3307, 691, 24862, 25333, 25805, 26276
2991 15 -1
12475, 2175, 1112, 2973, 1155, 24949, 25369, 25790, 26210
3007 15 -1
12496, 2324, 982, 2265, 1886, 24992, 25473, 25955, 26436
3023 15 -1
12517, 3592, 102, 2463, 1456, 25034, 26275, 27517, 28758
3039 15 -1
12546, 3575, 1853, 1498, 1146, 25091, 26482, 27875, 29266
3055 15 -1
12571, 2516, 732, 2835, 407, 25142, 25463, 25786, 26107
3071 15 -1
12590, 2062, 444, 2396, 1110, 25180, 25679, 26180, 26679
3087 15 -1
12616, 2214, 888, 2273, 1134, 25231, 25383, 25536, 25688
3103 15 -1
12655, 2814, 2108, 2740, 1408, 25309, 25695, 26083, 26469
3119 15 -1
12679, 2696, 1700, 2634, 996, 25357, 25739, 26123, 26505
3135 15 -1
12712, 2743, 1500, 2195, 1238, 25423, 25827, 26233, 26637
3151 15 -1
12738, 3002, 1815, 1010, 324, 25476, 27217, 28959, 30700
3167 15 -1
12760, 3471, 1503, 9999, 159, 25519, 29454, 33391, 37326
3183 15 -1
12783, 2516, 1561, 3038, 318, 25565, 26447, 27330, 28212
3199 15 -1
12810, 2945, 2020, 2226, 1472, 25620, 26253, 26887, 27520
3215 15 -1
12825, 2888, 455, 2954, 684, 25650, 25797, 25945, 26092
3231 15 -1
12847, 2795, 186, 2725, 879, 25693, 26074, 26456, 26837
3247 15 -1
12873, 3103, 1524, 2496, 1354, 25745, 26133, 26522, 26910
3263 15 -1
12896, 3287, 266, 1977, 639, 25791, 26632, 27474, 28315
3279 15 -1
12913, 2078, 1204, 2666, 1153, 25826, 26145, 26465, 26784
3295 15 -1
12940, 2305, 1253, 2902, 488, 25880, 26560, 27242, 27922
3311 15 -1
12960, 2788, 1653, 3515, 852, 25920, 26683, 27448, 28211
3327 15 -1
12994, 3469, 840, 2312, 1690, 25987, 26990, 27994, 28997
3343 15 -1
13015, 3210, 848, 1549, 1192, 26030, 27032, 28035, 29037
3359 15 -1
13042, 3035, 1435, 1866, 1236, 26083, 26766, 27451, 28134
3375 15 -1
13066, 3137, 1350, 2330, 547, 26132, 26936, 27742, 28546
3391 15 -1
13089, 3163, 1301, 2293, 1719, 26177, 26820, 27465, 28108
3407 15 -1
13116, 2732, 1094, 2888, 1494, 26231, 26508, 26787, 27064
3423 15 -1
13147, 2349, 558, 2901, 1248, 26293, 26913, 27535, 28155
3439 15 -1
13164, 3046, 1137, 3322, 1513, 26328, 26653, 26980, 27305
3455 15 -1
13182, 2233, 1223, 2765, 700, 26363, 26890, 27418, 27945
3471 15 -1
13212, 2389, 1109, 2501, 1553, 26423, 26700, 26979, 27256
3487 15 -1
13244, 3530, 555, 2544, 596, 26487, 27000, 27514, 28027
3503 15 -1
13287, 2878, 576, 2998, 1529, 26574, 27110, 27647, 28183
3519 15 -1
13318, 3050, 1297, 2849, 1565, 26635, 26869, 27104, 27338
3535 15 -1
13356, 2522, 1286, 3442, 374, 26712, 27627, 28544, 29459
3551 15 -1
13373, 2720, 1373, 2879, 1705, 26745, 26990, 27236, 27481
3567 15 -1
13397, 2795, 486, 2084, 993, 26794, 27402, 28012, 28620
3583 15 -1
13418, 2682, 993, 1651, 782, 26836, 27456, 28078, 28698
3599 15 -1
13438, 3462, 738, 2276, 1117, 26876, 27658, 28441, 29223
3615 15 -1
13475, 2500, 459, 3911, 1365, 26950, 28108, 29267, 30425
3631 15 -1
13495, 3039, 949, 2095, 727, 26990, 27572, 28156, 28738
3647 15 -1
13516, 2906, 1258, 3025, 1410, 27032, 27167, 27303, 27438
3663 15 -1
13536, 2558, 1226, 2974, 730, 27071, 27526, 27983, 28438
3679 15 -1
13569, 2828, 851, 3145, 1083, 27138, 27412, 27687, 27961
3695 15 -1
13604, 3456, 1691, 2926, 946, 27208, 27845, 28483, 29120
3711 15 -1
13622, 3644, 1206, 2147, 1227, 27243, 28001, 28761, 29519
3727 15 -1
13648, 3252, 1579, 2604, 2272, 27295, 27965, 28636, 29306
3743 15 -1
13677, 2868, 1113, 1640, 1562, 27354, 28192, 29031, 29869
3759 15 -1
13697, 3838, 1155, 2851, 958, 27393, 27984, 28577, 29168
3775 15 -1
13729, 2675, 1670, 2536, 115, 27457, 28303, 29151, 29997
3791 15 -1
13755, 2462, 964, 1644, 929, 27510, 27936, 28363, 28789
3807 15 -1
13792, 2337, 1003, 3602, 1550, 27584, 28489, 29396, 30301
3823 15 -1
13818, 2472, 968, 2900, 756, 27635, 27954, 28275, 28594
3839 15 -1
13853, 2501, 1024, 2193, 420, 27705, 28160, 28617, 29072
3855 15 -1
13878, 2405, 1183, 3149, 715, 27756, 28361, 28968, 29573
3871 15 -1
13903, 2076, 1174, 2185, 1406, 27805, 27975, 28146, 28316
3887 15 -1
13932, 2451, 696, 3072, 987, 27864, 28319, 28776, 29231
3903 15 -1
13957, 2382, 499, 3449, 675, 27913, 28534, 29156, 29777
3919 15 -1
13981, 2387, 72, 2366, 534, 27962, 28203, 28445, 28686
3935 15 -1
14015, 2157, 955, 1911, 2056, 28030, 28703, 29377, 30050
3951 15 -1
14047, 2491, 954, 2581, 1589, 28094, 28456, 28819, 29181
3967 15 -1
14086, 3666, 2185, 1632, 396, 28171, 30082, 31994, 33905
3983 15 -1
14113, 2854, 744, 3153, 982, 28225, 28493, 28762, 29030
3999 15 -1
14148, 2074, 1126, 2673, 636, 28295, 28839, 29384, 29928
4015 15 -1
14171, 3256, 1200, 2969, 492, 28341, 28838, 29336, 29833
4031 15 -1
14202, 3087, 851, 1544, 524, 28404, 29338, 30274, 31208
4047 15 -1
14224, 2698, 815, 2969, 529, 28448, 28726, 29005, 29283
4063 15 -1
14246, 2946, 693, 3411, 611, 28492, 28765, 29039, 29312
4079 15 -1
14271, 3074, 944, 1922, 327, 28542, 29426, 30311, 31195
4095 15 -1
14293, 3029, 949, 3275, 677, 28586, 28844, 29104, 29362
4111 15 -1
14312, 2585, 1039, 3011, 1090, 28624, 28862, 29101, 29339
4127 15 -1
14329, 3601, 1832, 3334, 627, 28658, 29393, 30130, 30865
4143 15 -1
14353, 2594, 473, 2735, 1656, 28705, 29366, 30029, 30690
4159 15 -1
14364, 3337, 1151, 3084, 822, 28727, 29017, 29309, 29599
4175 15 -1
14385, 3181, 1820, 3097, 571, 28770, 29436, 30103, 30769
4191 15 -1
14411, 1905, 1045, 2571, 1441, 28821, 29351, 29883, 30413
4207 15 -1
14430, 3536, 878, 3247, 1043, 28860, 29086, 29314, 29540
4223 15 -1
14450, 3001, 1169, 2778, 1081, 28900, 29055, 29211, 29366
4239 15 -1
14468, 2889, 662, 3396, 1160, 28935, 29437, 29940, 30442
4255 15 -1
14497, 2462, 114, 2649, 619, 28993, 29338, 29685, 30030
4271 15 -1
14516, 2427, 1061, 1799, 296, 29032, 29728, 30425, 31121
4287 15 -1
14531, 2795, 1279, 2272, 773, 29062, 29576, 30091, 30605
4303 15 -1
14553, 3093, 1098, 2013, 1084, 29105, 29651, 30199, 30745
4319 15 -1
14591, 2309, 1240, 2670, 1162, 29181, 29400, 29620, 29839
4335 15 -1
14613, 2613, 1263, 3017, 1594, 29226, 29593, 29961, 30328
4351 15 -1
14636, 3572, 824, 2670, 781, 29271, 29743, 30216, 30688
4367 15 -1
14658, 3005, 1555, 3724, 1380, 29316, 29762, 30210, 30656
4383 15 -1
14674, 2730, 1412, 2861, 482, 29348, 29878, 30409, 30939
4399 15 -1
14696, 2334, 1113, 2123, 86, 29392, 30010, 30630, 31248
4415 15 -1
14722, 3771, 1008, 2640, 1055, 29444, 30032, 30622, 31210
4431 15 -1
14749, 3061, 2657, 2518, 891, 29497, 30651, 31806, 32960
4447 15 -1
14764, 3317, 1465, 61, 165, 29528, 31805, 34084, 36361
4463 15 -1
14798, 2426, 1754, 2816, 1739, 29596, 29798, 30001, 30203
4479 15 -1
14818, 2275, 321, 3102, 961, 29636, 30369, 31103, 31836
4495 15 -1
14850, 2184, 1439, 3086, 513, 29700, 30613, 31528, 32441
4511 15 -1
14874, 3186, 1949, 2758, 210, 29747, 30830, 31914, 32997
4527 15 -1
14909, 3847, 762, 1931, 1235, 29817, 31011, 32206, 33400
4543 15 -1
14930, 3133, 1129, 3518, 1630, 29859, 30301, 30745, 31187
4559 15 -1
14956, 2637, 758, 2176, 1121, 29911, 30322, 30735, 31146
4575 15 -1
14979, 3205, 1429, 2676, 553, 29958, 30660, 31363, 32065
4591 15 -1
14996, 3392, 1198, 2560, 1252, 29991, 30433, 30877, 31319
4607 15 -1
15020, 2539, 856, 2283, 1677, 30039, 30577, 31116, 31654
4623 15 -1
15043, 2590, 1365, 3273, 1728, 30086, 30608, 31132, 31654
4639 15 -1
15062, 2458, 1230, 2162, 237, 30124, 30768, 31413, 32057
4655 15 -1
15086, 2342, 1162, 1514, 605, 30172, 30864, 31557, 32249
4671 15 -1
15108, 1394, 990, 3059, 1497, 30216, 31301, 32388, 33473
4687 15 -1
15128, 2212, 1267, 2790, 1086, 30256, 30635, 31015, 31394
4703 15 -1
15145, 2933, 1508, 2132, 527, 30289, 31179, 32071, 32961
4719 15 -1
15180, 3156, 169, 2528, 564, 30360, 30871, 31383, 31894
4735 15 -1
15198, 3640, 1329, 2423, 1182, 30395, 31076, 31759, 32440
4751 15 -1
15216, 2733, 1963, 2912, 1278, 30431, 30862, 31295, 31726
4767 15 -1
15245, 2636, 1919, 2850, 1670, 30489, 30720, 30952, 31183
4783 15 -1
15264, 2067, 1284, 2859, 1134, 30528, 30998, 31470, 31940
4799 15 -1
15283, 3153, 532, 2404, 615, 30566, 30981, 31398, 31813
4815 15 -1
15300, 1955, 1078, 2629, 1865, 30599, 31329, 32060, 32790
4831 15 -1
15321, 2860, 565, 3043, 1178, 30642, 31039, 31438, 31835
4847 15 -1
15341, 2226, 1267, 3591, 1290, 30682, 31375, 32070, 32763
4863 15 -1
15368, 2395, 1172, 2708, 398, 30735, 31278, 31822, 32365
4879 15 -1
15389, 3028, 1710, 3138, 960, 30777, 31206, 31637, 32066
4895 15 -1
15405, 2019, 1246, 3519, 1071, 30809, 31646, 32484, 33321
4911 15 -1
15425, 3375, 1428, 2760, 808, 30849, 31466, 32084, 32701
4927 15 -1
15440, 2705, 344, 2118, 1002, 30880, 31502, 32125, 32747
4943 15 -1
15475, 2537, 1116, 2390, 1152, 30949, 31040, 31132, 31223
4959 15 -1
15499, 3415, 711, 2549, 1546, 30997, 31847, 32698, 33548
4975 15 -1
15524, 2579, 984, 2865, 1011, 31048, 31204, 31361, 31517
4991 15 -1
15551, 3037, 955, 2301, 1320, 31102, 31652, 32203, 32753
5007 15 -1
15574, 3254, 870, 3503, 981, 31147, 31326, 31507, 31686
5023 15 -1
15591, 2612, 717, 2682, 1258, 31181, 31486, 31792, 32097
5039 15 -1
15611, 2376, 1004, 846, 6333, 31221, 34650, 38080, 41509
5055 15 -1
15640, 3111, 729, 2248, 351, 31279, 31899, 32520, 33140
5071 15 -1
15667, 2823, 1550, 2638, 1445, 31334, 31478, 31624, 31768
5087 15 -1
15688, 3130, 894, 2938, 1726, 31376, 31887, 32400, 32911
5103 15 -1
15707, 3415, 508, 3267, 758, 31413, 31611, 31811, 32009
5119 15 -1
15730, 2232, 1311, 2825, 1400, 31460, 31800, 32142, 32482
5135 15 -1
15747, 2140, 467, 2630, 1570, 31493, 32289, 33086, 33882
5151 15 -1
15774, 3277, 121, 2467, 1194, 31548, 32489, 33431, 34372
5167 15 -1
15788, 2320, 1733, 2926, 1169, 31575, 32159, 32745, 33329
5183 15 -1
15809, 3252, 1301, 1568, 8908, 31617, 36262, 40908, 45553
5199 15 -1
15846, 3154, 1063, 2833, 1249, 31692, 31945, 32199, 32452
5215 15 -1
15858, 2831, 251, 3171, 1318, 31715, 32418, 33122, 33825
5231 15 -1
15889, 3232, 670, 2728, 1287, 31777, 32337, 32898, 33458
5247 15 -1
15916, 2267, 692, 2586, 1483, 31831, 32385, 32941, 33495
5263 15 -1
15933, 3024, 1373, 3048, 191, 31866, 32468, 33072, 33674
5279 15 -1
15952, 3158, 938, 2608, 1053, 31903, 32235, 32568, 32900
5295 15 -1
15977, 2915, 745, 2649, 1484, 31954, 32456, 32959, 33461
5311 15 -1
15995, 2391, 1018, 3377, 946, 31989, 32517, 33047, 33575
5327 15 -1
16018, 3511, 1185, 3184, 1317, 32035, 32264, 32494, 32723
5343 15 -1
16048, 3014, 1260, 2578, 873, 32096, 32507, 32919, 33330
5359 15 -1
16068, 2893, 1273, 2557, 597, 32135, 32640, 33147, 33652
5375 15 -1
16089, 2413, 636, 3815, 486, 32178, 32953, 33730, 34505
5391 15 -1
16116, 2290, 1606, 2108, 1209, 32231, 32520, 32810, 33099
5407 15 -1
16128, 3624, 1633, 3096, 1043, 32255, 32813, 33373, 33931
5423 15 -1
16155, 2427, 904, 2212, 853, 32310, 32442, 32576, 32708
5439 15 -1
16175, 2739, 1088, 3063, 99, 32350, 33006, 33663, 34319
5455 15 -1
16211, 2027, 2330, 3270, 1022, 32421, 33696, 34972, 36247
5471 15 -1
16236, 2624, 368, 2862, 1045, 32472, 32929, 33387, 33844
5487 15 -1
16256, 2393, 712, 3127, 805, 32511, 32924, 33338, 33751
5503 15 -1
16280, 2489, 703, 3963, 90, 32560, 33603, 34647, 35690
5519 15 -1
16296, 3074, 1648, 3227, 124, 32592, 33430, 34269, 35107
5535 15 -1
16321, 2150, 1032, 2699, 888, 32641, 32987, 33334, 33680
5551 15 -1
16341, 2832, 1151, 2850, 668, 32682, 32932, 33183, 33433
5567 15 -1
16365, 2458, 418, 3736, 1940, 32730, 34129, 35530, 36929
5583 15 -1
16382, 2620, 691, 3165, 1238, 32764, 33309, 33856, 34401
5599 15 -1
16398, 3126, 1040, 2401, 1138, 32796, 33207, 33619, 34030
5615 15 -1
16412, 2835, 977, 2362, 773, 32824, 33162, 33501, 33839
5631 15 -1
16425, 2693, 981, 2034, 1039, 32849, 33207, 33566, 33924
5647 15 -1
16452, 2939, 722, 9999, 533, 32904, 36528, 40153, 43777
5663 15 -1
16484, 3296, 582, 2318, 521, 32967, 33486, 34006, 34525
5679 15 -1
16506, 3418, 602, 3058, 727, 33012, 33254, 33497, 33739
5695 15 -1
16535, 2514, 959, 2945, 888, 33070, 33320, 33572, 33822
5711 15 -1
16556, 3893, 894, 2840, 812, 33111, 33678, 34246, 34813
5727 15 -1
16569, 1792, 837, 2856, 1111, 33137, 33805, 34475, 35143
5743 15 -1
16594, 2769, 1109, 2705, 1101, 33187, 33222, 33259, 33294
5759 15 -1
16606, 1922, 1279, 2308, 1566, 33211, 33547, 33884, 34220
5775 15 -1
16630, 2690, 1192, 9999, 396, 33260, 37312, 41365, 45417
5791 15 -1
16646, 2538, 221, 3233, 1319, 33292, 34188, 35085, 35981
5807 15 -1
16664, 3101, 786, 2201, 605, 33328, 33868, 34409, 34949
5823 15 -1
16681, 2752, 233, 2206, 1081, 33361, 34057, 34755, 35451
5839 15 -1
16707, 2954, 1566, 3023, 36, 33413, 34212, 35012, 35811
5855 15 -1
16731, 2965, 1024, 2782, 511, 33461, 33808, 34157, 34504
5871 15 -1
16750, 3687, 166, 3059, 796, 33499, 34127, 34757, 35385
5887 15 -1
16769, 3305, 1279, 2719, 1125, 33538, 33907, 34278, 34647
5903 15 -1
16791, 2674, 1183, 1818, 967, 33581, 34116, 34653, 35188
5919 15 -1
16810, 2876, 504, 2910, 1547, 33620, 34158, 34697, 35235
5935 15 -1
16826, 2698, 1201, 2674, 1529, 33652, 33827, 34004, 34179
5951 15 -1
16845, 2421, 550, 2404, 770, 33689, 33807, 33926, 34044
5967 15 -1
16874, 2100, 897, 1857, 1879, 33747, 34359, 34972, 35584
5983 15 -1
16899, 3021, 1722, 2152, 321, 33797, 34931, 36067, 37201
5999 15 -1
16918, 2688, 1040, 2911, 1842, 33835, 34347, 34860, 35372
6015 15 -1
16943, 3301, 1124, 3325, 564, 33885, 34176, 34469, 34760
6031 15 -1
16968, 3198, 1261, 2411, 1143, 33935, 34387, 34840, 35292
6047 15 -1
16986, 3738, 258, 2365, 1616, 33972, 35337, 36703, 38068
6063 15 -1
17001, 2152, 706, 2594, 1206, 34001, 34471, 34943, 35413
6079 15 -1
17016, 2573, 702, 3398, 1314, 34032, 34750, 35469, 36187
6095 15 -1
17040, 3555, 1521, 3211, 811, 34079, 34605, 35133, 35659
6111 15 -1
17062, 3075, 1577, 2850, 1235, 34124, 34407, 34691, 34974
6127 15 -1
17087, 2207, 770, 3020, 893, 34174, 34641, 35110, 35577
6143 15 -1
17108, 3397, 1673, 3778, 844, 34216, 34820, 35426, 36030
6159 15 -1
17132, 3539, 1433, 3009, 449, 34264, 35020, 35778, 36534
6175 15 -1
17149, 1815, 1029, 2798, 1193, 34297, 34870, 35444, 36017
6191 15 -1
17170, 2864, 1564, 2781, 706, 34339, 34809, 35280, 35750
6207 15 -1
17199, 2597, 974, 2451, 1046, 34397, 34505, 34615, 34723
6223 15 -1
17212, 3049, 691, 1429, 647, 34423, 35254, 36087, 36918
6239 15 -1
17238, 2571, 1546, 2742, 758, 34476, 34955, 35435, 35914
6255 15 -1
17270, 2318, 842, 2043, 771, 34539, 34711, 34885, 35057
6271 15 -1
17285, 3030, 200, 1541, 1413, 34569, 35919, 37271, 38621
6287 15 -1
17308, 2866, 1910, 2489, 650, 34615, 35433, 36252, 37070
6303 15 -1
17325, 2407, 421, 9999, 171, 34649, 38569, 42491, 46411
6319 15 -1
17354, 2870, 1528, 3115, 390, 34708, 35399, 36091, 36782
6335 15 -1
17373, 2524, 1032, 3113, 262, 34745, 35424, 36104, 36783
6351 15 -1
17389, 2588, 761, 2814, 1311, 34778, 35165, 35554, 35941
6367 15 -1
17404, 2077, 797, 1711, 1016, 34808, 35100, 35393, 35685
6383 15 -1
17427, 2591, 651, 2882, 1261, 34853, 35303, 35754, 36204
6399 15 -1
17450, 2569, 530, 2424, 1759, 34899, 35585, 36273, 36959
6415 15 -1
17470, 3312, 1294, 3332, 875, 34939, 35158, 35378, 35597
6431 15 -1
17490, 2205, 658, 3637, 1566, 34979, 36148, 37319, 38488
6447 15 -1
17516, 3547, 1012, 2208, 966, 35032, 35724, 36417, 37109
6463 15 -1
17539, 2346, 977, 2173, 1059, 35077, 35204, 35332, 35459
6479 15 -1
17562, 2967, 786, 2704, 972, 35124, 35348, 35573, 35797
6495 15 -1
17584, 2636, 532, 3070, 821, 35167, 35528, 35890, 36251
6511 15 -1
17602, 3132, 564, 2090, 1332, 35203, 36107, 37013, 37917
6527 15 -1
17625, 3620, 938, 2472, 635, 35249, 35974, 36700, 37425
6543 15 -1
17650, 2505, 1527, 3390, 2049, 35300, 36003, 36707, 37410
6559 15 -1
17673, 2668, 1101, 1987, 1139, 35346, 35705, 36065, 36424
6575 15 -1
17694, 2835, 1880, 2369, 656, 35388, 36232, 37078, 37922
6591 15 -1
17719, 2569, 1169, 3260, 1051, 35437, 35841, 36246, 36650
6607 15 -1
17742, 2433, 1601, 3149, 323, 35483, 36479, 37477, 38473
6623 15 -1
17763, 3072, 842, 2243, 1284, 35525, 36160, 36796, 37431
6639 15 -1
17781, 2747, 1530, 2696, 845, 35561, 35928, 36297, 36664
6655 15 -1
17800, 2152, 549, 3090, 1181, 35600, 36384, 37170, 37954
6671 15 -1
17811, 3029, 1287, 2887, 1436, 35622, 35767, 35913, 36058
6687 15 -1
17833, 2916, 1092, 2744, 1109, 35665, 35759, 35854, 35948
6703 15 -1
17855, 2422, 603, 2683, 1057, 35709, 36066, 36424, 36781
6719 15 -1
17873, 2693, 931, 3386, 978, 35746, 36115, 36486, 36855
6735 15 -1
17897, 2427, 904, 1749, 1144, 35794, 36252, 36712, 37170
6751 15 -1
17915, 2500, 1824, 3272, 1358, 35829, 36447, 37067, 37685
6767 15 -1
17937, 2384, 1845, 2560, 1035, 35874, 36366, 36860, 37352
6783 15 -1
17971, 3276, 1033, 2977, 1713, 35942, 36431, 36921, 37410
6799 15 -1
17988, 3340, 577, 2169, 1570, 35975, 37056, 38139, 39220
6815 15 -1
18022, 2847, 1199, 3423, 661, 36044, 36600, 37158, 37714
6831 15 -1
18042, 2536, 1056, 1879, 1432, 36084, 36600, 37117, 37633
6847 15 -1
18065, 2399, 1537, 3095, 2026, 36130, 36722, 37315, 37907
6863 15 -1
18087, 2954, 423, 3005, 830, 36174, 36402, 36632, 36860
6879 15 -1
18109, 2934, 968, 2972, 1640, 36218, 36572, 36928, 37282
6895 15 -1
18131, 1833, 2001, 2512, 1598, 36262, 36802, 37344, 37884
6911 15 -1
18153, 3441, 2012, 3336, 1892, 36305, 36417, 36530, 36642
6927 15 -1
18174, 1963, 1458, 2530, 1930, 36348, 36867, 37387, 37906
6943 15 -1
18199, 2674, 1083, 3126, 1031, 36397, 36648, 36901, 37152
6959 15 -1
18217, 2797, 1028, 3218, 819, 36433, 36747, 37063, 37377
6975 15 -1
18242, 2443, 2235, 2364, 360, 36484, 37460, 38438, 39414
6991 15 -1
18273, 1832, 1660, 2757, 793, 36546, 37441, 38338, 39233
7007 15 -1
18297, 2511, 1747, 1759, 584, 36594, 37551, 38509, 39466
7023 15 -1
18324, 2187, 1576, 2172, 669, 36647, 37107, 37569, 38029
7039 15 -1
18347, 3298, 1123, 3473, 725, 36694, 36980, 37267, 37553
7055 15 -1
18365, 3264, 819, 2959, 187, 36729, 37197, 37666, 38134
7071 15 -1
18389, 2461, 1087, 3144, 873, 36778, 37226, 37675, 38123
7087 15 -1
18407, 4002, 695, 3152, 1149, 36813, 37464, 38117, 38768
7103 15 -1
18433, 2594, 512, 3036, 1085, 36866, 37373, 37881, 38388
7119 15 -1
18455, 3410, 1004, 2224, 445, 36909, 37781, 38654, 39526
7135 15 -1
18478, 2471, 1125, 989, 75, 36956, 38221, 39488, 40753
7151 15 -1
18501, 3725, 892, 2628, 1792, 37001, 37999, 38998, 39996
7167 15 -1
18527, 2775, 1227, 2007, 1613, 37054, 37630, 38208, 38784
7183 15 -1
18550, 2640, 1876, 2508, 1485, 37099, 37360, 37622, 37883
7199 15 -1
18575, 2860, 840, 2660, 1517, 37149, 37587, 38026, 38464
7215 15 -1
18609, 3453, 1417, 2552, 911, 37218, 37921, 38625, 39328
7231 15 -1
18639, 2033, 1919, 3999, 1354, 37278, 38543, 39809, 41074
7247 15 -1
18659, 3765, 929, 2456, 839, 37318, 38017, 38717, 39416
7263 15 -1
18680, 2374, 726, 2717, 391, 37360, 37698, 38038, 38376
7279 15 -1
18700, 2374, 722, 3468, 912, 37399, 38040, 38683, 39324
7295 15 -1
18725, 3515, 478, 2257, 1565, 37450, 38622, 39795, 40967
7311 15 -1
18754, 2104, 949, 2456, 1095, 37508, 37756, 38006, 38254
7327 15 -1
18780, 2569, 996, 3821, 1202, 37559, 38287, 39017, 39745
7343 15 -1
18800, 3294, 1000, 2592, 801, 37599, 38049, 38500, 38950
7359 15 -1
18818, 2541, 900, 2236, 1454, 37635, 38064, 38494, 38923
7375 15 -1
18845, 2515, 344, 3827, 1294, 37690, 38820, 39952, 41082
7391 15 -1
18861, 2624, 554, 2008, 1581, 37722, 38543, 39365, 40186
7407 15 -1
18892, 2570, 1804, 2845, 1126, 37784, 38260, 38737, 39213
7423 15 -1
18900, 2681, 991, 2926, 1328, 37800, 38090, 38382, 38672
7439 15 -1
18923, 2687, 621, 3453, 842, 37845, 38338, 38832, 39325
7455 15 -1
18951, 3135, 1238, 3459, 678, 37901, 38342, 38785, 39226
7471 15 -1
18980, 1962, 944, 2307, 1940, 37959, 38629, 39300, 39970
7487 15 -1
19009, 3141, 976, 3125, 598, 38018, 38214, 38412, 38608
7503 15 -1
19027, 2801, 553, 604, 7546, 38054, 42648, 47244, 51838
7519 15 -1
19053, 3067, 1661, 2635, 571, 38106, 38866, 39628, 40388
7535 15 -1
19079, 2464, 846, 3444, 801, 38158, 38670, 39183, 39695
7551 15 -1
19108, 2027, 872, 3044, 537, 38215, 38890, 39567, 40242
7567 15 -1
19137, 2484, 765, 2239, 1292, 38274, 38659, 39046, 39431
7583 15 -1
19174, 3422, 18, 1871, 1781, 38348, 40004, 41662, 43318
7599 15 -1
19192, 3038, 590, 3512, 1371, 38383, 39010, 39638, 40265
7615 15 -1
19218, 3138, 1270, 1959, 810, 38435, 39254, 40074, 40893
7631 15 -1
19240, 2047, 842, 2112, 1490, 38480, 38836, 39193, 39549
7647 15 -1
19258, 3201, 2014, 3626, 509, 38516, 39480, 40446, 41410
7663 15 -1
19279, 2806, 910, 2132, 2285, 38557, 39581, 40606, 41630
7679 15 -1
19299, 2286, 388, 2887, 1087, 38597, 39246, 39897, 40546
7695 15 -1
19329, 2940, 742, 3334, 998, 38657, 38981, 39307, 39631
7711 15 -1
19365, 2829, 859, 2547, 1243, 38729, 39061, 39395, 39727
7727 15 -1
19389, 2411, 1404, 3763, 1073, 38778, 39619, 40461, 41302
7743 15 -1
19412, 2141, 1670, 2682, 1097, 38824, 39380, 39938, 40494
7759 15 -1
19425, 2665, 1736, 2736, 126, 38850, 39690, 40531, 41371
7775 15 -1
19453, 3175, 706, 3015, 1176, 38906, 39220, 39536, 39850
7791 15 -1
19484, 2542, 1403, 2593, 749, 38968, 39320, 39673, 40025
7807 15 -1
19504, 3104, 859, 2647, 483, 39007, 39423, 39840, 40256
7823 15 -1
19530, 3396, 1084, 3550, 992, 39059, 39181, 39305, 39427
7839 15 -1
19557, 2132, 943, 2768, 377, 39113, 39713, 40315, 40915
7855 15 -1
19578, 2348, 849, 2535, 1008, 39156, 39328, 39502, 39674
7871 15 -1
19601, 2266, 825, 2019, 1007, 39201, 39415, 39630, 39844
7887 15 -1
19628, 2372, 1069, 3270, 992, 39255, 39742, 40230, 40717
7903 15 -1
19648, 2628, 1222, 2705, 797, 39295, 39545, 39797, 40047
7919 15 -1
19673, 3052, 1195, 2775, 1224, 39346, 39498, 39652, 39804
7935 15 -1
19696, 2417, 949, 2515, 1642, 39391, 39786, 40182, 40577
7951 15 -1
19721, 1996, 1372, 2059, 1617, 39442, 39595, 39750, 39903
7967 15 -1
19747, 3042, 1285, 3023, 1109, 39494, 39591, 39689, 39786
7983 15 -1
19780, 3391, 303, 3095, 790, 39559, 39950, 40342, 40733
7999 15 -1
19802, 3179, 287, 3048, 966, 39604, 40008, 40414, 40818
8015 15 -1
19838, 3090, 389, 2976, 704, 39676, 39890, 40105, 40319
8031 15 -1
19865, 3802, 487, 3344, 603, 39729, 40015, 40303, 40589
8047 15 -1
19892, 2746, 1866, 2700, 528, 39783, 40474, 41167, 41858
8063 15 -1
19919, 2973, 1736, 3042, 1639, 39837, 39919, 40003, 40085
8079 15 -1
19939, 2777, 823, 1915, 1570, 39877, 40681, 41486, 42290
8095 15 -1
19967, 2745, 816, 2053, 793, 39934, 40291, 40649, 41006
8111 15 -1
19991, 2893, 447, 2697, 1430, 39981, 40570, 41160, 41749
8127 15 -1
20013, 2293, 255, 2564, 1150, 40026, 40608, 41192, 41774
8143 15 -1
20053, 2964, 1052, 3399, 94, 40105, 40801, 41498, 42194
8159 15 -1
20085, 2790, 1665, 3144, 1386, 40170, 40486, 40803, 41119
8175 15 -1
20105, 2821, 1375, 2498, 1826, 40210, 40596, 40984, 41370
8191 15 -1
20147, 2784, 947, 2827, 1565, 40293, 40623, 40954, 41284
8207 15 -1
20173, 2573, 1041, 3766, 428, 40346, 41248, 42152, 43054
8223 15 -1
20193, 2883, 1432, 3043, 388, 40385, 40986, 41589, 42190
8239 15 -1
20223, 3048, 962, 2802, 630, 40445, 40733, 41023, 41311
8255 15 -1
20253, 2778, 54, 3330, 1347, 40506, 41428, 42351, 43273
8271 15 -1
20295, 2759, 623, 3015, 1503, 40590, 41157, 41726, 42293
8287 15 -1
20317, 2087, 649, 2330, 1138, 40634, 40999, 41366, 41731
8303 15 -1
20362, 2564, 672, 2300, 1000, 40723, 41018, 41315, 41610
8319 15 -1
20382, 3017, 154, 1782, 1863, 40764, 42235, 43708, 45179
8335 15 -1
20403, 3201, 905, 2815, 1626, 40806, 41359, 41913, 42466
8351 15 -1
20429, 2691, 1228, 2796, 1352, 40857, 40971, 41086, 41200
8367 15 -1
20461, 2434, 824, 2659, 930, 40921, 41086, 41252, 41417
8383 15 -1
20487, 2823, 1819, 3528, 1303, 40973, 41583, 42194, 42804
8399 15 -1
20518, 3604, 1190, 3224, 918, 41035, 41360, 41687, 42012
8415 15 -1
20537, 2954, 1383, 2719, 591, 41074, 41587, 42101, 42614
8431 15 -1
20560, 3750, 1303, 1436, 6927, 41119, 45087, 49057, 53025
8447 15 -1
20600, 1723, 1402, 3558, 1323, 41199, 42155, 43113, 44069
8463 15 -1
20627, 3817, 520, 3274, 1125, 41254, 41827, 42402, 42975
8479 15 -1
20655, 2428, 110, 2790, 1604, 41310, 42237, 43166, 44093
8495 15 -1
20702, 3497, 1206, 2136, 1040, 41403, 42166, 42930, 43693
8511 15 -1
20729, 2887, 818, 2413, 1462, 41458, 42016, 42576, 43134
8527 15 -1
20761, 2644, 927, 2771, 976, 41521, 41608, 41697, 41784
8543 15 -1
20784, 2067, 981, 3388, 861, 41568, 42288, 43009, 43729
8559 15 -1
20807, 2166, 503, 3792, 1869, 41614, 43109, 44606, 46101
8575 15 -1
20834, 2807, 1590, 2546, 802, 41667, 42191, 42716, 43240
8591 15 -1
20862, 2472, 1877, 2606, 400, 41723, 42528, 43334, 44139
8607 15 -1
20894, 2546, 1579, 2648, 1369, 41787, 41942, 42099, 42254
8623 15 -1
20927, 3325, 1166, 3123, 1117, 41853, 41978, 42104, 42229
8639 15 -1
20960, 3801, 925, 2738, 847, 41919, 42489, 43060, 43630
8655 15 -1
20984, 3104, 1016, 3055, 1992, 41968, 42480, 42993, 43505
8671 15 -1
21025, 2358, 510, 2465, 1576, 42050, 42636, 43223, 43809
8687 15 -1
21054, 2893, 840, 615, 5188, 42107, 45419, 48733, 52045
8703 15 -1
21088, 3311, 1261, 2756, 1853, 42176, 42749, 43323, 43896
8719 15 -1
21116, 3132, 580, 3168, 877, 42232, 42398, 42565, 42731
8735 15 -1
21136, 3156, 1207, 2884, 1607, 42272, 42607, 42944, 43279
8751 15 -1
21164, 2063, 626, 2636, 565, 42328, 42644, 42962, 43278
8767 15 -1
21196, 2391, 1417, 2946, 463, 42391, 43145, 43900, 44654
8783 15 -1
21224, 1827, 1241, 3376, 1050, 42448, 43317, 44188, 45057
8799 15 -1
21247, 2575, 1573, 2880, 418, 42494, 43223, 43954, 44683
8815 15 -1
21277, 2206, 453, 2374, 142, 42553, 42792, 43032, 43271
8831 15 -1
21304, 3423, 1396, 3733, 938, 42608, 42991, 43376, 43759
8847 15 -1
21337, 2919, 399, 3063, 1054, 42674, 43073, 43473, 43872
8863 15 -1
21375, 3247, 962, 2352, 1318, 42749, 43374, 44000, 44625
8879 15 -1
21422, 2110, 888, 2628, 1463, 42844, 43390, 43937, 44483
8895 15 -1
21443, 3695, 1632, 3154, 1462, 42886, 43241, 43597, 43952
8911 15 -1
21480, 2661, 789, 3153, 949, 42959, 43284, 43611, 43936
8927 15 -1
21505, 2664, 602, 3112, 786, 43010, 43325, 43642, 43957
8943 15 -1
21544, 3424, 1490, 3470, 1437, 43088, 43137, 43187, 43236
8959 15 -1
21586, 3249, 198, 2476, 594, 43172, 43756, 44341, 44925
8975 15 -1
21618, 3092, 846, 3459, 689, 43236, 43497, 43760, 44021
8991 15 -1
21653, 1976, 1162, 2606, 775, 43306, 43814, 44323, 44831
9007 15 -1
21702, 2763, 536, 2470, 1676, 43403, 44119, 44836, 45552
9023 15 -1
21734, 2230, 1621, 1830, 1116, 43468, 43920, 44373, 44825
9039 15 -1
21768, 1962, 759, 2113, 517, 43536, 43732, 43929, 44125
9055 15 -1
21785, 3174, 803, 22, 1150, 43570, 45319, 47069, 48818
9071 15 -1
21814, 2404, 174, 3640, 778, 43627, 44546, 45467, 46386
9087 15 -1
21845, 2694, 1085, 3356, 907, 43690, 44109, 44530, 44949
9103 15 -1
21882, 2794, 1739, 2256, 1390, 43764, 44207, 44651, 45094
9119 15 -1
21914, 2696, 1794, 3340, 384, 43828, 44854, 45882, 46908
9135 15 -1
21940, 3110, 675, 3028, 864, 43880, 44015, 44151, 44286
9151 15 -1
21976, 4453, 1667, 2260, 941, 43952, 45411, 46871, 48330
9167 15 -1
22001, 2578, 1773, 3230, 1624, 44002, 44402, 44803, 45203
9183 15 -1
22022, 2253, 215, 2966, 1106, 44043, 44844, 45647, 46448
9199 15 -1
22053, 2587, 553, 3115, 583, 44105, 44383, 44663, 44941
9215 15 -1
22097, 2766, 1806, 2441, 1454, 44193, 44531, 44870, 45208
9231 15 -1
22143, 2819, 861, 3786, 970, 44286, 44823, 45362, 45899
9247 15 -1
22176, 2400, 828, 2408, 1820, 44351, 44850, 45351, 45850
9263 15 -1
22221, 2982, 771, 3029, 1407, 44442, 44783, 45125, 45466
9279 15 -1
22247, 2724, 522, 2871, 781, 44494, 44696, 44900, 45102
9295 15 -1
22294, 2505, 1302, 2610, 1026, 44588, 44778, 44969, 45159
9311 15 -1
22320, 2814, 2443, 2820, 800, 44639, 45463, 46288, 47112
9327 15 -1
22395, 3016, 954, 2618, 461, 44789, 45234, 45680, 46125
9343 15 -1
22420, 3216, 1003, 2475, 1206, 44839, 45310, 45783, 46254
9359 15 -1
22462, 2220, 846, 2472, 1636, 44923, 45443, 45965, 46485
9375 15 -1
22498, 3423, 969, 2812, 1524, 44995, 45577, 46161, 46743
9391 15 -1
22545, 2969, 1402, 2443, 280, 45090, 45913, 46738, 47561
9407 15 -1
22584, 2990, 904, 2552, 1188, 45168, 45528, 45890, 46250
9423 15 -1
22628, 3009, 415, 3634, 948, 45256, 45834, 46414, 46992
9439 15 -1
22679, 2966, 23, 3225, 778, 45358, 45864, 46372, 46878
9455 15 -1
22721, 3321, 944, 821, 450, 45442, 46938, 48436, 49932
9471 15 -1
22758, 1837, 1508, 2809, 1474, 45516, 46018, 46522, 47024
9487 15 -1
22817, 2642, 828, 2342, 1725, 45634, 46232, 46831, 47429
9503 15 -1
22851, 2138, 812, 2781, 1668, 45702, 46451, 47201, 47950
9519 15 -1
22905, 2250, 1366, 2538, 1554, 45809, 46046, 46285, 46522
9535 15 -1
22949, 2026, 1563, 3024, 279, 45897, 47037, 48179, 49319
9551 15 -1
22992, 2881, 546, 2537, 716, 45983, 46239, 46497, 46753
9567 15 -1
23032, 2653, 557, 2633, 1524, 46064, 46557, 47051, 47544
9583 15 -1
23075, 2941, 945, 3329, 665, 46149, 46482, 46817, 47150
9599 15 -1
23109, 2085, 488, 2451, 682, 46218, 46497, 46778, 47057
9615 15 -1
23186, 3359, 494, 3301, 1252, 46371, 46778, 47187, 47594
9631 15 -1
23230, 2277, 999, 2527, 1391, 46459, 46779, 47101, 47421
9647 15 -1
23260, 2683, 886, 2758, 1708, 46519, 46967, 47416, 47864
9663 15 -1
23308, 3263, 130, 3340, 1041, 46615, 47108, 47603, 48096
9679 15 -1
23368, 2747, 1235, 2020, 326, 46735, 47552, 48371, 49188
9695 15 -1
23420, 2703, 959, 3585, 281, 46840, 47619, 48400, 49179
9711 15 -1
23478, 3084, 961, 2463, 1461, 46956, 47516, 48077, 48637
9727 15 -1
23529, 3124, 1279, 3235, 1266, 47057, 47118, 47181, 47242
9743 15 -1
23574, 2811, 960, 2579, 567, 47147, 47459, 47772, 48084
9759 15 -1
23610, 2529, 1334, 2263, 1172, 47220, 47433, 47648, 47861
9775 15 -1
23676, 2821, 848, 2745, 1356, 47352, 47643, 47936, 48227
9791 15 -1
23726, 2494, 1493, 2388, 1277, 47452, 47612, 47774, 47934
9807 15 -1
23764, 2631, 851, 2917, 1570, 47528, 48030, 48533, 49035
9823 15 -1
23824, 2914, 665, 2580, 772, 47647, 47867, 48088, 48308
9839 15 -1
23866, 2354, 469, 2528, 2141, 47732, 48654, 49578, 50500
9855 15 -1
23924, 2137, 1587, 3203, 883, 47848, 48732, 49618, 50502
9871 15 -1
23972, 3083, 1666, 3255, 1951, 47944, 48172, 48401, 48629
9887 15 -1
24053, 3101, 794, 3168, 825, 48105, 48153, 48203, 48251
9903 15 -1
24109, 2242, 1209, 2309, 1856, 48218, 48574, 48932, 49288
9919 15 -1
24172, 3033, 1120, 3212, 1421, 48344, 48583, 48824, 49063
9935 15 -1
24240, 2120, 1702, 2960, 1863, 48479, 48979, 49480, 49980
9951 15 -1
24342, 2894, 1224, 3609, 1719, 48683, 49287, 49893, 50497
9967 15 -1
24415, 2484, 837, 3044, 1103, 48829, 49241, 49655, 50067
9983 15 -1
24536, 2776, 899, 3310, 1057, 49072, 49417, 49764, 50109
9999 15 -1
24752, 2949, 1176, 2598, 1101, 49504, 49716, 49930, 50142
