-------------------------------------------------------------------------
TPs satisfied = 186; Total TPs = 625; Percentage Satisfied + 29.799999999999997%
-------------------------------------------------------------------------

-------------------------------------------------------------------------

EVs

-------------------------------------------------------------------------
--------------------------------------
EV1
--------------------------------------
Num TPs served = 6
TPs served = 315 459 699 3931 4267 4635
Total energy used = 34960
--------------------------------------
Schedule:
0 3591 8750 1250 8750 1250 0 0 35632 35632 0 3591 0
3591 8910 8750 1250 3499 1318 0 1 35632 30313 315 2716 5319
8910 10127 3499 1318 2813 787 1 2 30313 29096 459 327 1217
10127 11328 2813 787 2433 1608 2 1 29096 27895 -459 327 1201
11328 12511 2433 1608 2433 1608 1 1 27895 27895 0 1183 0
12511 13054 2433 1608 2092 1406 1 2 27895 27352 699 3834 543
13054 20450 2092 1406 2028 8738 2 1 27352 19956 -315 67 7396
20450 21920 2028 8738 2964 8204 1 0 19956 18486 -699 2638 1470
21920 29004 2964 8204 2427 1657 0 1 18486 11402 3931 87 7084
29004 29361 2427 1657 2750 1623 1 2 11402 11045 4267 215 357
29361 30466 2750 1623 3159 927 2 1 11045 9940 -4267 215 1105
30466 31139 3159 927 3516 611 1 0 9940 9267 -3931 87 673
31139 31795 3516 611 4060 499 0 1 9267 8611 4635 1565 656
31795 38299 4060 499 9999 1064 1 0 8611 2107 -4635 1565 6504
38299 48565 9999 1064 9999 1064 0 0 2107 2107 0 10266 0
48565 50000 9999 1064 8750 1250 0 0 2107 672 1000000000 0 1435
--------------------------------------
--------------------------------------
EV2
--------------------------------------
Num TPs served = 7
TPs served = 331 491 619 3467 3963 4555 6235
Total energy used = 35632
--------------------------------------
Schedule:
0 3772 8750 1250 8750 1250 0 0 35632 35632 0 3772 0
3772 10390 8750 1250 2255 1127 0 1 35632 29014 331 1457 6618
10390 10658 2255 1127 2374 1276 1 2 29014 28746 491 223 268
10658 11595 2374 1276 2866 831 2 1 28746 27809 -491 223 937
11595 11616 2866 831 2866 831 1 1 27809 27809 0 21 0
11616 12169 2866 831 3323 927 1 2 27809 27256 619 308 553
12169 12786 3323 927 3803 790 2 1 27256 26639 -619 308 617
12786 19511 3803 790 9999 261 1 0 26639 19914 -331 946 6725
19511 20497 9999 261 9999 261 0 0 19914 19914 0 986 0
20497 26409 9999 261 4248 100 0 1 19914 14002 3467 929 5912
26409 28268 4248 100 2713 424 1 0 14002 12143 -3467 929 1859
28268 29333 2713 424 3577 223 0 1 12143 11078 3963 549 1065
29333 30016 3577 223 3258 587 1 2 11078 10395 4555 656 683
30016 31558 3258 587 2690 1561 2 1 10395 8853 -4555 656 1542
31558 32799 2690 1561 1872 1984 1 0 8853 7612 -3963 549 1241
32799 33654 1872 1984 1872 1984 0 0 7612 7612 0 855 0
33654 34463 1872 1984 2366 1669 0 1 7612 6803 6235 642 809
34463 35749 2366 1669 3413 1430 1 0 6803 5517 -6235 642 1286
35749 44483 3413 1430 3413 1430 0 0 5517 5517 0 8734 0
44483 50000 3413 1430 8750 1250 0 0 5517 0 1000000000 0 5517
--------------------------------------
--------------------------------------
EV3
--------------------------------------
Num TPs served = 5
TPs served = 507 811 5243 5771 6395
Total energy used = 35610
--------------------------------------
Schedule:
0 5300 8750 1250 8750 1250 0 0 35632 35632 0 5300 0
5300 11903 8750 1250 2670 727 0 1 35632 29029 507 122 6603
11903 14755 2670 727 337 208 1 0 29029 26177 -507 122 2852
14755 17298 337 208 2455 633 0 1 26177 23634 811 693 2543
17298 25109 2455 633 9999 366 1 0 23634 15823 -811 693 7811
25109 32160 9999 366 3215 99 0 1 15823 8772 5243 66 7051
32160 33000 3215 99 2700 424 1 0 8772 7932 -5243 66 840
33000 33268 2700 424 2951 441 0 1 7932 7664 5771 564 268
33268 34434 2951 441 3090 1468 1 0 7664 6498 -5771 564 1166
34434 34703 3090 1468 3090 1468 0 0 6498 6498 0 269 0
34703 34884 3090 1468 3213 1526 0 1 6498 6317 6395 258 181
34884 35401 3213 1526 3056 1166 1 0 6317 5800 -6395 258 517
35401 44222 3056 1166 3056 1166 0 0 5800 5800 0 8821 0
44222 50000 3056 1166 8750 1250 0 0 5800 22 1000000000 0 5778
--------------------------------------
--------------------------------------
EV4
--------------------------------------
Num TPs served = 7
TPs served = 523 603 1019 4283 4795 5035 6331
Total energy used = 35526
--------------------------------------
Schedule:
0 5427 8750 1250 8750 1250 0 0 35632 35632 0 5427 0
5427 12136 8750 1250 2458 1667 0 1 35632 28923 523 2792 6709
12136 12600 2458 1667 2490 2099 1 2 28923 28459 603 283 464
12600 14359 2490 2099 3299 1149 2 1 28459 26700 -603 283 1759
14359 15552 3299 1149 3299 1149 1 1 26700 26700 0 1193 0
15552 15780 3299 1149 3497 1119 1 2 26700 26472 1019 3735 228
15780 22343 3497 1119 9999 1058 2 1 26472 19909 -523 735 6563
22343 23252 9999 1058 9999 149 1 0 19909 19000 -1019 3735 909
23252 29906 9999 149 3606 410 0 1 19000 12346 4283 320 6654
29906 30214 3606 410 3606 410 1 1 12346 12346 0 308 0
30214 30558 3606 410 3328 476 1 2 12346 12002 4795 487 344
30558 31533 3328 476 2726 849 2 1 12002 11027 -4795 487 975
31533 31570 2726 849 2711 871 1 2 11027 10990 5035 586 37
31570 32560 2711 871 1958 1108 2 1 10990 10000 -4283 12 990
32560 33472 1958 1108 1549 1611 1 0 10000 9088 -5035 586 912
33472 35013 1549 1611 2019 540 0 1 9088 7547 6331 661 1541
35013 36881 2019 540 3809 618 1 0 7547 5679 -6331 661 1868
36881 44427 3809 618 3809 618 0 0 5679 5679 0 7546 0
44427 50000 3809 618 8750 1250 0 0 5679 106 1000000000 0 5573
--------------------------------------
--------------------------------------
EV5
--------------------------------------
Num TPs served = 5
TPs served = 555 715 843 4907 6283
Total energy used = 35600
--------------------------------------
Schedule:
0 5638 8750 1250 8750 1250 0 0 35632 35632 0 5638 0
5638 11657 8750 1250 3742 2261 0 1 35632 29613 555 857 6019
11657 11819 3742 2261 3742 2261 1 1 29613 29613 0 162 0
11819 13236 3742 2261 3051 1535 1 2 29613 28196 715 4035 1417
13236 14298 3051 1535 2410 1114 2 1 28196 27134 -555 695 1062
14298 14891 2410 1114 2696 1421 1 2 27134 26541 843 63 593
14891 15995 2696 1421 3118 2103 2 1 26541 25437 -843 63 1104
15995 23565 3118 2103 1373 7928 1 0 25437 17867 -715 1777 7570
23565 31817 1373 7928 2053 356 0 1 17867 9615 4907 171 8252
31817 34104 2053 356 2928 1768 1 0 9615 7328 -4907 171 2287
34104 34702 2928 1768 2747 1351 0 1 7328 6730 6283 68 598
34702 35053 2747 1351 2450 1297 1 0 6730 6379 -6283 68 351
35053 43653 2450 1297 2450 1297 0 0 6379 6379 0 8600 0
43653 50000 2450 1297 8750 1250 0 0 6379 32 1000000000 0 6347
--------------------------------------
--------------------------------------
EV6
--------------------------------------
Num TPs served = 10
TPs served = 587 667 731 859 875 1003 1595 2267 2283 2555
Total energy used = 28524
--------------------------------------
Schedule:
0 5888 8750 1250 8750 1250 0 0 35632 35632 0 5888 0
5888 11885 8750 1250 2810 1307 0 1 35632 29635 587 192 5997
11885 12491 2810 1307 2998 889 1 0 29635 29029 -587 192 606
12491 12492 2998 889 2998 889 0 0 29029 29029 0 1 0
12492 12697 2998 889 2963 719 0 1 29029 28824 667 121 205
12697 12940 2963 719 2834 833 1 0 28824 28581 -667 121 243
12940 13104 2834 833 2834 833 0 0 28581 28581 0 164 0
13104 13370 2834 833 2949 984 0 1 28581 28315 731 299 266
13370 13970 2949 984 2527 1162 1 0 28315 27715 -731 299 600
13970 14429 2527 1162 2527 1162 0 0 27715 27715 0 459 0
14429 14776 2527 1162 2493 849 0 1 27715 27368 875 111 347
14776 14999 2493 849 2405 984 1 0 27368 27145 -875 111 223
14999 15038 2405 984 2388 962 0 1 27145 27106 859 272 39
15038 15809 2388 962 3083 1038 1 2 27106 26335 1003 992 771
15809 16418 3083 1038 3144 1586 2 1 26335 25726 -859 272 609
16418 18430 3144 1586 1291 1427 1 0 25726 23714 -1003 552 2012
18430 18467 1291 1427 1291 1427 0 0 23714 23714 0 37 0
18467 19010 1291 1427 1832 1425 0 1 23714 23171 1595 1008 543
19010 21027 1832 1425 987 253 1 0 23171 21154 -1595 1008 2017
21027 22732 987 253 2633 312 0 1 21154 19449 2267 37 1705
22732 23419 2633 312 2699 933 1 2 19449 18762 2555 184 687
23419 23889 2699 933 2691 1395 2 1 18762 18292 -2267 21 470
23889 23976 2691 1395 2647 1438 1 0 18292 18205 -2555 184 87
23976 25780 2647 1438 4251 1638 0 1 18205 16401 2283 24 1804
25780 32870 4251 1638 9999 296 1 0 16401 9311 -2283 24 7090
32870 47797 9999 296 9999 296 0 0 9311 9311 0 14927 0
47797 50000 9999 296 8750 1250 0 0 9311 7108 1000000000 0 2203
--------------------------------------
--------------------------------------
EV7
--------------------------------------
Num TPs served = 10
TPs served = 651 763 1035 1147 1563 1835 2011 2315 2363 2827
Total energy used = 29118
--------------------------------------
Schedule:
0 6267 8750 1250 8750 1250 0 0 35632 35632 0 6267 0
6267 12764 8750 1250 2582 1579 0 1 35632 29135 651 52 6497
12764 13332 2582 1579 3085 1514 1 0 29135 28567 -651 52 568
13332 14115 3085 1514 3519 1165 0 1 28567 27784 763 66 783
14115 15126 3519 1165 2791 882 1 0 27784 26773 -763 66 1011
15126 15340 2791 882 2791 882 0 0 26773 26773 0 214 0
15340 15896 2791 882 2291 938 0 1 26773 26217 1035 286 556
15896 16470 2291 938 2047 1268 1 0 26217 25643 -1035 286 574
16470 17060 2047 1268 2379 1526 0 1 25643 25053 1147 180 590
17060 18337 2379 1526 2614 2568 1 0 25053 23776 -1147 180 1277
18337 19203 2614 2568 2859 1947 0 1 23776 22910 1563 199 866
19203 20322 2859 1947 2268 1419 1 0 22910 21791 -1563 199 1119
20322 20787 2268 1419 1886 1502 0 1 21791 21326 1835 108 465
20787 21507 1886 1502 2489 1385 1 2 21326 20606 2011 167 720
21507 21919 2489 1385 2546 1030 2 1 20606 20194 -1835 108 412
21919 22556 2546 1030 2788 635 1 2 20194 19557 2315 396 637
22556 22729 2788 635 2708 542 2 1 19557 19384 -2011 7 173
22729 23861 2708 542 3527 229 1 0 19384 18252 -2315 236 1132
23861 24729 3527 229 2662 226 0 1 18252 17384 2827 203 868
24729 25824 2662 226 2797 1186 1 0 17384 16289 -2827 203 1095
25824 26255 2797 1186 3185 1143 0 1 16289 15858 2363 4 431
26255 33656 3185 1143 9999 556 1 0 15858 8457 -2363 4 7401
33656 48057 9999 556 9999 556 0 0 8457 8457 0 14401 0
48057 50000 9999 556 8750 1250 0 0 8457 6514 1000000000 0 1943
--------------------------------------
--------------------------------------
EV8
--------------------------------------
Num TPs served = 16
TPs served = 683 779 1067 1195 1611 1739 2235 2331 2891 3019 3675 4923 5259 5643 6347 6667
Total energy used = 35470
--------------------------------------
Schedule:
0 6431 8750 1250 8750 1250 0 0 35632 35632 0 6431 0
6431 13149 8750 1250 2127 1155 0 1 35632 28914 683 43 6718
13149 13810 2127 1155 2441 808 1 0 28914 28253 -683 43 661
13810 14066 2441 808 2661 844 0 1 28253 27997 779 554 256
14066 15739 2661 844 3745 255 1 0 27997 26324 -779 554 1673
15739 16303 3745 255 3721 795 0 1 26324 25760 1067 770 564
16303 16934 3721 795 3306 579 1 2 25760 25129 1195 359 631
16934 17964 3306 579 2755 1058 2 1 25129 24099 -1195 359 1030
17964 18801 2755 1058 2282 1422 1 0 24099 23262 -1067 338 837
18801 19210 2282 1422 2474 1205 0 1 23262 22853 1611 307 409
19210 20028 2474 1205 3248 1161 1 0 22853 22035 -1611 307 818
20028 20616 3248 1161 3419 744 0 1 22035 21447 1739 18 588
20616 22207 3419 744 2365 1281 1 0 21447 19856 -1739 18 1591
22207 22465 2365 1281 2476 1428 0 1 19856 19598 2235 308 258
22465 23076 2476 1428 2406 887 1 2 19598 18987 2331 276 611
23076 24056 2406 887 3101 602 2 1 18987 18007 -2235 168 980
24056 24727 3101 602 3621 451 1 2 18007 17336 2891 886 671
24727 24868 3621 451 3717 406 2 1 17336 17195 -2331 276 141
24868 25308 3717 406 3382 511 1 2 17195 16755 3019 213 440
25308 26306 3382 511 3144 1271 2 1 16755 15757 -3019 213 998
26306 26995 3144 1271 3032 1848 1 0 15757 15068 -2891 604 689
26995 28192 3032 1848 2355 1328 0 1 15068 13871 3675 12 1197
28192 30343 2355 1328 1532 0 1 0 13871 11720 -3675 12 2151
30343 31180 1532 0 2066 303 0 1 11720 10883 4923 118 837
31180 32109 2066 303 2476 822 1 2 10883 9954 5259 117 929
32109 32163 2476 822 2476 768 2 1 9954 9900 -4923 10 54
32163 32951 2476 768 2871 1161 1 0 9900 9112 -5259 9 788
32951 33415 2871 1161 2878 1618 0 1 9112 8648 5643 47 464
33415 34559 2878 1618 2355 997 1 0 8648 7504 -5643 47 1144
34559 34848 2355 997 2340 1271 0 1 7504 7215 6347 533 289
34848 35364 2340 1271 2340 1271 1 1 7215 7215 0 516 0
35364 35618 2340 1271 2345 1022 1 2 7215 6961 6667 594 254
35618 36601 2345 1022 3321 1029 2 1 6961 5978 -6347 3 983
36601 36822 3321 1029 3459 946 1 0 5978 5757 -6667 580 221
36822 44405 3459 946 3459 946 0 0 5757 5757 0 7583 0
44405 50000 3459 946 8750 1250 0 0 5757 162 1000000000 0 5595
--------------------------------------
--------------------------------------
EV9
--------------------------------------
Num TPs served = 21
TPs served = 747 827 1051 1083 1211 1723 1867 2107 2411 2651 2939 3051 3403 3579 3803 4219 4683 4891 4939 5083 6859
Total energy used = 35628
--------------------------------------
Schedule:
0 6778 8750 1250 8750 1250 0 0 35632 35632 0 6778 0
6778 13959 8750 1250 2728 91 0 1 35632 28451 747 306 7181
13959 14504 2728 91 2711 619 1 2 28451 27906 827 36 545
14504 15111 2711 619 3212 725 2 1 27906 27299 -827 36 607
15111 15414 3212 725 3229 1011 1 0 27299 26996 -747 272 303
15414 15631 3229 1011 3229 1011 0 0 26996 26996 0 217 0
15631 16161 3229 1011 2939 1251 0 1 26996 26466 1083 282 530
16161 16470 2939 1251 3077 1080 1 2 26466 26157 1051 42 309
16470 17002 3077 1080 2739 886 2 1 26157 25625 -1083 6 532
17002 17575 2739 886 2439 613 1 0 25625 25052 -1051 42 573
17575 17712 2439 613 2368 679 0 1 25052 24915 1211 65 137
17712 19489 2368 679 3064 1760 1 0 24915 23138 -1211 65 1777
19489 19979 3064 1760 3089 1295 0 1 23138 22648 1723 188 490
19979 20575 3089 1295 2595 1193 1 2 22648 22052 1867 212 596
20575 20805 2595 1193 2543 1015 2 1 22052 21822 -1723 188 230
20805 21308 2543 1015 2682 651 1 0 21822 21319 -1867 108 503
21308 21790 2682 651 2696 1119 0 1 21319 20837 2107 72 482
21790 22548 2696 1119 2128 929 1 0 20837 20079 -2107 72 758
22548 23240 2128 929 2284 1465 0 1 20079 19387 2411 76 692
23240 23772 2284 1465 2590 1239 1 2 19387 18855 2651 523 532
23772 24343 2590 1239 2749 827 2 1 18855 18284 -2411 76 571
24343 24576 2749 827 2749 827 1 1 18284 18284 0 233 0
24576 24765 2749 827 2878 887 1 2 18284 18095 2939 105 189
24765 24977 2878 887 3070 867 2 1 18095 17883 -2939 105 212
24977 25356 3070 867 3361 779 1 2 17883 17504 3051 140 379
25356 25489 3361 779 3282 725 2 1 17504 17371 -2651 12 133
25489 26220 3282 725 2867 1041 1 0 17371 16640 -3051 32 731
26220 26433 2867 1041 3019 980 0 1 16640 16427 3403 435 213
26433 26435 3019 980 3019 980 1 1 16427 16427 0 2 0
26435 26831 3019 980 2783 820 1 2 16427 16031 3579 331 396
26831 27495 2783 820 2134 805 2 1 16031 15367 -3579 331 664
27495 27755 2134 805 2026 653 1 0 15367 15107 -3403 433 260
27755 28271 2026 653 2440 551 0 1 15107 14591 3803 235 516
28271 28928 2440 551 2683 965 1 2 14591 13934 4219 528 657
28928 30057 2683 965 3493 1284 2 1 13934 12805 -4219 528 1129
30057 30157 3493 1284 3583 1274 1 0 12805 12705 -3803 215 100
30157 30833 3583 1274 3420 1787 0 1 12705 12029 4683 213 676
30833 31069 3420 1787 3410 1561 1 2 12029 11793 4939 330 236
31069 31782 3410 1561 3245 1013 2 3 11793 11080 4891 244 713
31782 31985 3245 1013 3047 1008 3 4 11080 10877 5083 140 203
31985 32037 3047 1008 3024 979 4 3 10877 10825 -4939 330 52
32037 32427 3024 979 2691 922 3 2 10825 10435 -4683 213 390
32427 33494 2691 922 2078 468 2 1 10435 9368 -5083 140 1067
33494 34437 2078 468 1241 574 1 0 9368 8425 -4891 32 943
34437 36449 1241 574 2576 1251 0 1 8425 6413 6859 53 2012
36449 37131 2576 1251 3141 1368 1 0 6413 5731 -6859 53 682
37131 44273 3141 1368 3141 1368 0 0 5731 5731 0 7142 0
44273 50000 3141 1368 8750 1250 0 0 5731 4 1000000000 0 5727
--------------------------------------
--------------------------------------
EV10
--------------------------------------
Num TPs served = 18
TPs served = 795 907 1371 1771 2251 2715 2811 3531 4075 4139 4171 5339 5515 5947 6107 7115 7419 7979
Total energy used = 35286
--------------------------------------
Schedule:
0 8623 8750 1250 8750 1250 0 0 35632 35632 0 8623 0
8623 13945 8750 1250 3601 1077 0 1 35632 30310 795 594 5322
13945 15134 3601 1077 2493 996 1 0 30310 29121 -795 594 1189
15134 15543 2493 996 2103 1015 0 1 29121 28712 907 317 409
15543 17333 2103 1015 3593 1315 1 0 28712 26922 -907 317 1790
17333 18251 3593 1315 2957 1033 0 1 26922 26004 1371 437 918
18251 19934 2957 1033 4174 567 1 0 26004 24321 -1371 437 1683
19934 20868 4174 567 3910 1237 0 1 24321 23387 1771 321 934
20868 22212 3910 1237 3111 692 1 2 23387 22043 2251 661 1344
22212 23412 3111 692 2021 802 2 1 22043 20843 -1771 101 1200
23412 23736 2021 802 1910 1015 1 0 20843 20519 -2251 661 324
23736 24559 1910 1015 2476 758 0 1 20519 19696 2811 120 823
24559 24766 2476 758 2473 962 1 2 19696 19489 2715 96 207
24766 25275 2473 962 2788 1156 2 1 19489 18980 -2811 114 509
25275 26591 2788 1156 3655 1605 1 0 18980 17664 -2715 96 1316
26591 27122 3655 1605 3298 1431 0 1 17664 17133 3531 127 531
27122 28251 3298 1431 2299 1561 1 0 17133 16004 -3531 127 1129
28251 28257 2299 1561 2299 1561 0 0 16004 16004 0 6 0
28257 28528 2299 1561 2428 1419 0 1 16004 15733 4075 681 271
28528 29017 2428 1419 2890 1392 1 2 15733 15244 4171 194 489
29017 29358 2890 1392 2895 1056 2 3 15244 14903 4139 349 341
29358 29949 2895 1056 2750 610 3 2 14903 14312 -4171 184 591
29949 30182 2750 610 2860 487 2 1 14312 14079 -4075 391 233
30182 31603 2860 487 1553 373 1 0 14079 12658 -4139 129 1421
31603 31745 1553 373 1553 373 0 0 12658 12658 0 142 0
31745 32084 1553 373 1663 602 0 1 12658 12319 5339 915 339
32084 32128 1663 602 1663 602 1 1 12319 12319 0 44 0
32128 32587 1663 602 1678 1046 1 2 12319 11860 5515 311 459
32587 33210 1678 1046 1816 1531 2 1 11860 11237 -5515 311 623
33210 33343 1816 1531 1816 1531 1 1 11237 11237 0 133 0
33343 33683 1816 1531 2035 1410 1 2 11237 10897 5947 455 340
33683 33749 2035 1410 2035 1410 2 2 10897 10897 0 66 0
33749 34107 2035 1410 2311 1492 2 3 10897 10539 6107 939 358
34107 34723 2311 1492 2766 1331 3 2 10539 9923 -5339 108 616
34723 34982 2766 1331 2823 1533 2 1 9923 9664 -5947 67 259
34982 36562 2823 1533 2737 39 1 0 9664 8084 -6107 363 1580
36562 37046 2737 39 3084 176 0 1 8084 7600 7115 43 484
37046 37435 3084 176 2932 413 1 0 7600 7211 -7115 43 389
37435 37500 2932 413 2932 413 0 0 7211 7211 0 65 0
37500 37797 2932 413 3132 510 0 1 7211 6914 7419 36 297
37797 37871 3132 510 3098 550 1 0 6914 6840 -7419 36 74
37871 39045 3098 550 3098 550 0 0 6840 6840 0 1174 0
39045 39547 3098 550 3372 778 0 1 6840 6338 7979 332 502
39547 40212 3372 778 3494 1321 1 0 6338 5673 -7979 332 665
40212 44673 3494 1321 3494 1321 0 0 5673 5673 0 4461 0
44673 50000 3494 1321 8750 1250 0 0 5673 346 1000000000 0 5327
--------------------------------------
--------------------------------------
EV11
--------------------------------------
Num TPs served = 4
TPs served = 891 1099 1787 1851
Total energy used = 35412
--------------------------------------
Schedule:
0 8379 8750 1250 8750 1250 0 0 35632 35632 0 8379 0
8379 14871 8750 1250 2507 1499 0 1 35632 29140 891 382 6492
14871 15636 2507 1499 2447 794 1 0 29140 28375 -891 382 765
15636 16945 2447 794 3225 263 0 1 28375 27066 1099 331 1309
16945 18957 3225 263 3173 2223 1 0 27066 25054 -1099 331 2012
18957 19087 3173 2223 3173 2223 0 0 25054 25054 0 130 0
19087 20436 3173 2223 2949 1098 0 1 25054 23705 1851 387 1349
20436 21212 2949 1098 2947 1872 1 0 23705 22929 -1851 387 776
21212 22001 2947 1872 3035 1171 0 1 22929 22140 1787 5026 789
22001 35858 3035 1171 9999 8064 1 0 22140 8283 -1787 5026 13857
35858 41937 9999 8064 9999 8064 0 0 8283 8283 0 6079 0
41937 50000 9999 8064 8750 1250 0 0 8283 220 1000000000 0 8063
--------------------------------------
--------------------------------------
EV12
--------------------------------------
Num TPs served = 12
TPs served = 923 1243 1387 1643 2123 2795 3515 3883 4587 4843 5403 5723
Total energy used = 34940
--------------------------------------
Schedule:
0 8771 8750 1250 8750 1250 0 0 35632 35632 0 8771 0
8771 15070 8750 1250 3501 200 0 1 35632 29333 923 638 6299
15070 16347 3501 200 2902 878 1 0 29333 28056 -923 638 1277
16347 16662 2902 878 2902 878 0 0 28056 28056 0 315 0
16662 17064 2902 878 2600 978 0 1 28056 27654 1243 483 402
17064 18031 2600 978 3365 776 1 0 27654 26687 -1243 483 967
18031 18363 3365 776 3404 483 0 1 26687 26355 1387 746 332
18363 19355 3404 483 2440 455 1 2 26355 25363 1643 797 992
19355 20810 2440 455 2142 1612 2 1 25363 23908 -1387 690 1455
20810 21618 2142 1612 2853 1709 1 0 23908 23100 -1643 201 808
21618 22144 2853 1709 2674 1362 0 1 23100 22574 2123 270 526
22144 23898 2674 1362 3409 343 1 0 22574 20820 -2123 270 1754
23898 24836 3409 343 3641 1049 0 1 20820 19882 2795 196 938
24836 26342 3641 1049 2938 246 1 0 19882 18376 -2795 196 1506
26342 26911 2938 246 2491 368 0 1 18376 17807 3515 63 569
26911 27617 2491 368 1934 517 1 0 17807 17101 -3515 63 706
27617 28350 1934 517 2217 967 0 1 17101 16368 3883 318 733
28350 29990 2217 967 2863 1961 1 0 16368 14728 -3883 318 1640
29990 30419 2863 1961 3020 1689 0 1 14728 14299 4587 411 429
30419 31149 3020 1689 2608 1371 1 2 14299 13569 4843 3820 730
31149 32101 2608 1371 2300 727 2 1 13569 12617 -4587 411 952
32101 32478 2300 727 2619 669 1 2 12617 12240 5403 638 377
32478 32527 2619 669 2619 669 2 2 12240 12240 0 49 0
32527 33130 2619 669 2841 1050 2 3 12240 11637 5723 140 603
33130 33411 2841 1050 2936 864 3 2 11637 11356 -5723 140 281
33411 34630 2936 864 3862 1157 2 1 11356 10137 -5403 217 1219
34630 41750 3862 1157 9999 174 1 0 10137 3017 -4843 1807 7120
41750 47675 9999 174 9999 174 0 0 3017 3017 0 5925 0
47675 50000 9999 174 8750 1250 0 0 3017 692 1000000000 0 2325
--------------------------------------
--------------------------------------
EV13
--------------------------------------
Num TPs served = 14
TPs served = 939 1131 1339 1931 2219 2923 3035 4475 4619 4987 5499 5867 7099 7755
Total energy used = 35252
--------------------------------------
Schedule:
0 8506 8750 1250 8750 1250 0 0 35632 35632 0 8506 0
8506 15246 8750 1250 2280 980 0 1 35632 28892 939 123 6740
15246 15493 2280 980 2285 738 1 0 28892 28645 -939 123 247
15493 16848 2285 738 3121 219 0 1 28645 27290 1131 2 1355
16848 17546 3121 219 2513 309 1 0 27290 26592 -1131 2 698
17546 18411 2513 309 2668 1019 0 1 26592 25727 1339 140 865
18411 20138 2668 1019 3779 1635 1 0 25727 24000 -1339 140 1727
20138 21277 3779 1635 4000 717 0 1 24000 22861 1931 754 1139
21277 21987 4000 717 3658 1085 1 2 22861 22151 2219 1005 710
21987 23669 3658 1085 2050 1159 2 1 22151 20469 -1931 754 1682
23669 24579 2050 1159 2259 458 1 0 20469 19559 -2219 439 910
24579 25348 2259 458 2238 1206 0 1 19559 18790 3035 155 769
25348 25842 2238 1206 2647 1121 1 2 18790 18296 2923 138 494
25842 26189 2647 1121 2688 815 2 1 18296 17949 -3035 155 347
26189 28446 2688 815 1088 158 1 0 17949 15692 -2923 56 2257
28446 28545 1088 158 1088 158 0 0 15692 15692 0 99 0
28545 29619 1088 158 1530 790 0 1 15692 14618 4475 743 1074
29619 30390 1530 790 2119 972 1 2 14618 13847 4619 264 771
30390 31107 2119 972 2836 972 2 1 13847 13130 -4475 743 717
31107 31392 2836 972 3050 901 1 2 13130 12845 4987 364 285
31392 31542 3050 901 3065 766 2 1 12845 12695 -4619 264 150
31542 33011 3065 766 2826 1996 1 0 12695 11226 -4987 64 1469
33011 33270 2826 1996 2633 2062 0 1 11226 10967 5499 449 259
33270 33808 2633 2062 2756 1647 1 2 10967 10429 5867 114 538
33808 34663 2756 1647 2241 1307 2 1 10429 9574 -5867 114 855
34663 35864 2241 1307 1818 529 1 0 9574 8373 -5499 203 1201
35864 37115 1818 529 2350 1248 0 1 8373 7122 7099 53 1251
37115 37740 2350 1248 2843 1116 1 0 7122 6497 -7099 53 625
37740 38778 2843 1116 2843 1116 0 0 6497 6497 0 1038 0
38778 38843 2843 1116 2805 1143 0 1 6497 6432 7755 269 65
38843 39382 2805 1143 3275 1212 1 0 6432 5893 -7755 269 539
39382 44487 3275 1212 3275 1212 0 0 5893 5893 0 5105 0
44487 50000 3275 1212 8750 1250 0 0 5893 380 1000000000 0 5513
--------------------------------------
--------------------------------------
EV14
--------------------------------------
Num TPs served = 14
TPs served = 955 1419 1819 2043 2603 3147 4107 4859 4971 5115 5675 6379 7179 8139
Total energy used = 35598
--------------------------------------
Schedule:
0 8839 8750 1250 8750 1250 0 0 35632 35632 0 8839 0
8839 15339 8750 1250 3289 2289 0 1 35632 29132 955 1141 6500
15339 17622 3289 2289 3552 269 1 0 29132 26849 -955 1141 2283
17622 18525 3552 269 2871 491 0 1 26849 25946 1419 166 903
18525 19747 2871 491 2601 1443 1 0 25946 24724 -1419 166 1222
19747 20612 2601 1443 2176 1003 0 1 24724 23859 1819 206 865
20612 21400 2176 1003 2322 1645 1 2 23859 23071 2043 674 788
21400 21727 2322 1645 2438 1856 2 1 23071 22744 -1819 206 327
21727 23435 2438 1856 2969 679 1 0 22744 21036 -2043 252 1708
23435 24030 2969 679 2666 387 0 1 21036 20441 2603 5 595
24030 25071 2666 387 2001 763 1 0 20441 19400 -2603 5 1041
25071 25972 2001 763 2193 54 0 1 19400 18499 3147 557 901
25972 28099 2193 54 2327 2047 1 0 18499 16372 -3147 557 2127
28099 29274 2327 2047 3271 1816 0 1 16372 15197 4107 83 1175
29274 30757 3271 1816 3176 428 1 0 15197 13714 -4107 83 1483
30757 30886 3176 428 3146 329 0 1 13714 13585 4859 589 129
30886 31283 3146 329 2963 543 1 2 13585 13188 4971 234 397
31283 31650 2963 543 2605 534 2 3 13188 12821 5115 203 367
31650 32275 2605 534 2560 1114 3 2 12821 12196 -4971 216 625
32275 32552 2560 1114 2786 1165 2 1 12196 11919 -5115 113 277
32552 32874 2786 1165 2637 1338 1 0 11919 11597 -4859 119 322
32874 33547 2637 1338 2895 923 0 1 11597 10924 5675 57 673
33547 34751 2895 923 2278 1510 1 0 10924 9720 -5675 57 1204
34751 35383 2278 1510 2074 1082 0 1 9720 9088 6379 185 632
35383 36824 2074 1082 3161 728 1 0 9088 7647 -6379 185 1441
36824 37136 3161 728 2960 617 0 1 7647 7335 7179 327 312
37136 37893 2960 617 3461 873 1 0 7335 6578 -7179 327 757
37893 39858 3461 873 3461 873 0 0 6578 6578 0 1965 0
39858 40084 3461 873 3385 1023 0 1 6578 6352 8139 181 226
40084 40447 3385 1023 3237 808 1 0 6352 5989 -8139 181 363
40447 44045 3237 808 3237 808 0 0 5989 5989 0 3598 0
44045 50000 3237 808 8750 1250 0 0 5989 34 1000000000 0 5955
--------------------------------------
--------------------------------------
EV15
--------------------------------------
Num TPs served = 20
TPs served = 971 1179 1275 1515 1883 2299 2843 3211 3547 4011 4427 4715 5003 5227 5787 6011 6171 6779 7563 7787
Total energy used = 35276
--------------------------------------
Schedule:
0 10460 8750 1250 8750 1250 0 0 35632 35632 0 10460 0
10460 15475 8750 1250 3808 1177 0 1 35632 30617 971 450 5015
15475 16376 3808 1177 3055 1029 1 0 30617 29716 -971 450 901
16376 16548 3055 1029 3055 1029 0 0 29716 29716 0 172 0
16548 16726 3055 1029 2912 994 0 1 29716 29538 1179 152 178
16726 17032 2912 994 2881 1269 1 0 29538 29232 -1179 152 306
17032 17111 2881 1269 2881 1269 0 0 29232 29232 0 79 0
17111 17261 2881 1269 2822 1178 0 1 29232 29082 1275 509 150
17261 18280 2822 1178 2456 1831 1 0 29082 28063 -1275 509 1019
18280 18725 2456 1831 2413 1429 0 1 28063 27618 1515 147 445
18725 19352 2413 1429 2645 1824 1 0 27618 26991 -1515 147 627
19352 19864 2645 1824 2645 1824 0 0 26991 26991 0 512 0
19864 20575 2645 1824 2729 1197 0 1 26991 26280 1883 568 711
20575 21713 2729 1197 3667 1397 1 0 26280 25142 -1883 568 1138
21713 22918 3667 1397 3066 793 0 1 25142 23937 2299 17 1205
22918 24176 3066 793 2201 1186 1 0 23937 22679 -2299 17 1258
24176 24329 2201 1186 2201 1186 0 0 22679 22679 0 153 0
24329 24434 2201 1186 2268 1224 0 1 22679 22574 2843 426 105
24434 25288 2268 1224 2271 373 1 0 22574 21720 -2843 426 854
25288 25826 2271 373 2759 423 0 1 21720 21182 3211 337 538
25826 26785 2759 423 2897 1244 1 2 21182 20223 3547 452 959
26785 27145 2897 1244 2693 1400 2 1 20223 19863 -3211 61 360
27145 28092 2693 1400 2283 863 1 0 19863 18916 -3547 140 947
28092 28590 2283 863 2567 1077 0 1 18916 18418 4011 59 498
28590 29225 2567 1077 2210 799 1 0 18418 17783 -4011 59 635
29225 29647 2210 799 2629 796 0 1 17783 17361 4427 108 422
29647 30178 2629 796 2455 1153 1 0 17361 16830 -4427 108 531
30178 30744 2455 1153 2955 1087 0 1 16830 16264 4715 52 566
30744 31651 2955 1087 2876 1915 1 0 16264 15357 -4715 52 907
31651 31852 2876 1915 3054 1938 0 1 15357 15156 5003 36 201
31852 31914 3054 1938 3064 1886 1 2 15156 15094 5227 164 62
31914 32536 3064 1886 3034 1294 2 1 15094 14472 -5227 164 622
32536 33382 3034 1294 3004 478 1 0 14472 13626 -5003 16 846
33382 33468 3004 478 3051 439 0 1 13626 13540 5787 87 86
33468 34010 3051 439 3408 624 1 0 13540 12998 -5787 87 542
34010 34038 3408 624 3408 624 0 0 12998 12998 0 28 0
34038 34287 3408 624 3167 632 0 1 12998 12749 6171 723 249
34287 34723 3167 632 2779 584 1 2 12749 12313 6011 43 436
34723 35830 2779 584 2260 1172 2 1 12313 11206 -6171 627 1107
35830 36300 2260 1172 2006 1388 1 2 11206 10736 6779 348 470
36300 36498 2006 1388 1888 1468 2 1 10736 10538 -6011 43 198
36498 38005 1888 1468 2812 2051 1 0 10538 9031 -6779 112 1507
38005 38683 2812 2051 3119 1680 0 1 9031 8353 7563 467 678
38683 39179 3119 1680 3209 1274 1 2 8353 7857 7787 91 496
39179 39800 3209 1274 2994 868 2 1 7857 7236 -7787 91 621
39800 40887 2994 868 3710 497 1 0 7236 6149 -7563 37 1087
40887 44207 3710 497 3710 497 0 0 6149 6149 0 3320 0
44207 50000 3710 497 8750 1250 0 0 6149 356 1000000000 0 5793
--------------------------------------
--------------------------------------
EV16
--------------------------------------
Num TPs served = 17
TPs served = 987 1227 1451 1627 1899 1995 2203 2523 3259 3371 4187 4203 4331 4443 5579 6059 7083
Total energy used = 34730
--------------------------------------
Schedule:
0 8556 8750 1250 8750 1250 0 0 35632 35632 0 8556 0
8556 15613 8750 1250 2338 1895 0 1 35632 28575 987 456 7057
15613 16526 2338 1895 2855 1499 1 0 28575 27662 -987 456 913
16526 17218 2855 1499 3480 1566 0 1 27662 26970 1227 0 692
17218 17700 3480 1566 3268 1836 1 0 26970 26488 -1227 0 482
17700 18347 3268 1836 2960 1497 0 1 26488 25841 1451 117 647
18347 18836 2960 1497 2654 1680 1 0 25841 25352 -1451 117 489
18836 18858 2654 1680 2654 1680 0 0 25352 25352 0 22 0
18858 19208 2654 1680 2762 1438 0 1 25352 25002 1627 239 350
19208 19687 2762 1438 2858 1821 1 0 25002 24523 -1627 239 479
19687 20728 2858 1821 2564 1074 0 1 24523 23482 1899 23 1041
20728 20935 2564 1074 2470 961 1 0 23482 23275 -1899 23 207
20935 21370 2470 961 2071 925 0 1 23275 22840 1995 62 435
21370 22042 2071 925 2612 794 1 0 22840 22168 -1995 62 672
22042 22499 2612 794 2782 1081 0 1 22168 21711 2203 19 457
22499 23675 2782 1081 3640 1399 1 0 21711 20535 -2203 19 1176
23675 24054 3640 1399 3730 1110 0 1 20535 20156 2523 5 379
24054 25748 3730 1110 2301 845 1 0 20156 18462 -2523 5 1694
25748 25940 2301 845 2301 845 0 0 18462 18462 0 192 0
25940 26123 2301 845 2372 957 0 1 18462 18279 3371 150 183
26123 26425 2372 957 2224 1111 1 0 18279 17977 -3371 150 302
26425 26644 2224 1111 2418 1136 0 1 17977 17758 3259 97 219
26644 28565 2418 1136 2921 2554 1 0 17758 15837 -3259 97 1921
28565 29198 2921 2554 2731 2111 0 1 15837 15204 4203 18 633
29198 29470 2731 2111 2747 1855 1 2 15204 14932 4331 484 272
29470 29584 2747 1855 2761 1755 2 3 14932 14818 4187 160 114
29584 29915 2761 1755 2801 1464 3 4 14818 14487 4443 623 331
29915 29935 2801 1464 2803 1446 4 3 14487 14467 -4203 18 20
29935 31062 2803 1446 2458 664 3 2 14467 13340 -4331 372 1127
31062 31533 2458 664 2332 319 2 1 13340 12869 -4187 76 471
31533 31960 2332 319 2052 172 1 0 12869 12442 -4443 619 427
31960 33524 2052 172 1388 1072 0 1 12442 10878 5579 399 1564
33524 34475 1388 1072 1829 562 1 2 10878 9927 6059 572 951
34475 35950 1829 562 3256 610 2 1 9927 8452 -5579 303 1475
35950 36675 3256 610 3561 190 1 0 8452 7727 -6059 476 725
36675 37098 3561 190 3708 466 0 1 7727 7304 7083 85 423
37098 37857 3708 466 3420 937 1 0 7304 6545 -7083 85 759
37857 44357 3420 937 3420 937 0 0 6545 6545 0 6500 0
44357 50000 3420 937 8750 1250 0 0 6545 902 1000000000 0 5643
--------------------------------------

-------------------------------------------------------------------------

TPs

-------------------------------------------------------------------------

----------------------
TP11 not allocated
----------------------

----------------------
TP27 not allocated
----------------------

----------------------
TP43 not allocated
----------------------

----------------------
TP59 not allocated
----------------------

----------------------
TP75 not allocated
----------------------

----------------------
TP91 not allocated
----------------------

----------------------
TP107 not allocated
----------------------

----------------------
TP123 not allocated
----------------------

----------------------
TP139 not allocated
----------------------

----------------------
TP155 not allocated
----------------------

----------------------
TP171 not allocated
----------------------

----------------------
TP187 not allocated
----------------------

----------------------
TP203 not allocated
----------------------

----------------------
TP219 not allocated
----------------------

----------------------
TP235 not allocated
----------------------

----------------------
TP251 not allocated
----------------------

----------------------
TP267 not allocated
----------------------

----------------------
TP283 not allocated
----------------------

----------------------
TP299 not allocated
----------------------

----------------------
TP315 allocated to 1
----------------------

----------------------
TP331 allocated to 2
----------------------

----------------------
TP347 not allocated
----------------------

----------------------
TP363 not allocated
----------------------

----------------------
TP379 not allocated
----------------------

----------------------
TP395 not allocated
----------------------

----------------------
TP411 not allocated
----------------------

----------------------
TP427 not allocated
----------------------

----------------------
TP443 not allocated
----------------------

----------------------
TP459 allocated to 1
----------------------

----------------------
TP475 not allocated
----------------------

----------------------
TP491 allocated to 2
----------------------

----------------------
TP507 allocated to 3
----------------------

----------------------
TP523 allocated to 4
----------------------

----------------------
TP539 not allocated
----------------------

----------------------
TP555 allocated to 5
----------------------

----------------------
TP571 not allocated
----------------------

----------------------
TP587 allocated to 6
----------------------

----------------------
TP603 allocated to 4
----------------------

----------------------
TP619 allocated to 2
----------------------

----------------------
TP635 not allocated
----------------------

----------------------
TP651 allocated to 7
----------------------

----------------------
TP667 allocated to 6
----------------------

----------------------
TP683 allocated to 8
----------------------

----------------------
TP699 allocated to 1
----------------------

----------------------
TP715 allocated to 5
----------------------

----------------------
TP731 allocated to 6
----------------------

----------------------
TP747 allocated to 9
----------------------

----------------------
TP763 allocated to 7
----------------------

----------------------
TP779 allocated to 8
----------------------

----------------------
TP795 allocated to 10
----------------------

----------------------
TP811 allocated to 3
----------------------

----------------------
TP827 allocated to 9
----------------------

----------------------
TP843 allocated to 5
----------------------

----------------------
TP859 allocated to 6
----------------------

----------------------
TP875 allocated to 6
----------------------

----------------------
TP891 allocated to 11
----------------------

----------------------
TP907 allocated to 10
----------------------

----------------------
TP923 allocated to 12
----------------------

----------------------
TP939 allocated to 13
----------------------

----------------------
TP955 allocated to 14
----------------------

----------------------
TP971 allocated to 15
----------------------

----------------------
TP987 allocated to 16
----------------------

----------------------
TP1003 allocated to 6
----------------------

----------------------
TP1019 allocated to 4
----------------------

----------------------
TP1035 allocated to 7
----------------------

----------------------
TP1051 allocated to 9
----------------------

----------------------
TP1067 allocated to 8
----------------------

----------------------
TP1083 allocated to 9
----------------------

----------------------
TP1099 allocated to 11
----------------------

----------------------
TP1115 not allocated
----------------------

----------------------
TP1131 allocated to 13
----------------------

----------------------
TP1147 allocated to 7
----------------------

----------------------
TP1163 not allocated
----------------------

----------------------
TP1179 allocated to 15
----------------------

----------------------
TP1195 allocated to 8
----------------------

----------------------
TP1211 allocated to 9
----------------------

----------------------
TP1227 allocated to 16
----------------------

----------------------
TP1243 allocated to 12
----------------------

----------------------
TP1259 not allocated
----------------------

----------------------
TP1275 allocated to 15
----------------------

----------------------
TP1291 not allocated
----------------------

----------------------
TP1307 not allocated
----------------------

----------------------
TP1323 not allocated
----------------------

----------------------
TP1339 allocated to 13
----------------------

----------------------
TP1355 not allocated
----------------------

----------------------
TP1371 allocated to 10
----------------------

----------------------
TP1387 allocated to 12
----------------------

----------------------
TP1403 not allocated
----------------------

----------------------
TP1419 allocated to 14
----------------------

----------------------
TP1435 not allocated
----------------------

----------------------
TP1451 allocated to 16
----------------------

----------------------
TP1467 not allocated
----------------------

----------------------
TP1483 not allocated
----------------------

----------------------
TP1499 not allocated
----------------------

----------------------
TP1515 allocated to 15
----------------------

----------------------
TP1531 not allocated
----------------------

----------------------
TP1547 not allocated
----------------------

----------------------
TP1563 allocated to 7
----------------------

----------------------
TP1579 not allocated
----------------------

----------------------
TP1595 allocated to 6
----------------------

----------------------
TP1611 allocated to 8
----------------------

----------------------
TP1627 allocated to 16
----------------------

----------------------
TP1643 allocated to 12
----------------------

----------------------
TP1659 not allocated
----------------------

----------------------
TP1675 not allocated
----------------------

----------------------
TP1691 not allocated
----------------------

----------------------
TP1707 not allocated
----------------------

----------------------
TP1723 allocated to 9
----------------------

----------------------
TP1739 allocated to 8
----------------------

----------------------
TP1755 not allocated
----------------------

----------------------
TP1771 allocated to 10
----------------------

----------------------
TP1787 allocated to 11
----------------------

----------------------
TP1803 not allocated
----------------------

----------------------
TP1819 allocated to 14
----------------------

----------------------
TP1835 allocated to 7
----------------------

----------------------
TP1851 allocated to 11
----------------------

----------------------
TP1867 allocated to 9
----------------------

----------------------
TP1883 allocated to 15
----------------------

----------------------
TP1899 allocated to 16
----------------------

----------------------
TP1915 not allocated
----------------------

----------------------
TP1931 allocated to 13
----------------------

----------------------
TP1947 not allocated
----------------------

----------------------
TP1963 not allocated
----------------------

----------------------
TP1979 not allocated
----------------------

----------------------
TP1995 allocated to 16
----------------------

----------------------
TP2011 allocated to 7
----------------------

----------------------
TP2027 not allocated
----------------------

----------------------
TP2043 allocated to 14
----------------------

----------------------
TP2059 not allocated
----------------------

----------------------
TP2075 not allocated
----------------------

----------------------
TP2091 not allocated
----------------------

----------------------
TP2107 allocated to 9
----------------------

----------------------
TP2123 allocated to 12
----------------------

----------------------
TP2139 not allocated
----------------------

----------------------
TP2155 not allocated
----------------------

----------------------
TP2171 not allocated
----------------------

----------------------
TP2187 not allocated
----------------------

----------------------
TP2203 allocated to 16
----------------------

----------------------
TP2219 allocated to 13
----------------------

----------------------
TP2235 allocated to 8
----------------------

----------------------
TP2251 allocated to 10
----------------------

----------------------
TP2267 allocated to 6
----------------------

----------------------
TP2283 allocated to 6
----------------------

----------------------
TP2299 allocated to 15
----------------------

----------------------
TP2315 allocated to 7
----------------------

----------------------
TP2331 allocated to 8
----------------------

----------------------
TP2347 not allocated
----------------------

----------------------
TP2363 allocated to 7
----------------------

----------------------
TP2379 not allocated
----------------------

----------------------
TP2395 not allocated
----------------------

----------------------
TP2411 allocated to 9
----------------------

----------------------
TP2427 not allocated
----------------------

----------------------
TP2443 not allocated
----------------------

----------------------
TP2459 not allocated
----------------------

----------------------
TP2475 not allocated
----------------------

----------------------
TP2491 not allocated
----------------------

----------------------
TP2507 not allocated
----------------------

----------------------
TP2523 allocated to 16
----------------------

----------------------
TP2539 not allocated
----------------------

----------------------
TP2555 allocated to 6
----------------------

----------------------
TP2571 not allocated
----------------------

----------------------
TP2587 not allocated
----------------------

----------------------
TP2603 allocated to 14
----------------------

----------------------
TP2619 not allocated
----------------------

----------------------
TP2635 not allocated
----------------------

----------------------
TP2651 allocated to 9
----------------------

----------------------
TP2667 not allocated
----------------------

----------------------
TP2683 not allocated
----------------------

----------------------
TP2699 not allocated
----------------------

----------------------
TP2715 allocated to 10
----------------------

----------------------
TP2731 not allocated
----------------------

----------------------
TP2747 not allocated
----------------------

----------------------
TP2763 not allocated
----------------------

----------------------
TP2779 not allocated
----------------------

----------------------
TP2795 allocated to 12
----------------------

----------------------
TP2811 allocated to 10
----------------------

----------------------
TP2827 allocated to 7
----------------------

----------------------
TP2843 allocated to 15
----------------------

----------------------
TP2859 not allocated
----------------------

----------------------
TP2875 not allocated
----------------------

----------------------
TP2891 allocated to 8
----------------------

----------------------
TP2907 not allocated
----------------------

----------------------
TP2923 allocated to 13
----------------------

----------------------
TP2939 allocated to 9
----------------------

----------------------
TP2955 not allocated
----------------------

----------------------
TP2971 not allocated
----------------------

----------------------
TP2987 not allocated
----------------------

----------------------
TP3003 not allocated
----------------------

----------------------
TP3019 allocated to 8
----------------------

----------------------
TP3035 allocated to 13
----------------------

----------------------
TP3051 allocated to 9
----------------------

----------------------
TP3067 not allocated
----------------------

----------------------
TP3083 not allocated
----------------------

----------------------
TP3099 not allocated
----------------------

----------------------
TP3115 not allocated
----------------------

----------------------
TP3131 not allocated
----------------------

----------------------
TP3147 allocated to 14
----------------------

----------------------
TP3163 not allocated
----------------------

----------------------
TP3179 not allocated
----------------------

----------------------
TP3195 not allocated
----------------------

----------------------
TP3211 allocated to 15
----------------------

----------------------
TP3227 not allocated
----------------------

----------------------
TP3243 not allocated
----------------------

----------------------
TP3259 allocated to 16
----------------------

----------------------
TP3275 not allocated
----------------------

----------------------
TP3291 not allocated
----------------------

----------------------
TP3307 not allocated
----------------------

----------------------
TP3323 not allocated
----------------------

----------------------
TP3339 not allocated
----------------------

----------------------
TP3355 not allocated
----------------------

----------------------
TP3371 allocated to 16
----------------------

----------------------
TP3387 not allocated
----------------------

----------------------
TP3403 allocated to 9
----------------------

----------------------
TP3419 not allocated
----------------------

----------------------
TP3435 not allocated
----------------------

----------------------
TP3451 not allocated
----------------------

----------------------
TP3467 allocated to 2
----------------------

----------------------
TP3483 not allocated
----------------------

----------------------
TP3499 not allocated
----------------------

----------------------
TP3515 allocated to 12
----------------------

----------------------
TP3531 allocated to 10
----------------------

----------------------
TP3547 allocated to 15
----------------------

----------------------
TP3563 not allocated
----------------------

----------------------
TP3579 allocated to 9
----------------------

----------------------
TP3595 not allocated
----------------------

----------------------
TP3611 not allocated
----------------------

----------------------
TP3627 not allocated
----------------------

----------------------
TP3643 not allocated
----------------------

----------------------
TP3659 not allocated
----------------------

----------------------
TP3675 allocated to 8
----------------------

----------------------
TP3691 not allocated
----------------------

----------------------
TP3707 not allocated
----------------------

----------------------
TP3723 not allocated
----------------------

----------------------
TP3739 not allocated
----------------------

----------------------
TP3755 not allocated
----------------------

----------------------
TP3771 not allocated
----------------------

----------------------
TP3787 not allocated
----------------------

----------------------
TP3803 allocated to 9
----------------------

----------------------
TP3819 not allocated
----------------------

----------------------
TP3835 not allocated
----------------------

----------------------
TP3851 not allocated
----------------------

----------------------
TP3867 not allocated
----------------------

----------------------
TP3883 allocated to 12
----------------------

----------------------
TP3899 not allocated
----------------------

----------------------
TP3915 not allocated
----------------------

----------------------
TP3931 allocated to 1
----------------------

----------------------
TP3947 not allocated
----------------------

----------------------
TP3963 allocated to 2
----------------------

----------------------
TP3979 not allocated
----------------------

----------------------
TP3995 not allocated
----------------------

----------------------
TP4011 allocated to 15
----------------------

----------------------
TP4027 not allocated
----------------------

----------------------
TP4043 not allocated
----------------------

----------------------
TP4059 not allocated
----------------------

----------------------
TP4075 allocated to 10
----------------------

----------------------
TP4091 not allocated
----------------------

----------------------
TP4107 allocated to 14
----------------------

----------------------
TP4123 not allocated
----------------------

----------------------
TP4139 allocated to 10
----------------------

----------------------
TP4155 not allocated
----------------------

----------------------
TP4171 allocated to 10
----------------------

----------------------
TP4187 allocated to 16
----------------------

----------------------
TP4203 allocated to 16
----------------------

----------------------
TP4219 allocated to 9
----------------------

----------------------
TP4235 not allocated
----------------------

----------------------
TP4251 not allocated
----------------------

----------------------
TP4267 allocated to 1
----------------------

----------------------
TP4283 allocated to 4
----------------------

----------------------
TP4299 not allocated
----------------------

----------------------
TP4315 not allocated
----------------------

----------------------
TP4331 allocated to 16
----------------------

----------------------
TP4347 not allocated
----------------------

----------------------
TP4363 not allocated
----------------------

----------------------
TP4379 not allocated
----------------------

----------------------
TP4395 not allocated
----------------------

----------------------
TP4411 not allocated
----------------------

----------------------
TP4427 allocated to 15
----------------------

----------------------
TP4443 allocated to 16
----------------------

----------------------
TP4459 not allocated
----------------------

----------------------
TP4475 allocated to 13
----------------------

----------------------
TP4491 not allocated
----------------------

----------------------
TP4507 not allocated
----------------------

----------------------
TP4523 not allocated
----------------------

----------------------
TP4539 not allocated
----------------------

----------------------
TP4555 allocated to 2
----------------------

----------------------
TP4571 not allocated
----------------------

----------------------
TP4587 allocated to 12
----------------------

----------------------
TP4603 not allocated
----------------------

----------------------
TP4619 allocated to 13
----------------------

----------------------
TP4635 allocated to 1
----------------------

----------------------
TP4651 not allocated
----------------------

----------------------
TP4667 not allocated
----------------------

----------------------
TP4683 allocated to 9
----------------------

----------------------
TP4699 not allocated
----------------------

----------------------
TP4715 allocated to 15
----------------------

----------------------
TP4731 not allocated
----------------------

----------------------
TP4747 not allocated
----------------------

----------------------
TP4763 not allocated
----------------------

----------------------
TP4779 not allocated
----------------------

----------------------
TP4795 allocated to 4
----------------------

----------------------
TP4811 not allocated
----------------------

----------------------
TP4827 not allocated
----------------------

----------------------
TP4843 allocated to 12
----------------------

----------------------
TP4859 allocated to 14
----------------------

----------------------
TP4875 not allocated
----------------------

----------------------
TP4891 allocated to 9
----------------------

----------------------
TP4907 allocated to 5
----------------------

----------------------
TP4923 allocated to 8
----------------------

----------------------
TP4939 allocated to 9
----------------------

----------------------
TP4955 not allocated
----------------------

----------------------
TP4971 allocated to 14
----------------------

----------------------
TP4987 allocated to 13
----------------------

----------------------
TP5003 allocated to 15
----------------------

----------------------
TP5019 not allocated
----------------------

----------------------
TP5035 allocated to 4
----------------------

----------------------
TP5051 not allocated
----------------------

----------------------
TP5067 not allocated
----------------------

----------------------
TP5083 allocated to 9
----------------------

----------------------
TP5099 not allocated
----------------------

----------------------
TP5115 allocated to 14
----------------------

----------------------
TP5131 not allocated
----------------------

----------------------
TP5147 not allocated
----------------------

----------------------
TP5163 not allocated
----------------------

----------------------
TP5179 not allocated
----------------------

----------------------
TP5195 not allocated
----------------------

----------------------
TP5211 not allocated
----------------------

----------------------
TP5227 allocated to 15
----------------------

----------------------
TP5243 allocated to 3
----------------------

----------------------
TP5259 allocated to 8
----------------------

----------------------
TP5275 not allocated
----------------------

----------------------
TP5291 not allocated
----------------------

----------------------
TP5307 not allocated
----------------------

----------------------
TP5323 not allocated
----------------------

----------------------
TP5339 allocated to 10
----------------------

----------------------
TP5355 not allocated
----------------------

----------------------
TP5371 not allocated
----------------------

----------------------
TP5387 not allocated
----------------------

----------------------
TP5403 allocated to 12
----------------------

----------------------
TP5419 not allocated
----------------------

----------------------
TP5435 not allocated
----------------------

----------------------
TP5451 not allocated
----------------------

----------------------
TP5467 not allocated
----------------------

----------------------
TP5483 not allocated
----------------------

----------------------
TP5499 allocated to 13
----------------------

----------------------
TP5515 allocated to 10
----------------------

----------------------
TP5531 not allocated
----------------------

----------------------
TP5547 not allocated
----------------------

----------------------
TP5563 not allocated
----------------------

----------------------
TP5579 allocated to 16
----------------------

----------------------
TP5595 not allocated
----------------------

----------------------
TP5611 not allocated
----------------------

----------------------
TP5627 not allocated
----------------------

----------------------
TP5643 allocated to 8
----------------------

----------------------
TP5659 not allocated
----------------------

----------------------
TP5675 allocated to 14
----------------------

----------------------
TP5691 not allocated
----------------------

----------------------
TP5707 not allocated
----------------------

----------------------
TP5723 allocated to 12
----------------------

----------------------
TP5739 not allocated
----------------------

----------------------
TP5755 not allocated
----------------------

----------------------
TP5771 allocated to 3
----------------------

----------------------
TP5787 allocated to 15
----------------------

----------------------
TP5803 not allocated
----------------------

----------------------
TP5819 not allocated
----------------------

----------------------
TP5835 not allocated
----------------------

----------------------
TP5851 not allocated
----------------------

----------------------
TP5867 allocated to 13
----------------------

----------------------
TP5883 not allocated
----------------------

----------------------
TP5899 not allocated
----------------------

----------------------
TP5915 not allocated
----------------------

----------------------
TP5931 not allocated
----------------------

----------------------
TP5947 allocated to 10
----------------------

----------------------
TP5963 not allocated
----------------------

----------------------
TP5979 not allocated
----------------------

----------------------
TP5995 not allocated
----------------------

----------------------
TP6011 allocated to 15
----------------------

----------------------
TP6027 not allocated
----------------------

----------------------
TP6043 not allocated
----------------------

----------------------
TP6059 allocated to 16
----------------------

----------------------
TP6075 not allocated
----------------------

----------------------
TP6091 not allocated
----------------------

----------------------
TP6107 allocated to 10
----------------------

----------------------
TP6123 not allocated
----------------------

----------------------
TP6139 not allocated
----------------------

----------------------
TP6155 not allocated
----------------------

----------------------
TP6171 allocated to 15
----------------------

----------------------
TP6187 not allocated
----------------------

----------------------
TP6203 not allocated
----------------------

----------------------
TP6219 not allocated
----------------------

----------------------
TP6235 allocated to 2
----------------------

----------------------
TP6251 not allocated
----------------------

----------------------
TP6267 not allocated
----------------------

----------------------
TP6283 allocated to 5
----------------------

----------------------
TP6299 not allocated
----------------------

----------------------
TP6315 not allocated
----------------------

----------------------
TP6331 allocated to 4
----------------------

----------------------
TP6347 allocated to 8
----------------------

----------------------
TP6363 not allocated
----------------------

----------------------
TP6379 allocated to 14
----------------------

----------------------
TP6395 allocated to 3
----------------------

----------------------
TP6411 not allocated
----------------------

----------------------
TP6427 not allocated
----------------------

----------------------
TP6443 not allocated
----------------------

----------------------
TP6459 not allocated
----------------------

----------------------
TP6475 not allocated
----------------------

----------------------
TP6491 not allocated
----------------------

----------------------
TP6507 not allocated
----------------------

----------------------
TP6523 not allocated
----------------------

----------------------
TP6539 not allocated
----------------------

----------------------
TP6555 not allocated
----------------------

----------------------
TP6571 not allocated
----------------------

----------------------
TP6587 not allocated
----------------------

----------------------
TP6603 not allocated
----------------------

----------------------
TP6619 not allocated
----------------------

----------------------
TP6635 not allocated
----------------------

----------------------
TP6651 not allocated
----------------------

----------------------
TP6667 allocated to 8
----------------------

----------------------
TP6683 not allocated
----------------------

----------------------
TP6699 not allocated
----------------------

----------------------
TP6715 not allocated
----------------------

----------------------
TP6731 not allocated
----------------------

----------------------
TP6747 not allocated
----------------------

----------------------
TP6763 not allocated
----------------------

----------------------
TP6779 allocated to 15
----------------------

----------------------
TP6795 not allocated
----------------------

----------------------
TP6811 not allocated
----------------------

----------------------
TP6827 not allocated
----------------------

----------------------
TP6843 not allocated
----------------------

----------------------
TP6859 allocated to 9
----------------------

----------------------
TP6875 not allocated
----------------------

----------------------
TP6891 not allocated
----------------------

----------------------
TP6907 not allocated
----------------------

----------------------
TP6923 not allocated
----------------------

----------------------
TP6939 not allocated
----------------------

----------------------
TP6955 not allocated
----------------------

----------------------
TP6971 not allocated
----------------------

----------------------
TP6987 not allocated
----------------------

----------------------
TP7003 not allocated
----------------------

----------------------
TP7019 not allocated
----------------------

----------------------
TP7035 not allocated
----------------------

----------------------
TP7051 not allocated
----------------------

----------------------
TP7067 not allocated
----------------------

----------------------
TP7083 allocated to 16
----------------------

----------------------
TP7099 allocated to 13
----------------------

----------------------
TP7115 allocated to 10
----------------------

----------------------
TP7131 not allocated
----------------------

----------------------
TP7147 not allocated
----------------------

----------------------
TP7163 not allocated
----------------------

----------------------
TP7179 allocated to 14
----------------------

----------------------
TP7195 not allocated
----------------------

----------------------
TP7211 not allocated
----------------------

----------------------
TP7227 not allocated
----------------------

----------------------
TP7243 not allocated
----------------------

----------------------
TP7259 not allocated
----------------------

----------------------
TP7275 not allocated
----------------------

----------------------
TP7291 not allocated
----------------------

----------------------
TP7307 not allocated
----------------------

----------------------
TP7323 not allocated
----------------------

----------------------
TP7339 not allocated
----------------------

----------------------
TP7355 not allocated
----------------------

----------------------
TP7371 not allocated
----------------------

----------------------
TP7387 not allocated
----------------------

----------------------
TP7403 not allocated
----------------------

----------------------
TP7419 allocated to 10
----------------------

----------------------
TP7435 not allocated
----------------------

----------------------
TP7451 not allocated
----------------------

----------------------
TP7467 not allocated
----------------------

----------------------
TP7483 not allocated
----------------------

----------------------
TP7499 not allocated
----------------------

----------------------
TP7515 not allocated
----------------------

----------------------
TP7531 not allocated
----------------------

----------------------
TP7547 not allocated
----------------------

----------------------
TP7563 allocated to 15
----------------------

----------------------
TP7579 not allocated
----------------------

----------------------
TP7595 not allocated
----------------------

----------------------
TP7611 not allocated
----------------------

----------------------
TP7627 not allocated
----------------------

----------------------
TP7643 not allocated
----------------------

----------------------
TP7659 not allocated
----------------------

----------------------
TP7675 not allocated
----------------------

----------------------
TP7691 not allocated
----------------------

----------------------
TP7707 not allocated
----------------------

----------------------
TP7723 not allocated
----------------------

----------------------
TP7739 not allocated
----------------------

----------------------
TP7755 allocated to 13
----------------------

----------------------
TP7771 not allocated
----------------------

----------------------
TP7787 allocated to 15
----------------------

----------------------
TP7803 not allocated
----------------------

----------------------
TP7819 not allocated
----------------------

----------------------
TP7835 not allocated
----------------------

----------------------
TP7851 not allocated
----------------------

----------------------
TP7867 not allocated
----------------------

----------------------
TP7883 not allocated
----------------------

----------------------
TP7899 not allocated
----------------------

----------------------
TP7915 not allocated
----------------------

----------------------
TP7931 not allocated
----------------------

----------------------
TP7947 not allocated
----------------------

----------------------
TP7963 not allocated
----------------------

----------------------
TP7979 allocated to 10
----------------------

----------------------
TP7995 not allocated
----------------------

----------------------
TP8011 not allocated
----------------------

----------------------
TP8027 not allocated
----------------------

----------------------
TP8043 not allocated
----------------------

----------------------
TP8059 not allocated
----------------------

----------------------
TP8075 not allocated
----------------------

----------------------
TP8091 not allocated
----------------------

----------------------
TP8107 not allocated
----------------------

----------------------
TP8123 not allocated
----------------------

----------------------
TP8139 allocated to 14
----------------------

----------------------
TP8155 not allocated
----------------------

----------------------
TP8171 not allocated
----------------------

----------------------
TP8187 not allocated
----------------------

----------------------
TP8203 not allocated
----------------------

----------------------
TP8219 not allocated
----------------------

----------------------
TP8235 not allocated
----------------------

----------------------
TP8251 not allocated
----------------------

----------------------
TP8267 not allocated
----------------------

----------------------
TP8283 not allocated
----------------------

----------------------
TP8299 not allocated
----------------------

----------------------
TP8315 not allocated
----------------------

----------------------
TP8331 not allocated
----------------------

----------------------
TP8347 not allocated
----------------------

----------------------
TP8363 not allocated
----------------------

----------------------
TP8379 not allocated
----------------------

----------------------
TP8395 not allocated
----------------------

----------------------
TP8411 not allocated
----------------------

----------------------
TP8427 not allocated
----------------------

----------------------
TP8443 not allocated
----------------------

----------------------
TP8459 not allocated
----------------------

----------------------
TP8475 not allocated
----------------------

----------------------
TP8491 not allocated
----------------------

----------------------
TP8507 not allocated
----------------------

----------------------
TP8523 not allocated
----------------------

----------------------
TP8539 not allocated
----------------------

----------------------
TP8555 not allocated
----------------------

----------------------
TP8571 not allocated
----------------------

----------------------
TP8587 not allocated
----------------------

----------------------
TP8603 not allocated
----------------------

----------------------
TP8619 not allocated
----------------------

----------------------
TP8635 not allocated
----------------------

----------------------
TP8651 not allocated
----------------------

----------------------
TP8667 not allocated
----------------------

----------------------
TP8683 not allocated
----------------------

----------------------
TP8699 not allocated
----------------------

----------------------
TP8715 not allocated
----------------------

----------------------
TP8731 not allocated
----------------------

----------------------
TP8747 not allocated
----------------------

----------------------
TP8763 not allocated
----------------------

----------------------
TP8779 not allocated
----------------------

----------------------
TP8795 not allocated
----------------------

----------------------
TP8811 not allocated
----------------------

----------------------
TP8827 not allocated
----------------------

----------------------
TP8843 not allocated
----------------------

----------------------
TP8859 not allocated
----------------------

----------------------
TP8875 not allocated
----------------------

----------------------
TP8891 not allocated
----------------------

----------------------
TP8907 not allocated
----------------------

----------------------
TP8923 not allocated
----------------------

----------------------
TP8939 not allocated
----------------------

----------------------
TP8955 not allocated
----------------------

----------------------
TP8971 not allocated
----------------------

----------------------
TP8987 not allocated
----------------------

----------------------
TP9003 not allocated
----------------------

----------------------
TP9019 not allocated
----------------------

----------------------
TP9035 not allocated
----------------------

----------------------
TP9051 not allocated
----------------------

----------------------
TP9067 not allocated
----------------------

----------------------
TP9083 not allocated
----------------------

----------------------
TP9099 not allocated
----------------------

----------------------
TP9115 not allocated
----------------------

----------------------
TP9131 not allocated
----------------------

----------------------
TP9147 not allocated
----------------------

----------------------
TP9163 not allocated
----------------------

----------------------
TP9179 not allocated
----------------------

----------------------
TP9195 not allocated
----------------------

----------------------
TP9211 not allocated
----------------------

----------------------
TP9227 not allocated
----------------------

----------------------
TP9243 not allocated
----------------------

----------------------
TP9259 not allocated
----------------------

----------------------
TP9275 not allocated
----------------------

----------------------
TP9291 not allocated
----------------------

----------------------
TP9307 not allocated
----------------------

----------------------
TP9323 not allocated
----------------------

----------------------
TP9339 not allocated
----------------------

----------------------
TP9355 not allocated
----------------------

----------------------
TP9371 not allocated
----------------------

----------------------
TP9387 not allocated
----------------------

----------------------
TP9403 not allocated
----------------------

----------------------
TP9419 not allocated
----------------------

----------------------
TP9435 not allocated
----------------------

----------------------
TP9451 not allocated
----------------------

----------------------
TP9467 not allocated
----------------------

----------------------
TP9483 not allocated
----------------------

----------------------
TP9499 not allocated
----------------------

----------------------
TP9515 not allocated
----------------------

----------------------
TP9531 not allocated
----------------------

----------------------
TP9547 not allocated
----------------------

----------------------
TP9563 not allocated
----------------------

----------------------
TP9579 not allocated
----------------------

----------------------
TP9595 not allocated
----------------------

----------------------
TP9611 not allocated
----------------------

----------------------
TP9627 not allocated
----------------------

----------------------
TP9643 not allocated
----------------------

----------------------
TP9659 not allocated
----------------------

----------------------
TP9675 not allocated
----------------------

----------------------
TP9691 not allocated
----------------------

----------------------
TP9707 not allocated
----------------------

----------------------
TP9723 not allocated
----------------------

----------------------
TP9739 not allocated
----------------------

----------------------
TP9755 not allocated
----------------------

----------------------
TP9771 not allocated
----------------------

----------------------
TP9787 not allocated
----------------------

----------------------
TP9803 not allocated
----------------------

----------------------
TP9819 not allocated
----------------------

----------------------
TP9835 not allocated
----------------------

----------------------
TP9851 not allocated
----------------------

----------------------
TP9867 not allocated
----------------------

----------------------
TP9883 not allocated
----------------------

----------------------
TP9899 not allocated
----------------------

----------------------
TP9915 not allocated
----------------------

----------------------
TP9931 not allocated
----------------------

----------------------
TP9947 not allocated
----------------------

----------------------
TP9963 not allocated
----------------------

----------------------
TP9979 not allocated
----------------------

----------------------
TP9995 not allocated
----------------------

-------------------------------------------------------------------------

Ride-sharing vs Individual Mode - Num Vehicles and Distance Comparisson 

-------------------------------------------------------------------------
Individual Mode = 625 vehicles.
Ride-sharing Mode = 455 vehicles. The 16 ride-sharing vehicles + 439 vehicles of the individuals not served by the ride-sharing service.
-------------------------------------------------------------------------
Individual Mode = 854701 distance.
Ride-sharing Mode = 1091730 distance. 552562 from the EV fleet + 539168 from the distance of the trips not covered individuals had to do with their own vehicle.
-------------------------------------------------------------------------
