10000 10000 50000
1
9 6250 1250
238
1 9 0 35632 5
0
2 9 0 35632 5
0
3 9 0 35632 5
0
4 9 0 35632 5
0
5 9 0 35632 5
0
6 9 0 35632 5
0
7 9 0 35632 5
0
8 9 0 35632 5
0
9 9 0 35632 5
0
10 9 0 35632 5
0
11 9 0 35632 5
0
12 9 0 35632 5
0
13 9 0 35632 5
0
14 9 0 35632 5
0
15 9 0 35632 5
0
16 9 0 35632 5
0
17 9 0 35632 5
0
18 9 0 35632 5
0
19 9 0 35632 5
0
20 9 0 35632 5
0
21 9 0 35632 5
0
22 9 0 35632 5
0
23 9 0 35632 5
0
24 9 0 35632 5
0
25 9 0 35632 5
0
26 9 0 35632 5
0
27 9 0 35632 5
0
28 9 0 35632 5
0
29 9 0 35632 5
0
30 9 0 35632 5
0
31 9 0 35632 5
0
32 9 0 35632 5
0
33 9 0 35632 5
0
34 9 0 35632 5
0
35 9 0 35632 5
0
36 9 0 35632 5
0
37 9 0 35632 5
0
38 9 0 35632 5
0
39 9 0 35632 5
0
40 9 0 35632 5
0
41 9 0 35632 5
0
42 9 0 35632 5
0
43 9 0 35632 5
0
44 9 0 35632 5
0
45 9 0 35632 5
0
46 9 0 35632 5
0
47 9 0 35632 5
0
48 9 0 35632 5
0
49 9 0 35632 5
0
50 9 0 35632 5
0
51 9 0 35632 5
0
52 9 0 35632 5
0
53 9 0 35632 5
0
54 9 0 35632 5
0
55 9 0 35632 5
0
56 9 0 35632 5
0
57 9 0 35632 5
0
58 9 0 35632 5
0
59 9 0 35632 5
0
60 9 0 35632 5
0
61 9 0 35632 5
0
62 9 0 35632 5
0
63 9 0 35632 5
0
64 9 0 35632 5
0
65 9 0 35632 5
0
66 9 0 35632 5
0
67 9 0 35632 5
0
68 9 0 35632 5
0
69 9 0 35632 5
0
70 9 0 35632 5
0
71 9 0 35632 5
0
72 9 0 35632 5
0
73 9 0 35632 5
0
74 9 0 35632 5
0
75 9 0 35632 5
0
76 9 0 35632 5
0
77 9 0 35632 5
0
78 9 0 35632 5
0
79 9 0 35632 5
0
80 9 0 35632 5
0
81 9 0 35632 5
0
82 9 0 35632 5
0
83 9 0 35632 5
0
84 9 0 35632 5
0
85 9 0 35632 5
0
86 9 0 35632 5
0
87 9 0 35632 5
0
88 9 0 35632 5
0
89 9 0 35632 5
0
90 9 0 35632 5
0
91 9 0 35632 5
0
92 9 0 35632 5
0
93 9 0 35632 5
0
94 9 0 35632 5
0
95 9 0 35632 5
0
96 9 0 35632 5
0
97 9 0 35632 5
0
98 9 0 35632 5
0
99 9 0 35632 5
0
100 9 0 35632 5
0
101 9 0 35632 5
0
102 9 0 35632 5
0
103 9 0 35632 5
0
104 9 0 35632 5
0
105 9 0 35632 5
0
106 9 0 35632 5
0
107 9 0 35632 5
0
108 9 0 35632 5
0
109 9 0 35632 5
0
110 9 0 35632 5
0
111 9 0 35632 5
0
112 9 0 35632 5
0
113 9 0 35632 5
0
114 9 0 35632 5
0
115 9 0 35632 5
0
116 9 0 35632 5
0
117 9 0 35632 5
0
118 9 0 35632 5
0
119 9 0 35632 5
0
120 9 0 35632 5
0
121 9 0 35632 5
0
122 9 0 35632 5
0
123 9 0 35632 5
0
124 9 0 35632 5
0
125 9 0 35632 5
0
126 9 0 35632 5
0
127 9 0 35632 5
0
128 9 0 35632 5
0
129 9 0 35632 5
0
130 9 0 35632 5
0
131 9 0 35632 5
0
132 9 0 35632 5
0
133 9 0 35632 5
0
134 9 0 35632 5
0
135 9 0 35632 5
0
136 9 0 35632 5
0
137 9 0 35632 5
0
138 9 0 35632 5
0
139 9 0 35632 5
0
140 9 0 35632 5
0
141 9 0 35632 5
0
142 9 0 35632 5
0
143 9 0 35632 5
0
144 9 0 35632 5
0
145 9 0 35632 5
0
146 9 0 35632 5
0
147 9 0 35632 5
0
148 9 0 35632 5
0
149 9 0 35632 5
0
150 9 0 35632 5
0
151 9 0 35632 5
0
152 9 0 35632 5
0
153 9 0 35632 5
0
154 9 0 35632 5
0
155 9 0 35632 5
0
156 9 0 35632 5
0
157 9 0 35632 5
0
158 9 0 35632 5
0
159 9 0 35632 5
0
160 9 0 35632 5
0
161 9 0 35632 5
0
162 9 0 35632 5
0
163 9 0 35632 5
0
164 9 0 35632 5
0
165 9 0 35632 5
0
166 9 0 35632 5
0
167 9 0 35632 5
0
168 9 0 35632 5
0
169 9 0 35632 5
0
170 9 0 35632 5
0
171 9 0 35632 5
0
172 9 0 35632 5
0
173 9 0 35632 5
0
174 9 0 35632 5
0
175 9 0 35632 5
0
176 9 0 35632 5
0
177 9 0 35632 5
0
178 9 0 35632 5
0
179 9 0 35632 5
0
180 9 0 35632 5
0
181 9 0 35632 5
0
182 9 0 35632 5
0
183 9 0 35632 5
0
184 9 0 35632 5
0
185 9 0 35632 5
0
186 9 0 35632 5
0
187 9 0 35632 5
0
188 9 0 35632 5
0
189 9 0 35632 5
0
190 9 0 35632 5
0
191 9 0 35632 5
0
192 9 0 35632 5
0
193 9 0 35632 5
0
194 9 0 35632 5
0
195 9 0 35632 5
0
196 9 0 35632 5
0
197 9 0 35632 5
0
198 9 0 35632 5
0
199 9 0 35632 5
0
200 9 0 35632 5
0
201 9 0 35632 5
0
202 9 0 35632 5
0
203 9 0 35632 5
0
204 9 0 35632 5
0
205 9 0 35632 5
0
206 9 0 35632 5
0
207 9 0 35632 5
0
208 9 0 35632 5
0
209 9 0 35632 5
0
210 9 0 35632 5
0
211 9 0 35632 5
0
212 9 0 35632 5
0
213 9 0 35632 5
0
214 9 0 35632 5
0
215 9 0 35632 5
0
216 9 0 35632 5
0
217 9 0 35632 5
0
218 9 0 35632 5
0
219 9 0 35632 5
0
220 9 0 35632 5
0
221 9 0 35632 5
0
222 9 0 35632 5
0
223 9 0 35632 5
0
224 9 0 35632 5
0
225 9 0 35632 5
0
226 9 0 35632 5
0
227 9 0 35632 5
0
228 9 0 35632 5
0
229 9 0 35632 5
0
230 9 0 35632 5
0
231 9 0 35632 5
0
232 9 0 35632 5
0
233 9 0 35632 5
0
234 9 0 35632 5
0
235 9 0 35632 5
0
236 9 0 35632 5
0
237 9 0 35632 5
0
238 9 0 35632 5
0
625
9 9 -1
1, 2260, 771, 2775, 889, 1, 317, 634, 950
25 9 -1
1, 2573, 743, 9999, 7500, 1, 7092, 14184, 21275
41 9 -1
1, 2894, 647, 1450, 8907, 1, 4852, 9705, 14556
57 9 -1
1, 3100, 1249, 2754, 1848, 1, 473, 946, 1418
73 9 -1
1, 3473, 1428, 2985, 1068, 1, 424, 849, 1272
89 9 -1
193, 2989, 740, 3263, 1536, 386, 920, 1456, 1990
105 9 -1
616, 2754, 1407, 3117, 658, 1232, 1787, 2344, 2899
121 9 -1
1018, 2694, 965, 3207, 1283, 2036, 2451, 2867, 3282
137 9 -1
1264, 2876, 1435, 2482, 1204, 2528, 2840, 3153, 3465
153 9 -1
1609, 3145, 738, 3825, 724, 3217, 3563, 3911, 4257
169 9 -1
1950, 2466, 1009, 744, 6149, 3900, 7330, 10762, 14192
185 9 -1
2136, 3720, 685, 2792, 961, 4272, 4873, 5476, 6077
201 9 -1
2324, 3453, 400, 9999, 443, 4647, 7941, 11236, 14530
217 9 -1
2532, 3765, 1714, 1895, 1002, 5063, 6353, 7645, 8935
233 9 -1
2733, 2968, 1902, 2140, 1473, 5466, 6094, 6723, 7351
249 9 -1
2908, 2601, 1271, 1054, 6530, 5815, 9217, 12621, 16023
265 9 -1
3135, 2283, 1102, 3230, 1602, 6270, 6993, 7717, 8440
281 9 -1
3305, 2490, 1457, 2331, 1186, 6609, 6823, 7039, 7253
297 9 -1
3438, 2389, 1640, 251, 9999, 6875, 12123, 17372, 22620
313 9 -1
3573, 2286, 438, 2698, 1208, 7145, 7735, 8327, 8917
329 9 -1
3731, 2796, 1255, 1387, 1029, 7461, 8278, 9096, 9913
345 9 -1
3926, 2290, 584, 2357, 1050, 7852, 8118, 8385, 8651
361 9 -1
4077, 3355, 1027, 3606, 144, 8153, 8719, 9287, 9853
377 9 -1
4210, 3158, 233, 2142, 1534, 8420, 9578, 10737, 11895
393 9 -1
4383, 3350, 382, 2246, 1199, 8766, 9726, 10687, 11647
409 9 -1
4583, 3214, 693, 3114, 1612, 9165, 9674, 10184, 10693
425 9 -1
4693, 2189, 884, 3221, 979, 9386, 9949, 10513, 11076
441 9 -1
4816, 2482, 551, 4184, 896, 9631, 10654, 11678, 12701
457 9 -1
4915, 2955, 1021, 2379, 720, 9830, 10268, 10707, 11145
473 9 -1
5066, 2747, 1820, 2535, 1177, 10131, 10558, 10986, 11413
489 9 -1
5203, 1612, 478, 2603, 893, 10406, 11108, 11812, 12514
505 9 -1
5281, 2532, 1312, 2780, 1547, 10561, 10802, 11044, 11285
521 9 -1
5415, 2896, 552, 3068, 843, 10829, 11060, 11292, 11523
537 9 -1
5498, 2876, 760, 1432, 5237, 10996, 13956, 16917, 19877
553 9 -1
5598, 2450, 1227, 9999, 592, 11195, 15286, 19379, 23470
569 9 -1
5726, 2694, 1552, 2774, 1037, 11451, 11748, 12046, 12343
585 9 -1
5878, 2887, 939, 2171, 1213, 11756, 12250, 12746, 13240
601 9 -1
5977, 2935, 562, 2667, 881, 11954, 12247, 12541, 12834
617 9 -1
6083, 2707, 572, 3524, 1812, 12166, 13194, 14223, 15251
633 9 -1
6164, 1944, 1242, 2905, 795, 12328, 13031, 13736, 14439
649 9 -1
6255, 3126, 768, 2058, 1541, 12510, 13430, 14351, 15271
665 9 -1
6329, 3431, 376, 1234, 536, 12657, 13835, 15014, 16192
681 9 -1
6429, 2996, 1704, 2847, 814, 12858, 13377, 13897, 14416
697 9 -1
6510, 2530, 1037, 2202, 1031, 13020, 13186, 13354, 13520
713 9 -1
6605, 2380, 1064, 3417, 876, 13210, 13822, 14435, 15047
729 9 -1
6676, 2034, 898, 9999, 8468, 13352, 21119, 28887, 36654
745 9 -1
6770, 3780, 1086, 3521, 1223, 13539, 13736, 13935, 14132
761 9 -1
6823, 2624, 1610, 2253, 716, 13645, 14277, 14910, 15542
777 9 -1
6882, 2649, 1200, 2286, 923, 13763, 14082, 14403, 14722
793 9 -1
6950, 2775, 1906, 2009, 718, 13899, 14875, 15853, 16829
809 9 -1
7039, 2600, 825, 2669, 2443, 14077, 14920, 15764, 16607
825 9 -1
7116, 4072, 980, 2046, 1948, 14231, 15727, 17225, 18721
841 9 -1
7186, 3256, 1556, 2125, 1558, 14371, 14937, 15504, 16070
857 9 -1
7286, 4084, 823, 3535, 1616, 14572, 15242, 15914, 16584
873 9 -1
7387, 2515, 633, 2765, 7110, 14774, 18137, 21501, 24864
889 9 -1
7426, 3156, 607, 2961, 352, 14851, 15075, 15301, 15525
905 9 -1
7479, 2875, 1326, 2836, 1143, 14958, 15068, 15180, 15290
921 9 -1
7520, 3053, 1811, 1486, 162, 15039, 16646, 18255, 19862
937 9 -1
7609, 3215, 1250, 2486, 1442, 15217, 15677, 16138, 16598
953 9 -1
7668, 3030, 473, 3306, 1707, 15336, 16090, 16846, 17600
969 9 -1
7732, 3092, 1238, 2614, 1406, 15463, 15785, 16109, 16431
985 9 -1
7802, 2957, 730, 2455, 1664, 15604, 16321, 17040, 17757
1001 9 -1
7851, 2898, 405, 9999, 6839, 15701, 22468, 29236, 36003
1017 9 -1
7887, 2649, 1384, 3697, 803, 15773, 16587, 17402, 18216
1033 9 -1
7938, 2638, 1102, 3510, 933, 15876, 16396, 16917, 17437
1049 9 -1
7970, 3406, 674, 2161, 305, 15939, 16745, 17553, 18359
1065 9 -1
8015, 3105, 754, 2689, 90, 16030, 16569, 17110, 17649
1081 9 -1
8074, 3320, 409, 2857, 1256, 16148, 16802, 17458, 18112
1097 9 -1
8130, 2793, 801, 3376, 947, 16260, 16624, 16989, 17353
1113 9 -1
8185, 2369, 1252, 2463, 1522, 16370, 16551, 16734, 16915
1129 9 -1
8248, 2984, 355, 2408, 1506, 16496, 17359, 18223, 19086
1145 9 -1
8297, 2361, 1760, 3025, 1407, 16593, 17101, 17610, 18118
1161 9 -1
8337, 2533, 1726, 2315, 1017, 16673, 17136, 17600, 18063
1177 9 -1
8358, 3036, 975, 3548, 994, 16716, 16981, 17247, 17512
1193 9 -1
8388, 2914, 769, 2612, 1258, 16775, 17170, 17566, 17961
1209 9 -1
8433, 3059, 881, 921, 19, 16865, 18364, 19865, 21364
1225 9 -1
8478, 3605, 1386, 2169, 1259, 16955, 17736, 18518, 19299
1241 9 -1
8528, 2489, 1490, 2602, 1525, 17056, 17129, 17204, 17277
1257 9 -1
8569, 1728, 797, 1933, 96, 17137, 17589, 18043, 18495
1273 9 -1
8612, 3633, 1038, 2768, 1567, 17224, 17920, 18618, 19314
1289 9 -1
8681, 3132, 571, 2945, 1692, 17362, 18015, 18670, 19323
1305 9 -1
8731, 2385, 1287, 1136, 653, 17461, 18402, 19344, 20285
1321 9 -1
8780, 2372, 934, 2207, 1008, 17559, 17678, 17798, 17917
1337 9 -1
8837, 2659, 1313, 2348, 1511, 17674, 17928, 18183, 18437
1353 9 -1
8880, 2548, 818, 2697, 1288, 17759, 18068, 18378, 18687
1369 9 -1
8919, 2202, 1592, 2246, 1194, 17838, 18058, 18280, 18500
1385 9 -1
8951, 3001, 1487, 2768, 1846, 17902, 18197, 18494, 18789
1401 9 -1
8986, 3261, 1454, 4343, 125, 17971, 19176, 20382, 21587
1417 9 -1
9036, 2942, 1543, 2797, 1672, 18071, 18207, 18345, 18481
1433 9 -1
9080, 3233, 453, 23, 7707, 18160, 23391, 28624, 33855
1449 9 -1
9109, 1906, 731, 2850, 949, 18217, 18797, 19379, 19959
1465 9 -1
9154, 2702, 1038, 2455, 1004, 18308, 18448, 18589, 18729
1481 9 -1
9191, 2642, 904, 2870, 1587, 18381, 18836, 19292, 19747
1497 9 -1
9225, 3131, 792, 3020, 1533, 18450, 18875, 19302, 19727
1513 9 -1
9277, 2723, 1903, 3013, 865, 18554, 19217, 19882, 20545
1529 9 -1
9333, 2697, 1008, 2315, 345, 18666, 19188, 19711, 20233
1545 9 -1
9378, 2713, 205, 2357, 477, 18756, 19069, 19384, 19697
1561 9 -1
9418, 2487, 887, 3793, 898, 18835, 19493, 20152, 20810
1577 9 -1
9469, 3032, 308, 3111, 1549, 18937, 19596, 20257, 20916
1593 9 -1
9504, 2449, 1597, 2930, 842, 19008, 19625, 20244, 20861
1609 9 -1
9551, 3061, 1072, 2988, 711, 19102, 19318, 19536, 19752
1625 9 -1
9601, 2577, 1104, 2856, 352, 19201, 19716, 20232, 20747
1641 9 -1
9657, 3696, 609, 2752, 1297, 19314, 20129, 20946, 21761
1657 9 -1
9703, 2829, 253, 3445, 1487, 19405, 20329, 21255, 22179
1673 9 -1
9764, 3479, 627, 2787, 1483, 19528, 20301, 21076, 21849
1689 9 -1
9789, 3183, 1342, 2541, 1285, 19577, 19926, 20276, 20625
1705 9 -1
9838, 2979, 738, 2417, 171, 19675, 20239, 20804, 21368
1721 9 -1
9873, 3156, 581, 3009, 1843, 19745, 20449, 21154, 21858
1737 9 -1
9915, 2820, 494, 2930, 1323, 19830, 20299, 20769, 21238
1753 9 -1
9955, 2339, 806, 3816, 1698, 19909, 21093, 22278, 23462
1769 9 -1
10011, 2917, 1037, 2772, 919, 20022, 20153, 20285, 20416
1785 9 -1
10042, 3311, 1746, 3125, 1071, 20083, 20513, 20944, 21374
1801 9 -1
10099, 2223, 661, 3381, 1012, 20197, 20951, 21706, 22460
1817 9 -1
10130, 3011, 1438, 78, 125, 20259, 22381, 24505, 26627
1833 9 -1
10157, 2402, 508, 2976, 1035, 20313, 20863, 21414, 21964
1849 9 -1
10217, 2654, 1311, 2112, 1538, 20433, 20817, 21202, 21586
1865 9 -1
10235, 1950, 1547, 3602, 964, 20469, 21586, 22704, 23821
1881 9 -1
10279, 3554, 355, 3520, 1410, 20557, 21101, 21646, 22190
1897 9 -1
10321, 2776, 1389, 2065, 76, 20642, 21653, 22666, 23677
1913 9 -1
10364, 3358, 1278, 3101, 823, 20728, 21083, 21440, 21795
1929 9 -1
10415, 2399, 730, 2785, 570, 20829, 21101, 21375, 21647
1945 9 -1
10440, 2806, 1046, 3110, 742, 20879, 21182, 21487, 21790
1961 9 -1
10472, 2846, 737, 2938, 566, 20943, 21074, 21206, 21337
1977 9 -1
10510, 3173, 258, 2789, 1251, 21020, 21708, 22397, 23085
1993 9 -1
10545, 2424, 593, 2961, 664, 21090, 21393, 21698, 22001
2009 9 -1
10571, 3133, 798, 2223, 1685, 21141, 22039, 22938, 23836
2025 9 -1
10597, 3190, 497, 469, 207, 21194, 22699, 24205, 25710
2041 9 -1
10632, 3206, 1150, 2575, 1813, 21264, 21910, 22558, 23204
2057 9 -1
10651, 1512, 1695, 3223, 1723, 21302, 22171, 23041, 23910
2073 9 -1
10676, 3240, 1827, 2779, 1830, 21351, 21582, 21815, 22046
2089 9 -1
10705, 3449, 959, 2970, 1201, 21409, 21769, 22130, 22490
2105 9 -1
10741, 3142, 1430, 853, 543, 21482, 23069, 24658, 26245
2121 9 -1
10764, 2991, 1583, 2219, 1121, 21527, 22143, 22761, 23377
2137 9 -1
10797, 2601, 1549, 2628, 487, 21593, 22137, 22682, 23226
2153 9 -1
10842, 3121, 1797, 2870, 992, 21684, 22211, 22740, 23267
2169 9 -1
10886, 2343, 395, 2754, 1103, 21771, 22330, 22890, 23449
2185 9 -1
10912, 2834, 1431, 1751, 666, 21824, 22747, 23672, 24595
2201 9 -1
10965, 2326, 1280, 2929, 593, 21930, 22574, 23220, 23864
2217 9 -1
10983, 1998, 1599, 2311, 1548, 21966, 22147, 22330, 22511
2233 9 -1
11019, 2415, 1525, 2713, 936, 22038, 22481, 22925, 23368
2249 9 -1
11050, 2838, 742, 2306, 1456, 22099, 22721, 23345, 23967
2265 9 -1
11094, 1976, 1361, 3253, 1464, 22187, 22876, 23567, 24256
2281 9 -1
11125, 2747, 1724, 2406, 703, 22249, 22929, 23611, 24291
2297 9 -1
11153, 3239, 1072, 2744, 944, 22306, 22617, 22929, 23240
2313 9 -1
11183, 2694, 727, 2571, 964, 22365, 22544, 22725, 22904
2329 9 -1
11224, 2137, 1698, 3144, 830, 22448, 23385, 24323, 25260
2345 9 -1
11245, 3201, 1624, 2444, 744, 22489, 23307, 24126, 24944
2361 9 -1
11275, 3080, 1107, 3256, 1183, 22549, 22674, 22801, 22926
2377 9 -1
11313, 2519, 754, 3927, 1510, 22625, 23706, 24789, 25870
2393 9 -1
11356, 2546, 565, 2042, 1626, 22712, 23494, 24277, 25059
2409 9 -1
11376, 2412, 976, 2578, 507, 22752, 23069, 23387, 23704
2425 9 -1
11416, 2921, 966, 2610, 481, 22832, 23229, 23628, 24025
2441 9 -1
11449, 2207, 1182, 1618, 687, 22898, 23439, 23982, 24523
2457 9 -1
11473, 2481, 502, 2668, 1720, 22946, 23648, 24351, 25053
2473 9 -1
11507, 2822, 604, 1912, 1236, 23013, 23783, 24555, 25325
2489 9 -1
11547, 2889, 1312, 2660, 1436, 23093, 23269, 23446, 23622
2505 9 -1
11570, 2971, 983, 2295, 298, 23140, 23820, 24501, 25181
2521 9 -1
11607, 2810, 652, 3324, 1452, 23213, 23869, 24527, 25183
2537 9 -1
11631, 3191, 513, 2801, 893, 23261, 23645, 24031, 24415
2553 9 -1
11661, 2444, 696, 1713, 871, 23321, 23773, 24227, 24679
2569 9 -1
11691, 3205, 833, 2241, 969, 23382, 23931, 24482, 25031
2585 9 -1
11719, 3265, 142, 3514, 1393, 23437, 24186, 24937, 25686
2601 9 -1
11753, 3365, 1233, 3024, 282, 23506, 24151, 24798, 25443
2617 9 -1
11788, 2338, 1256, 3324, 1090, 23576, 24151, 24728, 25303
2633 9 -1
11819, 3271, 1500, 2733, 1613, 23638, 23963, 24289, 24614
2649 9 -1
11842, 1948, 860, 2377, 889, 23684, 23912, 24142, 24370
2665 9 -1
11884, 2804, 478, 2759, 209, 23768, 23924, 24082, 24238
2681 9 -1
11911, 3411, 386, 3600, 1386, 23822, 24416, 25011, 25605
2697 9 -1
11954, 2966, 542, 2909, 1151, 23908, 24240, 24574, 24906
2713 9 -1
11973, 2288, 814, 1756, 1495, 23945, 24551, 25158, 25764
2729 9 -1
12006, 2651, 741, 1855, 870, 24012, 24474, 24937, 25399
2745 9 -1
12043, 2872, 595, 3199, 1189, 24086, 24546, 25007, 25467
2761 9 -1
12076, 2420, 391, 2700, 1405, 24151, 24797, 25445, 26091
2777 9 -1
12099, 3177, 1305, 2302, 1021, 24197, 24776, 25356, 25935
2793 9 -1
12139, 2297, 957, 1978, 724, 24278, 24553, 24830, 25105
2809 9 -1
12158, 2686, 985, 2968, 988, 24315, 24457, 24600, 24742
2825 9 -1
12191, 2300, 1463, 2672, 656, 24381, 24970, 25560, 26149
2841 9 -1
12214, 3244, 894, 2833, 1547, 24427, 24958, 25491, 26022
2857 9 -1
12245, 3211, 735, 2127, 304, 24489, 25246, 26004, 26761
2873 9 -1
12271, 3568, 1722, 9999, 7480, 24541, 30635, 36730, 42824
2889 9 -1
12310, 3630, 1667, 3266, 470, 24620, 25400, 26181, 26961
2905 9 -1
12330, 2661, 899, 2496, 694, 24660, 24844, 25030, 25214
2921 9 -1
12355, 3186, 1440, 3220, 280, 24710, 25306, 25904, 26500
2937 9 -1
12382, 2787, 1850, 3693, 628, 24764, 25827, 26892, 27955
2953 9 -1
12399, 2355, 243, 3504, 1453, 24797, 25976, 27156, 28335
2969 9 -1
12424, 2619, 730, 2278, 234, 24848, 25266, 25685, 26103
2985 9 -1
12461, 3921, 1341, 3005, 1635, 24921, 25525, 26131, 26735
3001 9 -1
12486, 3952, 1424, 2722, 1119, 24972, 25739, 26507, 27274
3017 9 -1
12509, 3078, 1755, 3574, 1517, 25018, 25384, 25752, 26118
3033 9 -1
12537, 3253, 414, 3035, 574, 25073, 25261, 25451, 25639
3049 9 -1
12558, 3548, 1627, 3151, 1300, 25115, 25476, 25839, 26200
3065 9 -1
12579, 3724, 231, 2570, 1976, 25157, 26606, 28056, 29505
3081 9 -1
12603, 2594, 314, 3011, 767, 25205, 25639, 26075, 26509
3097 9 -1
12635, 2974, 703, 2519, 768, 25270, 25529, 25790, 26049
3113 9 -1
12672, 2204, 85, 3031, 733, 25343, 26080, 26818, 27555
3129 9 -1
12701, 3199, 330, 3004, 836, 25402, 25752, 26103, 26453
3145 9 -1
12728, 3041, 1522, 2898, 869, 25456, 25853, 26252, 26649
3161 9 -1
12751, 3406, 1124, 2361, 1703, 25501, 26312, 27125, 27936
3177 9 -1
12778, 3405, 1455, 2701, 1409, 25556, 25930, 26306, 26680
3193 9 -1
12804, 2834, 584, 2973, 465, 25608, 25736, 25866, 25994
3209 9 -1
12821, 2034, 740, 2457, 710, 25642, 25868, 26095, 26321
3225 9 -1
12838, 2338, 983, 1797, 1720, 25675, 26313, 26953, 27591
3241 9 -1
12860, 3147, 1330, 1933, 539, 25719, 26721, 27724, 28726
3257 9 -1
12886, 2072, 442, 3287, 803, 25772, 26559, 27348, 28135
3273 9 -1
12904, 3787, 552, 1211, 1237, 25808, 27438, 29069, 30699
3289 9 -1
12930, 2467, 1460, 4121, 433, 25859, 27199, 28540, 29880
3305 9 -1
12952, 3431, 308, 9999, 6819, 25904, 32443, 38983, 45522
3321 9 -1
12985, 2647, 916, 2080, 1494, 25969, 26541, 27114, 27686
3337 9 -1
13009, 2454, 1500, 2540, 1838, 26017, 26228, 26441, 26652
3353 9 -1
13031, 1904, 1115, 3489, 670, 26062, 27076, 28092, 29106
3369 9 -1
13058, 3006, 1945, 3073, 905, 26116, 26669, 27223, 27776
3385 9 -1
13080, 2671, 835, 2671, 1532, 26159, 26507, 26856, 27204
3401 9 -1
13102, 2922, 801, 3052, 719, 26203, 26308, 26415, 26520
3417 9 -1
13136, 3535, 1518, 196, 5013, 26271, 29687, 33105, 36521
3433 9 -1
13152, 2754, 563, 2568, 589, 26304, 26409, 26516, 26621
3449 9 -1
13177, 2526, 1411, 641, 7902, 26354, 30541, 34730, 38917
3465 9 -1
13201, 2728, 969, 2604, 1780, 26401, 26868, 27336, 27803
3481 9 -1
13227, 3168, 2191, 2613, 248, 26454, 27702, 28952, 30200
3497 9 -1
13271, 3095, 1335, 807, 136, 26542, 28285, 30029, 31772
3513 9 -1
13307, 2380, 207, 1907, 850, 26613, 27170, 27729, 28286
3529 9 -1
13338, 2822, 912, 1750, 5049, 26675, 29279, 31884, 34488
3545 9 -1
13367, 2881, 1465, 3270, 1092, 26734, 27114, 27496, 27876
3561 9 -1
13390, 2675, 1601, 3277, 407, 26779, 27676, 28575, 29472
3577 9 -1
13411, 2404, 432, 3586, 1266, 26822, 27829, 28838, 29845
3593 9 -1
13434, 2661, 929, 2750, 1250, 26867, 27071, 27277, 27481
3609 9 -1
13465, 2504, 1338, 2732, 42, 26929, 27690, 28453, 29214
3625 9 -1
13488, 2548, 1190, 2694, 1470, 26975, 27187, 27401, 27613
3641 9 -1
13511, 2554, 1734, 2603, 1090, 27022, 27368, 27715, 28061
3657 9 -1
13532, 2428, 974, 2288, 980, 27064, 27136, 27210, 27282
3673 9 -1
13560, 3110, 838, 2436, 948, 27120, 27511, 27904, 28295
3689 9 -1
13590, 2835, 925, 2831, 948, 27179, 27192, 27206, 27219
3705 9 -1
13615, 2407, 901, 3121, 1347, 27229, 27808, 28389, 28968
3721 9 -1
13637, 2146, 1484, 2681, 1019, 27274, 27773, 28274, 28773
3737 9 -1
13666, 2366, 983, 2888, 1790, 27332, 27996, 28661, 29325
3753 9 -1
13691, 2006, 794, 2630, 610, 27381, 27784, 28189, 28592
3769 9 -1
13720, 3079, 1156, 3560, 2183, 27440, 28193, 28948, 29701
3785 9 -1
13745, 2466, 1344, 2249, 1382, 27489, 27616, 27744, 27871
3801 9 -1
13783, 1733, 237, 2404, 2346, 27565, 28954, 30345, 31734
3817 9 -1
13809, 2071, 1052, 2297, 782, 27617, 27864, 28113, 28360
3833 9 -1
13839, 2457, 485, 800, 3853, 27678, 30190, 32703, 35215
3849 9 -1
13868, 2593, 412, 3201, 1051, 27736, 28359, 28983, 29606
3865 9 -1
13894, 2524, 1075, 2163, 1539, 27788, 28200, 28613, 29025
3881 9 -1
13923, 2374, 186, 2053, 1554, 27845, 28689, 29534, 30378
3897 9 -1
13943, 2690, 1840, 3027, 1165, 27886, 28391, 28898, 29403
3913 9 -1
13964, 2717, 1123, 2521, 1087, 27927, 28042, 28159, 28274
3929 9 -1
14009, 2511, 1134, 2684, 1011, 28017, 28164, 28313, 28460
3945 9 -1
14032, 2939, 1178, 2820, 1517, 28064, 28292, 28522, 28750
3961 9 -1
14069, 3181, 1593, 2970, 1078, 28138, 28500, 28864, 29226
3977 9 -1
14101, 2369, 1179, 3619, 832, 28201, 28999, 29798, 30596
3993 9 -1
14130, 3554, 663, 2499, 753, 28259, 28831, 29404, 29976
4009 9 -1
14158, 3169, 807, 2775, 593, 28315, 28618, 28923, 29226
4025 9 -1
14189, 3429, 1141, 2729, 564, 28378, 29016, 29655, 30293
4041 9 -1
14214, 1885, 1167, 1973, 1459, 28428, 28617, 28808, 28997
4057 9 -1
14233, 2990, 1108, 1758, 1221, 28465, 29137, 29810, 30482
4073 9 -1
14260, 2728, 1865, 3132, 1473, 28520, 28917, 29316, 29713
4089 9 -1
14284, 3290, 1262, 2496, 956, 28568, 29117, 29668, 30217
4105 9 -1
14306, 2790, 1184, 1912, 377, 28611, 29453, 30296, 31138
4121 9 -1
14321, 2483, 1106, 2885, 913, 28642, 28939, 29237, 29534
4137 9 -1
14346, 2291, 681, 2831, 661, 28692, 28971, 29252, 29531
4153 9 -1
14361, 2977, 643, 3237, 1304, 28722, 29182, 29643, 30103
4169 9 -1
14372, 3057, 1132, 2783, 904, 28743, 28993, 29245, 29495
4185 9 -1
14403, 4025, 420, 3114, 1531, 28806, 29816, 30828, 31838
4201 9 -1
14421, 4010, 795, 2946, 742, 28842, 29400, 29959, 30517
4217 9 -1
14445, 2907, 1095, 3138, 1184, 28890, 29049, 29210, 29369
4233 9 -1
14461, 2439, 595, 2436, 1958, 28921, 29603, 30287, 30969
4249 9 -1
14480, 2918, 441, 3512, 1802, 28959, 29936, 30914, 31891
4265 9 -1
14507, 3069, 734, 3236, 1264, 29013, 29361, 29710, 30058
4281 9 -1
14527, 2881, 1173, 3622, 1011, 29053, 29504, 29956, 30407
4297 9 -1
14541, 2886, 1638, 2745, 507, 29082, 29717, 30354, 30989
4313 9 -1
14576, 1847, 1405, 2757, 543, 29152, 30037, 30924, 31809
4329 9 -1
14605, 2982, 615, 3493, 756, 29209, 29534, 29861, 30186
4345 9 -1
14629, 2905, 853, 2992, 930, 29257, 29338, 29421, 29502
4361 9 -1
14651, 2366, 1449, 3296, 1440, 29302, 29771, 30241, 30710
4377 9 -1
14672, 2286, 1553, 2244, 1134, 29343, 29573, 29804, 30034
4393 9 -1
14690, 2424, 896, 2625, 607, 29379, 29623, 29869, 30113
4409 9 -1
14712, 3880, 1020, 2969, 1381, 29424, 30059, 30696, 31331
4425 9 -1
14738, 2721, 932, 3137, 859, 29475, 29719, 29964, 30208
4441 9 -1
14757, 3193, 1646, 2709, 1718, 29513, 29790, 30069, 30346
4457 9 -1
14788, 4485, 1786, 3797, 959, 29575, 30332, 31090, 31847
4473 9 -1
14808, 2727, 1119, 2279, 1009, 29616, 29894, 30174, 30452
4489 9 -1
14836, 2716, 1464, 2411, 1824, 29671, 30003, 30336, 30668
4505 9 -1
14864, 2677, 627, 1717, 1122, 29727, 30454, 31182, 31909
4521 9 -1
14898, 3045, 1231, 2938, 205, 29795, 30361, 30928, 31494
4537 9 -1
14919, 3514, 864, 3141, 1031, 29837, 30106, 30377, 30646
4553 9 -1
14948, 2522, 1172, 2180, 1428, 29895, 30193, 30493, 30791
4569 9 -1
14972, 3582, 408, 2971, 904, 29943, 30496, 31050, 31603
4585 9 -1
14993, 3151, 1378, 2537, 1409, 29986, 30308, 30631, 30953
4601 9 -1
15017, 3598, 536, 3470, 1147, 30034, 30403, 30773, 31142
4617 9 -1
15038, 2665, 1533, 3165, 1268, 30076, 30458, 30841, 31223
4633 9 -1
15049, 2761, 795, 3239, 1982, 30097, 30929, 31762, 32594
4649 9 -1
15081, 3640, 541, 3443, 987, 30161, 30482, 30804, 31125
4665 9 -1
15098, 2919, 1322, 3426, 1171, 30196, 30524, 30854, 31182
4681 9 -1
15124, 2379, 1304, 3346, 1423, 30247, 30789, 31333, 31875
4697 9 -1
15138, 3306, 332, 3282, 2048, 30275, 31144, 32015, 32884
4713 9 -1
15169, 4185, 1295, 2294, 757, 30337, 31551, 32766, 33980
4729 9 -1
15192, 2461, 765, 2477, 1670, 30383, 30843, 31304, 31764
4745 9 -1
15210, 2504, 1265, 2607, 496, 30420, 30855, 31292, 31727
4761 9 -1
15235, 3535, 2086, 3118, 854, 30469, 31293, 32118, 32942
4777 9 -1
15255, 3060, 601, 3095, 759, 30509, 30605, 30702, 30798
4793 9 -1
15277, 3652, 1383, 3411, 1383, 30554, 30674, 30795, 30915
4809 9 -1
15293, 3342, 1697, 2817, 1110, 30585, 31140, 31697, 32252
4825 9 -1
15309, 3082, 1872, 1921, 1036, 30618, 31616, 32615, 33613
4841 9 -1
15335, 3728, 1396, 3133, 613, 30669, 31357, 32047, 32735
4857 9 -1
15358, 2452, 1093, 2460, 553, 30716, 30989, 31264, 31537
4873 9 -1
15379, 3498, 1744, 2114, 1041, 30757, 31800, 32844, 33887
4889 9 -1
15399, 1496, 1219, 2301, 691, 30798, 31464, 32131, 32797
4905 9 -1
15418, 2796, 2274, 2622, 977, 30835, 31570, 32306, 33041
4921 9 -1
15430, 3479, 1554, 3549, 1053, 30859, 31144, 31430, 31715
4937 9 -1
15458, 2311, 142, 3230, 1290, 30915, 31948, 32982, 34015
4953 9 -1
15492, 2830, 1740, 2287, 1231, 30984, 31509, 32036, 32561
4969 9 -1
15515, 2527, 404, 9999, 298, 31029, 34817, 38607, 42395
4985 9 -1
15547, 3452, 2003, 2331, 498, 31093, 32405, 33719, 35031
5001 9 -1
15565, 2518, 1664, 2070, 1067, 31130, 31652, 32175, 32697
5017 9 -1
15583, 2824, 1210, 2646, 1123, 31166, 31298, 31431, 31563
5033 9 -1
15602, 2083, 457, 3067, 563, 31204, 31748, 32294, 32838
5049 9 -1
15626, 2673, 1539, 2948, 1428, 31252, 31444, 31638, 31830
5065 9 -1
15659, 3229, 1100, 3026, 786, 31317, 31575, 31834, 32092
5081 9 -1
15684, 2948, 864, 2373, 760, 31368, 31707, 32047, 32386
5097 9 -1
15699, 3360, 639, 3121, 1043, 31397, 31718, 32040, 32361
5113 9 -1
15723, 3087, 724, 2227, 1383, 31445, 32204, 32964, 33723
5129 9 -1
15742, 3118, 1918, 2353, 1587, 31484, 32031, 32580, 33127
5145 9 -1
15765, 3391, 756, 2348, 610, 31529, 32123, 32718, 33312
5161 9 -1
15784, 1653, 1041, 2036, 857, 31568, 31851, 32135, 32418
5177 9 -1
15802, 3311, 1988, 2470, 699, 31604, 32668, 33734, 34798
5193 9 -1
15820, 2422, 801, 2776, 458, 31640, 31988, 32337, 32685
5209 9 -1
15855, 3259, 1326, 2845, 383, 31709, 32387, 33066, 33744
5225 9 -1
15878, 2442, 1344, 2056, 1281, 31755, 31979, 32204, 32428
5241 9 -1
15901, 2245, 1639, 2197, 820, 31802, 32235, 32669, 33102
5257 9 -1
15926, 3536, 999, 125, 182, 31852, 33965, 36080, 38193
5273 9 -1
15949, 3853, 1537, 2608, 1028, 31898, 32774, 33652, 34528
5289 9 -1
15967, 3146, 673, 3069, 7, 31933, 32304, 32676, 33047
5305 9 -1
15991, 3131, 1471, 3203, 1839, 31982, 32201, 32422, 32641
5321 9 -1
16012, 2593, 1089, 3179, 1479, 32023, 32510, 32999, 33486
5337 9 -1
16041, 2556, 822, 2373, 1284, 32082, 32404, 32727, 33049
5353 9 -1
16061, 3355, 691, 2685, 1423, 32121, 32821, 33523, 34223
5369 9 -1
16082, 2802, 1127, 2399, 492, 32164, 32682, 33202, 33720
5385 9 -1
16102, 2519, 152, 2179, 1240, 32203, 32916, 33631, 34344
5401 9 -1
16125, 2892, 1202, 3073, 1020, 32249, 32430, 32612, 32793
5417 9 -1
16150, 2507, 507, 2201, 549, 32300, 32473, 32648, 32821
5433 9 -1
16169, 3289, 961, 2947, 1320, 32338, 32688, 33039, 33389
5449 9 -1
16197, 2848, 465, 3621, 1176, 32393, 33134, 33877, 34618
5465 9 -1
16229, 2593, 1544, 1072, 651, 32458, 33664, 34872, 36078
5481 9 -1
16247, 2446, 1968, 3714, 381, 32494, 33921, 35349, 36776
5497 9 -1
16269, 2782, 1298, 2564, 919, 32538, 32836, 33135, 33433
5513 9 -1
16292, 2578, 1402, 2976, 1533, 32584, 32848, 33113, 33377
5529 9 -1
16308, 3072, 962, 3523, 1286, 32615, 33002, 33390, 33777
5545 9 -1
16333, 2657, 1771, 2791, 1619, 32665, 32807, 32951, 33093
5561 9 -1
16360, 3366, 1088, 2420, 751, 32719, 33360, 34002, 34643
5577 9 -1
16378, 2812, 1585, 3530, 1202, 32755, 33305, 33856, 34406
5593 9 -1
16396, 2480, 1778, 3069, 839, 32792, 33555, 34320, 35083
5609 9 -1
16406, 3514, 924, 3562, 1962, 32812, 33354, 33898, 34440
5625 9 -1
16420, 3118, 591, 2825, 1353, 32839, 33366, 33894, 34421
5641 9 -1
16441, 2680, 1389, 2985, 746, 32881, 33354, 33829, 34302
5657 9 -1
16477, 1979, 1093, 2364, 1337, 32954, 33268, 33583, 33897
5673 9 -1
16496, 2567, 924, 2498, 1246, 32992, 33187, 33383, 33578
5689 9 -1
16528, 3283, 794, 2041, 960, 33055, 33758, 34463, 35166
5705 9 -1
16550, 3139, 1248, 2547, 1603, 33100, 33573, 34047, 34520
5721 9 -1
16563, 3260, 1293, 2566, 1278, 33126, 33480, 33835, 34189
5737 9 -1
16584, 3065, 242, 2865, 1077, 33168, 33685, 34203, 34720
5753 9 -1
16601, 3610, 1035, 2252, 1274, 33202, 34000, 34799, 35597
5769 9 -1
16624, 2155, 1438, 2292, 1682, 33247, 33437, 33628, 33818
5785 9 -1
16642, 3248, 580, 2308, 768, 33283, 33846, 34411, 34974
5801 9 -1
16657, 2486, 1715, 3461, 1276, 33314, 34020, 34728, 35434
5817 9 -1
16677, 2890, 923, 2158, 923, 33354, 33719, 34086, 34451
5833 9 -1
16702, 1915, 661, 3082, 1115, 33403, 34213, 35024, 35834
5849 9 -1
16721, 2885, 1318, 2235, 946, 33442, 33952, 34464, 34974
5865 9 -1
16742, 2188, 2010, 9999, 589, 33483, 38098, 42715, 47330
5881 9 -1
16763, 2925, 1203, 2899, 61, 33526, 34109, 34694, 35277
5897 9 -1
16781, 3488, 1091, 3560, 1725, 33562, 33914, 34268, 34620
5913 9 -1
16805, 3034, 242, 3505, 789, 33609, 34117, 34627, 35135
5929 9 -1
16820, 2278, 1460, 2387, 489, 33640, 34179, 34720, 35259
5945 9 -1
16839, 3703, 1105, 2592, 1204, 33678, 34282, 34888, 35492
5961 9 -1
16863, 2430, 100, 2731, 638, 33725, 34144, 34564, 34983
5977 9 -1
16891, 2696, 1777, 3130, 1329, 33781, 34221, 34663, 35103
5993 9 -1
16909, 2174, 331, 2316, 210, 33817, 33948, 34080, 34211
6009 9 -1
16934, 2945, 1257, 2476, 2092, 33868, 34519, 35172, 35823
6025 9 -1
16965, 3251, 1258, 3163, 1200, 33929, 34001, 34075, 34147
6041 9 -1
16982, 3155, 656, 2298, 396, 33963, 34521, 35080, 35638
6057 9 -1
16996, 2254, 1165, 3065, 1134, 33992, 34412, 34834, 35254
6073 9 -1
17014, 2491, 1452, 2486, 918, 34028, 34297, 34567, 34836
6089 9 -1
17031, 3394, 916, 3158, 594, 34062, 34340, 34620, 34898
6105 9 -1
17048, 1378, 1550, 2734, 1441, 34095, 34827, 35560, 36292
6121 9 -1
17075, 3441, 473, 1577, 37, 34149, 35298, 36449, 37598
6137 9 -1
17102, 2933, 727, 3501, 1473, 34204, 34860, 35518, 36174
6153 9 -1
17123, 2240, 668, 2612, 675, 34245, 34434, 34624, 34813
6169 9 -1
17143, 3597, 1642, 2287, 886, 34286, 35318, 36352, 37384
6185 9 -1
17163, 2527, 1269, 2629, 820, 34325, 34600, 34876, 35151
6201 9 -1
17183, 2801, 471, 1998, 488, 34365, 34774, 35185, 35594
6217 9 -1
17210, 2753, 1683, 3723, 1278, 34419, 35106, 35794, 36481
6233 9 -1
17227, 3575, 420, 2439, 378, 34453, 35041, 35631, 36219
6249 9 -1
17262, 2979, 890, 2458, 802, 34524, 34828, 35133, 35437
6265 9 -1
17278, 3115, 1565, 3363, 985, 34555, 34968, 35383, 35796
6281 9 -1
17295, 2826, 1242, 3032, 461, 34589, 35082, 35576, 36069
6297 9 -1
17314, 2563, 1016, 3141, 931, 34628, 34959, 35291, 35622
6313 9 -1
17342, 2762, 1131, 2871, 990, 34683, 34807, 34933, 35057
6329 9 -1
17368, 2509, 1117, 2235, 1000, 34735, 34930, 35126, 35321
6345 9 -1
17383, 3150, 1022, 3171, 1854, 34766, 35192, 35619, 36045
6361 9 -1
17397, 2239, 929, 2727, 772, 34793, 35115, 35438, 35760
6377 9 -1
17423, 2792, 426, 2626, 1079, 34845, 35254, 35664, 36073
6393 9 -1
17439, 2540, 900, 2216, 383, 34877, 35297, 35718, 36138
6409 9 -1
17466, 2794, 719, 2113, 438, 34931, 35411, 35893, 36373
6425 9 -1
17480, 3338, 791, 3442, 441, 34959, 35185, 35413, 35639
6441 9 -1
17502, 3172, 1723, 2882, 2014, 35003, 35293, 35584, 35874
6457 9 -1
17529, 1658, 500, 2054, 918, 35057, 35463, 35871, 36277
6473 9 -1
17557, 2022, 1977, 2845, 1040, 35114, 35993, 36874, 37753
6489 9 -1
17580, 2771, 401, 2164, 1394, 35160, 35959, 36760, 37559
6505 9 -1
17593, 1980, 398, 2984, 1227, 35185, 36101, 37018, 37934
6521 9 -1
17618, 1875, 222, 3139, 1975, 35236, 36744, 38253, 39761
6537 9 -1
17637, 4063, 1224, 2621, 1346, 35273, 36054, 36837, 37618
6553 9 -1
17666, 1511, 823, 81, 9662, 35332, 40466, 45601, 50735
6569 9 -1
17688, 3113, 1786, 2977, 987, 35375, 35842, 36310, 36777
6585 9 -1
17713, 3102, 1031, 2310, 1453, 35425, 36031, 36639, 37245
6601 9 -1
17733, 2531, 713, 2827, 769, 35465, 35640, 35817, 35992
6617 9 -1
17757, 2057, 1995, 2793, 976, 35513, 36390, 37268, 38145
6633 9 -1
17774, 3431, 1730, 2481, 650, 35548, 36562, 37578, 38592
6649 9 -1
17795, 3884, 1363, 2905, 425, 35589, 36547, 37506, 38464
6665 9 -1
17807, 3201, 62, 2753, 498, 35614, 36055, 36498, 36939
6681 9 -1
17825, 2231, 563, 3739, 1394, 35650, 36819, 37989, 39158
6697 9 -1
17850, 1918, 299, 2411, 1612, 35700, 36602, 37506, 38408
6713 9 -1
17867, 3258, 814, 2682, 1274, 35734, 36251, 36770, 37287
6729 9 -1
17890, 2425, 1773, 2342, 2697, 35779, 36282, 36786, 37289
6745 9 -1
17907, 3532, 1046, 2855, 332, 35814, 36509, 37205, 37900
6761 9 -1
17927, 2616, 948, 2862, 732, 35853, 36083, 36315, 36545
6777 9 -1
17953, 2839, 864, 3489, 579, 35905, 36372, 36840, 37307
6793 9 -1
17982, 2429, 1359, 2905, 1087, 35964, 36337, 36712, 37085
6809 9 -1
18007, 2465, 1043, 1880, 563, 36013, 36545, 37078, 37610
6825 9 -1
18036, 3821, 1051, 2593, 591, 36072, 36915, 37760, 38603
6841 9 -1
18060, 3156, 2008, 3090, 2067, 36119, 36181, 36244, 36306
6857 9 -1
18079, 3525, 725, 1977, 1043, 36157, 37089, 38023, 38955
6873 9 -1
18103, 3200, 1219, 1802, 987, 36206, 37020, 37836, 38650
6889 9 -1
18120, 3480, 1571, 2927, 1029, 36239, 36786, 37334, 37881
6905 9 -1
18141, 3136, 868, 3176, 1743, 36281, 36738, 37196, 37653
6921 9 -1
18167, 3432, 1772, 3267, 1293, 36334, 36655, 36978, 37299
6937 9 -1
18189, 3199, 475, 2804, 821, 36378, 36748, 37119, 37489
6953 9 -1
18209, 3086, 459, 3007, 501, 36418, 36478, 36539, 36599
6969 9 -1
18233, 3483, 555, 3091, 1146, 36465, 36956, 37448, 37939
6985 9 -1
18265, 2633, 1491, 3004, 1637, 36530, 36788, 37047, 37305
7001 9 -1
18285, 3068, 1794, 2911, 1534, 36570, 36778, 36987, 37195
7017 9 -1
18310, 2881, 1148, 2967, 1413, 36620, 36795, 36971, 37146
7033 9 -1
18339, 3025, 1886, 2738, 1652, 36678, 36938, 37199, 37459
7049 9 -1
18359, 2197, 241, 3477, 35, 36717, 37459, 38203, 38945
7065 9 -1
18374, 2791, 631, 3059, 1378, 36748, 37255, 37763, 38270
7081 9 -1
18399, 2941, 974, 2522, 684, 36798, 37152, 37507, 37861
7097 9 -1
18424, 2442, 2057, 2458, 1530, 36848, 37119, 37391, 37662
7113 9 -1
18447, 2835, 1159, 3274, 1501, 36894, 37284, 37675, 38065
7129 9 -1
18465, 3161, 1430, 2635, 1529, 36929, 37241, 37554, 37866
7145 9 -1
18486, 3300, 1460, 2456, 841, 36971, 37702, 38434, 39165
7161 9 -1
18520, 2782, 913, 9999, 72, 37039, 41067, 45097, 49125
7177 9 -1
18540, 2308, 1685, 2456, 1110, 37080, 37441, 37803, 38164
7193 9 -1
18563, 2916, 1124, 2566, 831, 37126, 37447, 37769, 38090
7209 9 -1
18597, 3194, 1416, 1390, 356, 37193, 38624, 40057, 41488
7225 9 -1
18629, 2077, 1705, 2517, 1045, 37258, 37807, 38358, 38907
7241 9 -1
18652, 3415, 588, 2716, 727, 37304, 37722, 38142, 38560
7257 9 -1
18673, 3091, 592, 2350, 1011, 37346, 37925, 38506, 39085
7273 9 -1
18692, 2412, 1247, 2982, 1634, 37383, 37861, 38340, 38818
7289 9 -1
18715, 2863, 954, 2233, 417, 37430, 38013, 38597, 39180
7305 9 -1
18742, 3145, 419, 2535, 1234, 37484, 38196, 38909, 39621
7321 9 -1
18776, 2935, 738, 3090, 1281, 37552, 37900, 38250, 38598
7337 9 -1
18791, 3943, 882, 3581, 1180, 37582, 37911, 38242, 38571
7353 9 -1
18806, 2782, 2348, 2820, 1666, 37612, 37971, 38332, 38691
7369 9 -1
18834, 1999, 1594, 2954, 649, 37667, 38616, 39567, 40516
7385 9 -1
18855, 2900, 989, 2565, 1974, 37709, 38368, 39029, 39688
7401 9 -1
18883, 3130, 742, 2900, 1008, 37765, 38012, 38261, 38508
7417 9 -1
18898, 2689, 821, 2108, 905, 37795, 38127, 38460, 38792
7433 9 -1
18920, 3166, 1017, 2723, 49, 37839, 38544, 39250, 39955
7449 9 -1
18946, 1973, 1510, 3211, 1551, 37892, 38531, 39171, 39810
7465 9 -1
18973, 3182, 877, 4064, 526, 37946, 38562, 39179, 39795
7481 9 -1
18998, 2244, 698, 3266, 1182, 37995, 38747, 39501, 40253
7497 9 -1
19016, 3323, 1062, 2508, 5, 38032, 38967, 39904, 40839
7513 9 -1
19041, 2449, 699, 2464, 1916, 38081, 38696, 39313, 39928
7529 9 -1
19072, 3041, 759, 2549, 1607, 38144, 38813, 39484, 40153
7545 9 -1
19097, 3091, 1089, 2508, 771, 38194, 38644, 39095, 39545
7561 9 -1
19131, 3222, 2470, 3029, 584, 38262, 39301, 40341, 41380
7577 9 -1
19159, 2921, 1527, 2366, 519, 38317, 39098, 39880, 40661
7593 9 -1
19184, 3194, 693, 2953, 1659, 38368, 38971, 39575, 40178
7609 9 -1
19207, 2119, 1006, 1954, 1235, 38413, 38609, 38807, 39003
7625 9 -1
19233, 1703, 865, 2841, 441, 38466, 39246, 40028, 40808
7641 9 -1
19250, 3194, 230, 2088, 581, 38500, 39228, 39957, 40685
7657 9 -1
19269, 3727, 1215, 3148, 2005, 38537, 39221, 39906, 40590
7673 9 -1
19286, 2600, 850, 2966, 2198, 38572, 39428, 40286, 41142
7689 9 -1
19318, 2234, 1039, 2807, 1612, 38635, 39207, 39781, 40353
7705 9 -1
19359, 1927, 1239, 2443, 747, 38717, 39220, 39725, 40228
7721 9 -1
19377, 2869, 1067, 3289, 387, 38754, 39303, 39854, 40403
7737 9 -1
19408, 3471, 911, 2836, 1933, 38816, 39644, 40473, 41301
7753 9 -1
19419, 3291, 1566, 3088, 1072, 38838, 39186, 39535, 39883
7769 9 -1
19449, 3154, 1869, 1820, 1075, 38898, 39961, 41026, 42089
7785 9 -1
19476, 3374, 923, 2446, 1422, 38952, 39665, 40379, 41092
7801 9 -1
19501, 2795, 1353, 2980, 1313, 39001, 39113, 39226, 39338
7817 9 -1
19517, 2793, 611, 2081, 987, 39034, 39577, 40122, 40665
7833 9 -1
19548, 1974, 944, 3216, 984, 39096, 39736, 40378, 41018
7849 9 -1
19572, 2882, 789, 3207, 1370, 39144, 39596, 40050, 40502
7865 9 -1
19590, 3689, 1248, 2710, 1434, 39180, 39762, 40345, 40927
7881 9 -1
19621, 2505, 832, 2807, 629, 39241, 39493, 39746, 39998
7897 9 -1
19641, 2762, 939, 2990, 1618, 39281, 39734, 40188, 40641
7913 9 -1
19656, 3288, 288, 2593, 510, 39311, 39769, 40228, 40686
7929 9 -1
19687, 3071, 622, 2140, 812, 39374, 39934, 40495, 41055
7945 9 -1
19712, 3425, 1422, 2988, 1148, 39423, 39778, 40134, 40489
7961 9 -1
19734, 2538, 1204, 3233, 1369, 39468, 39897, 40328, 40757
7977 9 -1
19774, 2888, 1897, 2747, 1519, 39547, 39806, 40066, 40325
7993 9 -1
19793, 3255, 960, 3500, 635, 39585, 39869, 40155, 40439
8009 9 -1
19832, 3904, 1129, 1646, 1470, 39664, 40963, 42263, 43562
8025 9 -1
19855, 2873, 2836, 2464, 1323, 39709, 40669, 41631, 42591
8041 9 -1
19882, 2622, 1069, 3208, 1640, 39764, 40342, 40921, 41499
8057 9 -1
19909, 2718, 576, 2639, 188, 39817, 40050, 40284, 40517
8073 9 -1
19937, 2004, 403, 564, 3672, 39874, 42228, 44583, 46937
8089 9 -1
19952, 3529, 351, 2264, 1135, 39903, 40927, 41952, 42976
8105 9 -1
19986, 2003, 405, 2579, 209, 39971, 40356, 40743, 41128
8121 9 -1
20000, 3258, 972, 3002, 1302, 39999, 40291, 40585, 40877
8137 9 -1
20039, 2465, 1468, 2399, 238, 40078, 40725, 41374, 42021
8153 9 -1
20068, 2149, 1715, 2914, 1767, 40135, 40543, 40952, 41360
8169 9 -1
20097, 2778, 1255, 2547, 603, 40194, 40635, 41077, 41518
8185 9 -1
20134, 3110, 930, 3412, 803, 40268, 40482, 40697, 40911
8201 9 -1
20168, 3067, 699, 2927, 293, 40336, 40608, 40882, 41154
8217 9 -1
20183, 3110, 806, 3608, 248, 40365, 40892, 41421, 41948
8233 9 -1
20211, 2424, 808, 2857, 1351, 40421, 40908, 41397, 41884
8249 9 -1
20244, 3177, 961, 3109, 873, 40488, 40565, 40644, 40721
8265 9 -1
20279, 1882, 979, 1990, 1011, 40557, 40626, 40697, 40766
8281 9 -1
20310, 2582, 572, 2530, 1333, 40619, 41025, 41432, 41838
8297 9 -1
20341, 1857, 221, 2468, 1522, 40682, 41637, 42594, 43549
8313 9 -1
20371, 1871, 1779, 3187, 1084, 40742, 41747, 42753, 43758
8329 9 -1
20392, 3654, 696, 2777, 1507, 40784, 41627, 42472, 43315
8345 9 -1
20418, 2493, 221, 2195, 1591, 40835, 41668, 42503, 43336
8361 9 -1
20454, 2844, 1385, 1990, 237, 40907, 41907, 42909, 43909
8377 9 -1
20483, 2858, 696, 2970, 1703, 40966, 41525, 42085, 42644
8393 9 -1
20507, 3527, 1324, 2474, 1075, 41013, 41663, 42315, 42965
8409 9 -1
20527, 2744, 1059, 3040, 1204, 41054, 41274, 41495, 41715
8425 9 -1
20551, 3018, 852, 3381, 1691, 41102, 41702, 42304, 42904
8441 9 -1
20584, 3756, 1225, 9999, 368, 41167, 44716, 48267, 51816
8457 9 -1
20614, 4215, 371, 2171, 1765, 41227, 42945, 44665, 46383
8473 9 -1
20641, 2759, 2004, 2862, 998, 41281, 41835, 42390, 42944
8489 9 -1
20685, 2478, 1937, 2830, 204, 41369, 42411, 43454, 44496
8505 9 -1
20711, 2151, 1120, 3077, 587, 41421, 42150, 42880, 43609
8521 9 -1
20751, 2998, 1320, 2750, 842, 41501, 41863, 42227, 42589
8537 9 -1
20778, 2302, 1130, 2223, 1738, 41556, 41899, 42243, 42586
8553 9 -1
20791, 3100, 1160, 2514, 1204, 41581, 41895, 42211, 42525
8569 9 -1
20828, 2728, 942, 2867, 1807, 41656, 42157, 42660, 43161
8585 9 -1
20853, 2742, 1630, 2613, 1075, 41705, 42046, 42389, 42730
8601 9 -1
20886, 2754, 638, 2518, 646, 41772, 41893, 42016, 42137
8617 9 -1
20912, 2577, 684, 2871, 995, 41823, 42125, 42428, 42730
8633 9 -1
20947, 1945, 1253, 2659, 349, 41894, 42702, 43512, 44320
8649 9 -1
20980, 2573, 1155, 2315, 202, 41960, 42565, 43171, 43776
8665 9 -1
21009, 2480, 1314, 1972, 999, 42017, 42428, 42840, 43251
8681 9 -1
21042, 2920, 1085, 2124, 962, 42084, 42543, 43003, 43462
8697 9 -1
21070, 2478, 1139, 2555, 922, 42139, 42285, 42433, 42579
8713 9 -1
21111, 3087, 1450, 2441, 1085, 42222, 42727, 43233, 43738
8729 9 -1
21128, 2849, 124, 3110, 524, 42256, 42586, 42917, 43247
8745 9 -1
21151, 3389, 1439, 2893, 594, 42301, 42971, 43642, 44312
8761 9 -1
21191, 3395, 1521, 2841, 1728, 42381, 42761, 43142, 43522
8777 9 -1
21212, 3051, 726, 2446, 1797, 42423, 43260, 44099, 44936
8793 9 -1
21238, 2934, 1296, 1867, 978, 42476, 43168, 43861, 44553
8809 9 -1
21269, 2961, 1910, 2632, 188, 42537, 43562, 44588, 45613
8825 9 -1
21295, 2778, 938, 2834, 1825, 42590, 43061, 43533, 44004
8841 9 -1
21329, 3869, 1015, 3296, 596, 42657, 43152, 43649, 44144
8857 9 -1
21364, 2867, 379, 1800, 907, 42728, 43525, 44323, 45120
8873 9 -1
21401, 3433, 1034, 2623, 2456, 42801, 43916, 45033, 46148
8889 9 -1
21437, 2416, 2138, 2519, 964, 42874, 43512, 44151, 44789
8905 9 -1
21463, 3396, 2065, 2914, 1036, 42925, 43680, 44436, 45191
8921 9 -1
21499, 2250, 702, 2979, 1603, 42997, 43811, 44627, 45441
8937 9 -1
21530, 3277, 536, 3183, 464, 43059, 43141, 43225, 43307
8953 9 -1
21567, 2580, 1829, 2380, 1388, 43133, 43453, 43774, 44094
8969 9 -1
21608, 2293, 1134, 3503, 1696, 43215, 44100, 44987, 45872
8985 9 -1
21640, 2211, 986, 2633, 851, 43280, 43558, 43837, 44115
9001 9 -1
21686, 4035, 1355, 2306, 483, 43371, 44671, 45972, 47272
9017 9 -1
21717, 3461, 1080, 2430, 1879, 43434, 44348, 45264, 46178
9033 9 -1
21745, 3761, 670, 3278, 1090, 43489, 43940, 44392, 44843
9049 9 -1
21781, 2607, 757, 2172, 545, 43561, 43884, 44208, 44531
9065 9 -1
21800, 1953, 1491, 2582, 1794, 43599, 44064, 44531, 44996
9081 9 -1
21831, 3014, 1587, 2781, 445, 43661, 44348, 45036, 45723
9097 9 -1
21871, 2957, 137, 3003, 1822, 43741, 44606, 45472, 46337
9113 9 -1
21899, 2889, 1077, 3361, 1017, 43797, 44062, 44329, 44594
9129 9 -1
21927, 2436, 1051, 2886, 714, 43854, 44247, 44641, 45034
9145 9 -1
21968, 2822, 1715, 3284, 851, 43936, 44598, 45262, 45924
9161 9 -1
21992, 2430, 168, 2373, 1974, 43983, 44914, 45846, 46777
9177 9 -1
22016, 2354, 1348, 2452, 913, 44032, 44298, 44565, 44831
9193 9 -1
22034, 2934, 1208, 2577, 1297, 44068, 44290, 44514, 44736
9209 9 -1
22083, 3293, 734, 3222, 698, 44165, 44218, 44272, 44325
9225 9 -1
22118, 3001, 1717, 3093, 907, 44236, 44686, 45138, 45588
9241 9 -1
22161, 2811, 1417, 2852, 1113, 44322, 44494, 44667, 44839
9257 9 -1
22204, 2686, 648, 3250, 1017, 44408, 44874, 45341, 45807
9273 9 -1
22236, 3439, 1000, 3328, 732, 44471, 44660, 44850, 45039
9289 9 -1
22267, 2670, 1130, 2325, 1043, 44534, 44749, 44966, 45181
9305 9 -1
22307, 3276, 565, 3159, 861, 44613, 44819, 45026, 45232
9321 9 -1
22364, 3398, 1358, 2763, 1481, 44727, 45105, 45485, 45863
9337 9 -1
22412, 3217, 897, 3505, 881, 44823, 44974, 45127, 45278
9353 9 -1
22439, 3056, 861, 2808, 1135, 44878, 45138, 45400, 45660
9369 9 -1
22486, 2614, 2546, 2714, 1340, 44972, 45624, 46278, 46930
9385 9 -1
22531, 2016, 136, 2550, 1461, 45062, 45991, 46921, 47850
9401 9 -1
22567, 2611, 1089, 3228, 747, 45134, 45613, 46093, 46572
9417 9 -1
22612, 2867, 1472, 1501, 603, 45223, 46340, 47458, 48575
9433 9 -1
22660, 2878, 1055, 1066, 878, 45319, 46313, 47308, 48302
9449 9 -1
22699, 2585, 1053, 3063, 1257, 45398, 45738, 46080, 46420
9465 9 -1
22743, 3285, 841, 2576, 1084, 45485, 45960, 46437, 46912
9481 9 -1
22803, 3324, 1029, 2842, 1068, 45605, 45865, 46126, 46386
9497 9 -1
22841, 2632, 1274, 2416, 1303, 45682, 45804, 45927, 46049
9513 9 -1
22876, 2241, 1263, 2742, 40, 45752, 46613, 47476, 48337
9529 9 -1
22941, 2912, 982, 3498, 903, 45881, 46213, 46546, 46878
9545 9 -1
22976, 2611, 1084, 3284, 1131, 45952, 46311, 46672, 47031
9561 9 -1
23013, 2174, 939, 2808, 1673, 46026, 46709, 47394, 48077
9577 9 -1
23057, 4047, 1997, 2231, 606, 46113, 47716, 49320, 50923
9593 9 -1
23092, 3967, 1228, 2351, 1563, 46184, 47159, 48135, 49110
9609 9 -1
23169, 3533, 471, 3044, 240, 46338, 46697, 47058, 47417
9625 9 -1
23212, 2228, 262, 2700, 1072, 46424, 47064, 47706, 48346
9641 9 -1
23248, 2963, 360, 2624, 772, 46496, 46871, 47247, 47622
9657 9 -1
23299, 2041, 970, 2025, 1038, 46598, 46639, 46682, 46723
9673 9 -1
23352, 3046, 1596, 2976, 374, 46703, 47348, 47995, 48640
9689 9 -1
23392, 3531, 611, 2886, 567, 46784, 47128, 47473, 47817
9705 9 -1
23454, 2672, 681, 2670, 1010, 46907, 47072, 47238, 47403
9721 9 -1
23512, 2630, 609, 2893, 600, 47024, 47159, 47296, 47431
9737 9 -1
23557, 3329, 228, 2272, 873, 47114, 47964, 48816, 49666
9753 9 -1
23596, 2368, 824, 3070, 346, 47192, 47781, 48372, 48961
9769 9 -1
23638, 2397, 531, 2238, 1055, 47275, 47616, 47958, 48299
9785 9 -1
23714, 2508, 1442, 3294, 1305, 47427, 47888, 48350, 48811
9801 9 -1
23741, 2442, 705, 2866, 65, 47481, 48012, 48545, 49076
9817 9 -1
23809, 2973, 2001, 3069, 1670, 47618, 47831, 48045, 48258
9833 9 -1
23858, 2958, 904, 2290, 1000, 47716, 48097, 48480, 48861
9849 9 -1
23900, 2858, 853, 2500, 818, 47800, 47996, 48193, 48389
9865 9 -1
23958, 2332, 685, 3158, 380, 47916, 48481, 49047, 49612
9881 9 -1
24017, 2855, 496, 2716, 1797, 48033, 48752, 49473, 50192
9897 9 -1
24098, 2591, 1233, 2232, 374, 48196, 48804, 49414, 50022
9913 9 -1
24140, 2294, 712, 2592, 1174, 48280, 48659, 49040, 49419
9929 9 -1
24219, 2426, 1514, 3228, 1152, 48437, 49018, 49601, 50182
9945 9 -1
24291, 3039, 1280, 2611, 1414, 48582, 48862, 49144, 49424
9961 9 -1
24374, 2666, 812, 2264, 1000, 48747, 49041, 49337, 49631
9977 9 -1
24503, 3192, 650, 3422, 862, 49006, 49226, 49448, 49668
9993 9 -1
24647, 3273, 1109, 3263, 933, 49293, 49385, 49479, 49571
