-------------------------------------------------------------------------
TPs satisfied = 287; Total TPs = 625; Percentage Satisfied + 45.9%
-------------------------------------------------------------------------

-------------------------------------------------------------------------

EVs

-------------------------------------------------------------------------
--------------------------------------
EV1
--------------------------------------
Num TPs served = 5
TPs served = 165 3445 3733 4485 6181
Total energy used = 35442
--------------------------------------
Schedule:
0 1848 1250 6250 1250 6250 0 0 35632 35632 0 1848 0
1848 8612 1250 6250 2778 1014 0 1 35632 28868 165 120 6764
8612 18688 2778 1014 1604 9916 1 0 28868 18792 -165 120 10076
18688 26687 1604 9916 1971 2284 0 1 18792 10793 3445 587 7999
26687 27773 1971 2284 2741 1968 1 2 10793 9707 3733 457 1086
27773 28547 2741 1968 3065 1518 2 1 9707 8933 -3445 587 774
28547 29597 3065 1518 3194 597 1 0 8933 7883 -3733 457 1050
29597 30011 3194 597 2828 549 0 1 7883 7469 4485 58 414
30011 30831 2828 549 2292 833 1 0 7469 6649 -4485 58 820
30831 33556 2292 833 2292 833 0 0 6649 6649 0 2725 0
33556 34315 2292 833 2230 1530 0 1 6649 5890 6181 216 759
34315 34749 2230 1530 1980 1714 1 0 5890 5456 -6181 216 434
34749 44734 1980 1714 1980 1714 0 0 5456 5456 0 9985 0
44734 50000 1980 1714 1250 6250 0 0 5456 190 1000000000 0 5266
--------------------------------------
--------------------------------------
EV2
--------------------------------------
Num TPs served = 4
TPs served = 293 325 565 581
Total energy used = 35014
--------------------------------------
Schedule:
0 3412 1250 6250 1250 6250 0 0 35632 35632 0 3412 0
3412 9753 1250 6250 3198 1857 0 1 35632 29291 293 3669 6341
9753 11457 3198 1857 2623 728 1 2 29291 27587 325 3088 1704
11457 11794 2623 728 2764 924 2 3 27587 27250 581 283 337
11794 12502 2764 924 2879 1517 3 2 27250 26542 -581 283 708
12502 12968 2879 1517 3249 1421 2 3 26542 26076 565 5492 466
12968 26102 3249 1421 9999 7805 3 2 26076 12942 -325 2896 13134
26102 26551 9999 7805 9999 8254 2 1 12942 12493 -293 69 449
26551 27112 9999 8254 9999 8815 1 0 12493 11932 -565 5492 561
27112 38686 9999 8815 9999 8815 0 0 11932 11932 0 11574 0
38686 50000 9999 8815 1250 6250 0 0 11932 618 1000000000 0 11314
--------------------------------------
--------------------------------------
EV3
--------------------------------------
Num TPs served = 10
TPs served = 405 469 517 693 4229 4245 4997 5989 6869 7621
Total energy used = 35442
--------------------------------------
Schedule:
0 4530 1250 6250 1250 6250 0 0 35632 35632 0 4530 0
4530 9669 1250 6250 1878 1739 0 1 35632 30493 405 496 5139
9669 9776 1878 1739 1878 1739 1 1 30493 30493 0 107 0
9776 10716 1878 1739 2042 963 1 2 30493 29553 517 885 940
10716 11394 2042 963 2363 606 2 3 29553 28875 469 2581 678
11394 12177 2363 606 3052 700 3 2 28875 28092 -405 201 783
12177 13202 3052 700 3251 1526 2 1 28092 27067 -517 171 1025
13202 13440 3251 1526 3178 1691 1 2 27067 26829 693 179 238
13440 14731 3178 1691 3201 423 2 1 26829 25538 -693 179 1291
14731 21712 3201 423 9999 240 1 0 25538 18557 -469 265 6981
21712 29155 9999 240 3390 1074 0 1 18557 11114 4229 4 7443
29155 29653 3390 1074 3076 890 1 0 11114 10616 -4229 4 498
29653 29862 3076 890 3063 1086 0 1 10616 10407 4245 173 209
29862 31229 3063 1086 2217 565 1 2 10407 9040 4997 298 1367
31229 32035 2217 565 1634 342 2 1 9040 8234 -4245 173 806
32035 32224 1634 342 1727 246 1 0 8234 8045 -4997 112 189
32224 33003 1727 246 1727 246 0 0 8045 8045 0 779 0
33003 33805 1727 246 2282 493 0 1 8045 7243 5989 263 802
33805 34332 2282 493 2382 920 1 0 7243 6716 -5989 263 527
34332 35616 2382 920 2382 920 0 0 6716 6716 0 1284 0
35616 36198 2382 920 2181 1301 0 1 6716 6134 6869 29 582
36198 36257 2181 1301 2213 1328 1 0 6134 6075 -6869 29 59
36257 38247 2213 1328 2213 1328 0 0 6075 6075 0 1990 0
38247 38451 2213 1328 2124 1443 0 1 6075 5871 7621 214 204
38451 38881 2124 1443 1808 1557 1 0 5871 5441 -7621 214 430
38881 44749 1808 1557 1808 1557 0 0 5441 5441 0 5868 0
44749 50000 1808 1557 1250 6250 0 0 5441 190 1000000000 0 5251
--------------------------------------
--------------------------------------
EV4
--------------------------------------
Num TPs served = 8
TPs served = 629 741 789 901 4565 4741 5013 5413
Total energy used = 32644
--------------------------------------
Schedule:
0 6157 1250 6250 1250 6250 0 0 35632 35632 0 6157 0
6157 12961 1250 6250 2483 679 0 1 35632 28828 629 3150 6804
12961 13003 2483 679 2483 679 1 1 28828 28828 0 42 0
13003 13468 2483 679 2916 711 1 2 28828 28363 741 290 465
13468 13582 2916 711 2916 711 2 2 28363 28363 0 114 0
13582 13874 2916 711 2712 799 2 3 28363 28071 789 493 292
13874 14163 2712 799 2441 817 3 2 28071 27782 -741 176 289
14163 14862 2441 817 2388 1463 2 1 27782 27083 -789 493 699
14862 15385 2388 1463 2732 1284 1 2 27083 26560 901 318 523
15385 16920 2732 1284 3576 593 2 1 26560 25025 -901 318 1535
16920 23508 3576 593 9999 758 1 0 25025 18437 -629 198 6588
23508 24054 9999 758 9999 758 0 0 18437 18437 0 546 0
24054 29927 9999 758 4282 602 0 1 18437 12564 4565 1081 5873
29927 30744 4282 602 3546 521 1 2 12564 11747 4741 828 817
30744 31381 3546 521 2964 466 2 3 11747 11110 5013 144 637
31381 32108 2964 466 2981 1176 3 2 11110 10383 -5013 144 727
32108 32841 2981 1176 2470 954 2 1 10383 9650 -4565 331 733
32841 33289 2470 954 2543 1329 1 2 9650 9202 5413 1473 448
33289 33802 2543 1329 2300 1599 2 1 9202 8689 -4741 94 513
33802 38249 2300 1599 1806 5552 1 0 8689 4242 -5413 1473 4447
38249 48746 1806 5552 1806 5552 0 0 4242 4242 0 10497 0
48746 50000 1806 5552 1250 6250 0 0 4242 2988 1000000000 0 1254
--------------------------------------
--------------------------------------
EV5
--------------------------------------
Num TPs served = 11
TPs served = 645 677 933 1013 1221 3013 3189 4021 4421 5045 5317
Total energy used = 35336
--------------------------------------
Schedule:
0 6367 1250 6250 1250 6250 0 0 35632 35632 0 6367 0
6367 12491 1250 6250 2626 1502 0 1 35632 29508 645 804 6124
12491 12893 2626 1502 2300 1578 1 2 29508 29106 677 262 402
12893 13577 2300 1578 2975 1569 2 1 29106 28422 -677 262 684
13577 14905 2975 1569 3254 520 1 0 28422 27094 -645 0 1328
14905 15109 3254 520 3254 520 0 0 27094 27094 0 204 0
15109 15752 3254 520 2813 722 0 1 27094 26451 1013 329 643
15752 16412 2813 722 2303 572 1 0 26451 25791 -1013 329 660
16412 16420 2303 572 2303 572 0 0 25791 25791 0 8 0
16420 16937 2303 572 2714 466 0 1 25791 25274 1221 521 517
16937 17014 2714 466 2665 438 1 2 25274 25197 933 498 77
17014 18135 2665 438 2730 1494 2 1 25197 24076 -1221 367 1121
18135 21831 2730 1494 835 3295 1 0 24076 20380 -933 368 3696
21831 25170 835 3295 1971 1092 0 1 20380 17041 3013 139 3339
25170 25766 1971 1092 2483 1008 1 0 17041 16445 -3013 139 596
25766 26413 2483 1008 2711 589 0 1 16445 15798 3189 61 647
26413 28196 2711 589 3830 1253 1 0 15798 14015 -3189 61 1783
28196 29121 3830 1253 2919 1239 0 1 14015 13090 4021 339 925
29121 29323 2919 1239 2919 1239 1 1 13090 13090 0 202 0
29323 29461 2919 1239 2783 1237 1 2 13090 12952 4421 326 138
29461 30114 2783 1237 2599 768 2 1 12952 12299 -4421 326 653
30114 31522 2599 768 1737 222 1 0 12299 10891 -4021 137 1408
31522 32163 1737 222 2003 597 0 1 10891 10250 5317 606 641
32163 32658 2003 597 1768 857 1 2 10250 9755 5045 0 495
32658 34150 1768 857 2826 1291 2 1 9755 8263 -5317 136 1492
34150 35503 2826 1291 3542 1928 1 0 8263 6910 -5045 0 1353
35503 43386 3542 1928 3542 1928 0 0 6910 6910 0 7883 0
43386 50000 3542 1928 1250 6250 0 0 6910 296 1000000000 0 6614
--------------------------------------
--------------------------------------
EV6
--------------------------------------
Num TPs served = 6
TPs served = 709 725 981 1189 1205 1461
Total energy used = 28290
--------------------------------------
Schedule:
0 6647 1250 6250 1250 6250 0 0 35632 35632 0 6647 0
6647 13164 1250 6250 3211 1694 0 1 35632 29115 709 667 6517
13164 13517 3211 1694 3051 1887 1 2 29115 28762 725 384 353
13517 14697 3051 1887 2860 898 2 1 28762 27582 -725 384 1180
14697 15024 2860 898 2929 640 1 0 27582 27255 -709 143 327
15024 15109 2929 640 2929 640 0 0 27255 27255 0 85 0
15109 15574 2929 640 2948 1086 0 1 27255 26790 981 539 465
15574 16653 2948 1086 3085 144 1 0 26790 25711 -981 539 1079
16653 17175 3085 144 2626 81 0 1 25711 25189 1205 396 522
17175 18617 2626 81 2850 1299 1 0 25189 23747 -1205 396 1442
18617 18832 2850 1299 3062 1296 0 1 23747 23532 1461 4553 215
18832 19234 3062 1296 3125 1635 1 2 23532 23130 1189 146 402
19234 24488 3125 1635 143 3907 2 1 23130 17876 -1189 146 5254
24488 31480 143 3907 1286 9756 1 0 17876 10884 -1461 2141 6992
31480 46458 1286 9756 1286 9756 0 0 10884 10884 0 14978 0
46458 50000 1286 9756 1250 6250 0 0 10884 7342 1000000000 0 3542
--------------------------------------
--------------------------------------
EV7
--------------------------------------
Num TPs served = 15
TPs served = 757 837 1237 1349 1557 2085 2261 2565 2581 3877 4949 5829 6293 6933 6949
Total energy used = 35252
--------------------------------------
Schedule:
0 7102 1250 6250 1250 6250 0 0 35632 35632 0 7102 0
7102 13631 1250 6250 2414 885 0 1 35632 29103 757 380 6529
13631 14393 2414 885 2621 1440 1 0 29103 28341 -757 380 762
14393 14994 2621 1440 2739 957 0 1 28341 27740 837 12 601
14994 16330 2739 957 3868 750 1 0 27740 26404 -837 12 1336
16330 17164 3868 750 4014 62 0 1 26404 25570 1237 492 834
17164 17528 4014 62 4014 62 1 1 25570 25570 0 364 0
17528 17744 4014 62 4019 273 1 2 25570 25354 1349 1281 216
17744 18784 4019 273 3209 503 2 1 25354 24314 -1237 118 1040
18784 19014 3209 503 3200 724 1 2 24314 24084 1557 2 230
19014 19390 3200 724 3028 928 2 1 24084 23708 -1557 2 376
19390 21185 3028 928 1672 489 1 0 23708 21913 -1349 403 1795
21185 21853 1672 489 2170 319 0 1 21913 21245 2085 379 668
21853 22506 2170 319 2156 958 1 2 21245 20592 2261 387 653
22506 23503 2156 958 2865 1246 2 3 20592 19595 2581 174 997
23503 23586 2865 1246 2925 1269 3 2 19595 19512 -2085 351 83
23586 24131 2925 1269 2861 1750 2 1 19512 18967 -2581 54 545
24131 24330 2861 1750 2934 1624 1 0 18967 18768 -2261 7 199
24330 24541 2934 1624 3144 1623 0 1 18768 18557 2565 26 211
24541 26975 3144 1623 872 1461 1 0 18557 16123 -2565 26 2434
26975 28805 872 1461 2692 1471 0 1 16123 14293 3877 78 1830
28805 30890 2692 1471 3648 342 1 0 14293 12208 -3877 78 2085
30890 31619 3648 342 3141 564 0 1 12208 11479 4949 329 729
31619 33538 3141 564 1793 1135 1 2 11479 9560 5829 642 1919
33538 33829 1793 1135 1916 1303 2 1 9560 9269 -4949 83 291
33829 34805 1916 1303 2627 1038 1 2 9269 8293 6293 157 976
34805 35482 2627 1038 3080 1262 2 1 8293 7616 -6293 157 677
35482 35759 3080 1262 3033 1492 1 0 7616 7339 -5829 18 277
35759 36204 3033 1492 3033 1492 0 0 7339 7339 0 445 0
36204 36407 3033 1492 3038 1690 0 1 7339 7136 6949 311 203
36407 36799 3038 1690 2850 1486 1 2 7136 6744 6933 117 392
36799 37237 2850 1486 2515 1589 2 1 6744 6306 -6949 105 438
37237 37896 2515 1589 2056 1789 1 0 6306 5647 -6933 117 659
37896 44733 2056 1789 2056 1789 0 0 5647 5647 0 6837 0
44733 50000 2056 1789 1250 6250 0 0 5647 380 1000000000 0 5267
--------------------------------------
--------------------------------------
EV8
--------------------------------------
Num TPs served = 7
TPs served = 773 869 1125 1605 1701 2021 2149
Total energy used = 35396
--------------------------------------
Schedule:
0 6972 1250 6250 1250 6250 0 0 35632 35632 0 6972 0
6972 13734 1250 6250 2927 1165 0 1 35632 28870 773 441 6762
13734 14617 2927 1165 2287 922 1 0 28870 27987 -773 441 883
14617 15791 2287 922 1740 1549 0 1 27987 26813 869 201 1174
15791 15977 1740 1549 1740 1549 1 1 26813 26813 0 186 0
15977 16461 1740 1549 2113 1438 1 2 26813 26329 1125 401 484
16461 17265 2113 1438 2887 1408 2 1 26329 25525 -1125 401 804
17265 18514 2887 1408 3259 531 1 0 25525 24276 -869 15 1249
18514 19253 3259 531 2729 740 0 1 24276 23537 1605 76 739
19253 19764 2729 740 2533 1055 1 0 23537 23026 -1605 76 511
19764 20493 2533 1055 2533 1055 0 0 23026 23026 0 729 0
20493 21177 2533 1055 2461 443 0 1 23026 22342 2021 658 684
21177 21746 2461 443 2762 711 1 2 22342 21773 1701 4255 569
21746 22429 2762 711 2813 1343 2 3 21773 21090 2149 125 683
22429 22507 2813 1343 2807 1415 3 2 21090 21012 -2021 646 78
22507 24249 2807 1415 4077 1887 2 1 21012 19270 -2149 113 1742
24249 34454 4077 1887 9999 6170 1 0 19270 9065 -1701 4243 10205
34454 41171 9999 6170 9999 6170 0 0 9065 9065 0 6717 0
41171 50000 9999 6170 1250 6250 0 0 9065 236 1000000000 0 8829
--------------------------------------
--------------------------------------
EV9
--------------------------------------
Num TPs served = 10
TPs served = 805 1285 1541 2245 2421 2645 3157 3541 3957 6965
Total energy used = 35626
--------------------------------------
Schedule:
0 7006 1250 6250 1250 6250 0 0 35632 35632 0 7006 0
7006 14730 1250 6250 3502 778 0 1 35632 27908 805 101 7724
14730 16371 3502 778 2219 420 1 0 27908 26267 -805 101 1641
16371 17658 2219 420 2844 1082 0 1 26267 24980 1285 172 1287
17658 18612 2844 1082 1948 1140 1 0 24980 24026 -1285 172 954
18612 19340 1948 1140 2627 1189 0 1 24026 23298 1541 383 728
19340 21343 2627 1189 4377 936 1 0 23298 21295 -1541 383 2003
21343 22365 4377 936 3410 881 0 1 21295 20273 2245 286 1022
22365 23011 3410 881 3276 369 1 2 20273 19627 2421 813 646
23011 23492 3276 369 2836 328 2 1 19627 19146 -2245 286 481
23492 24051 2836 328 3034 689 1 2 19146 18587 2645 53 559
24051 24909 3034 689 2913 1426 2 1 18587 17729 -2645 53 858
24909 25714 2913 1426 2202 1332 1 0 17729 16924 -2421 147 805
25714 25948 2202 1332 2257 1511 0 1 16924 16690 3157 278 234
25948 26062 2257 1511 2257 1511 1 1 16690 16690 0 114 0
26062 26720 2257 1511 2835 1591 1 2 16690 16032 3541 2065 658
26720 27683 2835 1591 3477 1270 2 1 16032 15069 -3157 4 963
27683 28633 3477 1270 2900 1643 1 2 15069 14119 3957 314 950
28633 30276 2900 1643 1636 1264 2 1 14119 12476 -3957 314 1643
30276 32881 1636 1264 212 83 1 0 12476 9871 -3541 35 2605
32881 33942 212 83 212 83 0 0 9871 9871 0 1061 0
33942 36460 212 83 2580 233 0 1 9871 7353 6965 465 2518
36460 37392 2580 233 2384 969 1 0 7353 6421 -6965 465 932
37392 43585 2384 969 2384 969 0 0 6421 6421 0 6193 0
43585 50000 2384 969 1250 6250 0 0 6421 6 1000000000 0 6415
--------------------------------------
--------------------------------------
EV10
--------------------------------------
Num TPs served = 16
TPs served = 821 853 1061 1333 1413 1733 1973 2757 3093 3333 3669 4533 4757 5509 5813 6245
Total energy used = 33866
--------------------------------------
Schedule:
0 7844 1250 6250 1250 6250 0 0 35632 35632 0 7844 0
7844 14206 1250 6250 2551 1189 0 1 35632 29270 821 420 6362
14206 14335 2551 1189 2551 1189 1 1 29270 29270 0 129 0
14335 14496 2551 1189 2644 1121 1 2 29270 29109 853 544 161
14496 15177 2644 1121 2837 633 2 1 29109 28428 -821 291 681
15177 15585 2837 633 2876 264 1 0 28428 28020 -853 544 408
15585 15754 2876 264 2876 264 0 0 28020 28020 0 169 0
15754 16008 2876 264 2840 482 0 1 28020 27766 1061 671 254
16008 17351 2840 482 3557 1108 1 0 27766 26423 -1061 671 1343
17351 17812 3557 1108 3496 708 0 1 26423 25962 1333 580 461
17812 18274 3496 708 3272 946 1 2 25962 25500 1413 163 462
18274 19065 3272 946 2575 1040 2 1 25500 24709 -1413 163 791
19065 19608 2575 1040 2732 1426 1 0 24709 24166 -1333 266 543
19608 20366 2732 1426 3305 1611 0 1 24166 23408 1733 15 758
20366 21189 3305 1611 2652 1781 1 2 23408 22585 1973 705 823
21189 21516 2652 1781 2342 1798 2 1 22585 22258 -1733 15 327
21516 23621 2342 1798 3366 717 1 0 22258 20153 -1973 51 2105
23621 23685 3366 717 3366 717 0 0 20153 20153 0 64 0
23685 24132 3366 717 3724 806 0 1 20153 19706 2757 967 447
24132 24317 3724 806 3724 806 1 1 19706 19706 0 185 0
24317 25253 3724 806 3040 554 1 2 19706 18770 3093 299 936
25253 25853 3040 554 2536 458 2 1 18770 18170 -3093 299 600
25853 26450 2536 458 2080 599 1 2 18170 17573 3333 708 597
26450 26897 2080 599 2261 333 2 1 17573 17126 -2757 138 447
26897 27575 2261 333 2808 464 1 2 17126 16448 3669 407 678
27575 29284 2808 464 3352 1629 2 1 16448 14739 -3333 176 1709
29284 29692 3352 1629 3590 1459 1 0 14739 14331 -3669 67 408
29692 30021 3590 1459 3590 1459 0 0 14331 14331 0 329 0
30021 30457 3590 1459 3301 1312 0 1 14331 13895 4757 557 436
30457 30716 3301 1312 3128 1226 1 2 13895 13636 4533 26 259
30716 31572 3128 1226 2635 863 2 1 13636 12780 -4757 557 856
31572 32548 2635 863 1813 709 1 0 12780 11804 -4533 26 976
32548 33063 1813 709 1886 1151 0 1 11804 11289 5509 61 515
33063 33643 1886 1151 2416 1101 1 2 11289 10709 5813 294 580
33643 34156 2416 1101 2928 1100 2 1 10709 10196 -5509 61 513
34156 34819 2928 1100 2991 500 1 0 10196 9533 -5813 294 663
34819 35434 2991 500 2464 588 0 1 9533 8918 6245 51 615
35434 37375 2464 588 2602 2391 1 0 8918 6977 -6245 51 1941
37375 44789 2602 2391 2602 2391 0 0 6977 6977 0 7414 0
44789 50000 2602 2391 1250 6250 0 0 6977 1766 1000000000 0 5211
--------------------------------------
--------------------------------------
EV11
--------------------------------------
Num TPs served = 15
TPs served = 885 949 965 1381 1589 2037 2293 2773 2789 3509 4389 4821 4869 6309 6805
Total energy used = 35362
--------------------------------------
Schedule:
0 8177 1250 6250 1250 6250 0 0 35632 35632 0 8177 0
8177 14836 1250 6250 2937 1278 0 1 35632 28973 885 269 6659
14836 15376 2937 1278 3466 1267 1 0 28973 28433 -885 269 540
15376 15709 3466 1267 3564 1502 0 1 28433 28100 965 358 333
15709 15972 3564 1502 3341 1462 1 2 28100 27837 949 176 263
15972 16980 3341 1462 2689 1106 2 1 27837 26829 -965 358 1008
16980 17686 2689 1106 2017 1140 1 0 26829 26123 -949 108 706
17686 18337 2017 1140 2569 1041 0 1 26123 25472 1381 89 651
18337 19397 2569 1041 2524 2056 1 0 25472 24412 -1381 89 1060
19397 19672 2524 2056 2672 1929 0 1 24412 24137 1589 167 275
19672 21373 2672 1929 2567 333 1 0 24137 22436 -1589 167 1701
21373 21744 2567 333 2370 159 0 1 22436 22065 2037 131 371
21744 22695 2370 159 2425 1055 1 2 22065 21114 2293 193 951
22695 23057 2425 1055 2759 1027 2 1 21114 20752 -2037 75 362
23057 23948 2759 1027 3345 1332 1 0 20752 19861 -2293 137 891
23948 23999 3345 1332 3345 1332 0 0 19861 19861 0 51 0
23999 24266 3345 1332 3295 1115 0 1 19861 19594 2789 529 267
24266 24807 3295 1115 2872 997 1 2 19594 19053 2773 205 541
24807 25325 2872 997 2778 573 2 1 19053 18535 -2789 529 518
25325 26660 2778 573 3867 327 1 0 18535 17200 -2773 17 1335
26660 27800 3867 327 3783 1383 0 1 17200 16060 3509 13 1140
27800 30230 3783 1383 2425 311 1 0 16060 13630 -3509 13 2430
30230 30731 2425 311 1978 365 0 1 13630 13129 4389 257 501
30731 31255 1978 365 2340 527 1 2 13129 12605 4869 82 524
31255 31348 2340 527 2402 496 2 3 12605 12512 4821 106 93
31348 32498 2402 496 3456 592 3 2 12512 11362 -4869 20 1150
32498 33032 3456 592 3520 1062 2 1 11362 10828 -4821 106 534
33032 34033 3520 1062 3532 2051 1 0 10828 9827 -4389 195 1001
34033 34828 3532 2051 2822 2136 0 1 9827 9032 6309 862 795
34828 34872 2822 2136 2822 2136 1 1 9032 9032 0 44 0
34872 35990 2822 2136 2435 1405 1 2 9032 7914 6805 412 1118
35990 36815 2435 1405 2417 598 2 1 7914 7089 -6805 412 825
36815 37424 2417 598 2063 853 1 0 7089 6480 -6309 308 609
37424 43790 2063 853 2063 853 0 0 6480 6480 0 6366 0
43790 50000 2063 853 1250 6250 0 0 6480 270 1000000000 0 6210
--------------------------------------
--------------------------------------
EV12
--------------------------------------
Num TPs served = 17
TPs served = 917 1045 1253 1397 1525 1893 3029 3317 4277 4677 5221 5941 6085 6165 6853 7077 8293
Total energy used = 35494
--------------------------------------
Schedule:
0 9127 1250 6250 1250 6250 0 0 35632 35632 0 9127 0
9127 15012 1250 6250 2052 1167 0 1 35632 29747 917 232 5885
15012 15478 2052 1167 2288 937 1 0 29747 29281 -917 232 466
15478 15685 2288 937 2288 937 0 0 29281 29281 0 207 0
15685 15925 2288 937 2417 826 0 1 29281 29041 1045 364 240
15925 16655 2417 826 2967 1006 1 0 29041 28311 -1045 364 730
16655 16710 2967 1006 2967 1006 0 0 28311 28311 0 55 0
16710 17104 2967 1006 2901 1334 0 1 28311 27917 1253 384 394
17104 17873 2901 1334 2797 1999 1 0 27917 27148 -1253 384 769
17873 18423 2797 1999 3144 2202 0 1 27148 26598 1397 330 550
18423 19323 3144 2202 2470 1976 1 2 26598 25698 1525 130 900
19323 19996 2470 1976 2441 1332 2 1 25698 25025 -1397 330 673
19996 21024 2441 1332 3278 1141 1 0 25025 23997 -1525 72 1028
21024 21625 3278 1141 2778 1040 0 1 23997 23396 1893 137 601
21625 23904 2778 1040 1400 139 1 0 23396 21117 -1893 137 2279
23904 25263 1400 139 2210 688 0 1 21117 19758 3029 752 1359
25263 26738 2210 688 3499 502 1 2 19758 18283 3317 212 1475
26738 27553 3499 502 3539 1277 2 1 18283 17468 -3029 380 815
27553 28837 3539 1277 2363 1385 1 0 17468 16184 -3317 132 1284
28837 29544 2363 1385 2933 1522 0 1 16184 15477 4277 21 707
29544 30588 2933 1522 2514 2147 1 0 15477 14433 -4277 21 1044
30588 31158 2514 2147 2966 2265 0 1 14433 13863 4677 159 570
31158 31793 2966 2265 3040 1704 1 2 13863 13228 5221 526 635
31793 32955 3040 1704 2795 787 2 1 13228 12066 -5221 526 1162
32955 33468 2795 787 2780 289 1 0 12066 11553 -4677 11 513
33468 33862 2780 289 3081 196 0 1 11553 11159 5941 499 394
33862 34092 3081 196 3081 196 1 1 11159 11159 0 230 0
34092 34274 3081 196 3084 375 1 2 11159 10977 6165 49 182
34274 34374 3084 375 3150 409 2 1 10977 10877 -6165 49 100
34374 34578 3150 409 3075 538 1 2 10877 10673 6085 17 204
34578 35665 3075 538 2355 905 2 1 10673 9586 -6085 17 1087
35665 35740 2355 905 2340 845 1 0 9586 9511 -5941 11 75
35740 36104 2340 845 2340 845 0 0 9511 9511 0 364 0
36104 36156 2340 845 2332 889 0 1 9511 9459 6853 650 52
36156 36450 2332 889 2332 889 1 1 9459 9459 0 294 0
36450 36789 2332 889 2424 1136 1 2 9459 9120 7077 701 339
36789 37751 2424 1136 3181 1341 2 1 9120 8158 -6853 356 962
37751 38341 3181 1341 3697 1267 1 0 8158 7568 -7077 553 590
38341 39929 3697 1267 3697 1267 0 0 7568 7568 0 1588 0
39929 40650 3697 1267 3157 1448 0 1 7568 6847 8293 212 721
40650 41075 3157 1448 2759 1475 1 0 6847 6422 -8293 212 425
41075 43716 2759 1475 2759 1475 0 0 6422 6422 0 2641 0
43716 50000 2759 1475 1250 6250 0 0 6422 138 1000000000 0 6284
--------------------------------------
--------------------------------------
EV13
--------------------------------------
Num TPs served = 8
TPs served = 997 1109 1445 1621 1877 1941 2213 2885
Total energy used = 35580
--------------------------------------
Schedule:
0 9725 1250 6250 1250 6250 0 0 35632 35632 0 9725 0
9725 15684 1250 6250 2435 1476 0 1 35632 29673 997 373 5959
15684 15711 2435 1476 2435 1476 1 1 29673 29673 0 27 0
15711 16343 2435 1476 2414 865 1 2 29673 29041 1109 643 632
16343 16543 2414 865 2593 886 2 1 29041 28841 -997 262 200
16543 17631 2593 886 2847 1720 1 0 28841 27753 -1109 643 1088
17631 18239 2847 1720 3015 1280 0 1 27753 27145 1445 317 608
18239 18936 3015 1280 2667 931 1 0 27145 26448 -1445 317 697
18936 19387 2667 931 2913 726 0 1 26448 25997 1621 266 451
19387 20362 2913 726 2756 1544 1 0 25997 25022 -1621 266 975
20362 20444 2756 1544 2756 1544 0 0 25022 25022 0 82 0
20444 20545 2756 1544 2712 1487 0 1 25022 24921 1877 383 101
20545 21312 2712 1487 3368 1376 1 0 24921 24154 -1877 383 767
21312 22009 3368 1376 3296 751 0 1 24154 23457 2213 149 697
22009 22417 3296 751 2917 780 1 0 23457 23049 -2213 149 408
22417 23961 2917 780 2917 780 0 0 23049 23049 0 1544 0
23961 24580 2917 780 2459 941 0 1 23049 22430 2885 252 619
24580 25085 2459 941 2069 1056 1 0 22430 21925 -2885 252 505
25085 25167 2069 1056 2086 1121 0 1 21925 21843 1941 1990 82
25167 37746 2086 1121 9999 5787 1 0 21843 9264 -1941 1990 12579
37746 40788 9999 5787 9999 5787 0 0 9264 9264 0 3042 0
40788 50000 9999 5787 1250 6250 0 0 9264 52 1000000000 0 9212
--------------------------------------
--------------------------------------
EV14
--------------------------------------
Num TPs served = 17
TPs served = 1029 1157 1653 1781 1925 2309 2597 2853 3749 4309 4549 5061 5397 6149 6325 7301 7589
Total energy used = 34950
--------------------------------------
Schedule:
0 9292 1250 6250 1250 6250 0 0 35632 35632 0 9292 0
9292 15848 1250 6250 2968 1412 0 1 35632 29076 1029 308 6556
15848 16466 2968 1412 2738 1024 1 0 29076 28458 -1029 308 618
16466 17452 2738 1024 2636 1908 0 1 28458 27472 1157 64 986
17452 19218 2636 1908 2590 188 1 0 27472 25706 -1157 64 1766
19218 19746 2590 188 2373 499 0 1 25706 25178 1653 478 528
19746 20272 2373 499 2768 630 1 2 25178 24652 1781 139 526
20272 20818 2768 630 2745 1153 2 3 24652 24106 1925 439 546
20818 20974 2745 1153 2760 1294 3 2 24106 23950 -1781 109 156
20974 21565 2760 1294 2723 1848 2 1 23950 23359 -1653 358 591
21565 21988 2723 1848 3068 1770 1 0 23359 22936 -1925 209 423
21988 22710 3068 1770 3078 1058 0 1 22936 22214 2309 152 722
22710 22846 3078 1058 3078 1058 1 1 22214 22214 0 136 0
22846 23498 3078 1058 2692 1324 1 2 22214 21562 2597 1070 652
23498 23882 2692 1324 2397 1413 2 1 21562 21178 -2309 16 384
23882 24554 2397 1413 2884 1228 1 2 21178 20506 2853 269 672
24554 25255 2884 1228 2902 545 2 1 20506 19805 -2853 269 701
25255 26408 2902 545 3938 428 1 0 19805 18652 -2597 302 1153
26408 27760 3938 428 2653 361 0 1 18652 17300 3749 94 1352
27760 28732 2653 361 2684 1302 1 0 17300 16328 -3749 94 972
28732 29838 2684 1302 2106 1830 0 1 16328 15222 4309 305 1106
29838 30365 2106 1830 2357 1554 1 2 15222 14695 4549 77 527
30365 31486 2357 1554 2939 1015 2 1 14695 13574 -4549 77 1121
31486 31666 2939 1015 3020 1114 1 2 13574 13394 5061 307 180
31666 32029 3020 1114 3139 870 2 1 13394 13031 -4309 107 363
32029 32789 3139 870 2799 450 1 2 13031 12271 5397 689 760
32789 33249 2799 450 2554 235 2 1 12271 11811 -5061 69 460
33249 33287 2554 235 2554 235 1 1 11811 11811 0 38 0
33287 34234 2554 235 1984 612 1 2 11811 10864 6149 1134 947
34234 34737 1984 612 1987 1112 2 3 10864 10361 6325 845 503
34737 35751 1987 1112 1992 2121 3 2 10361 9347 -5397 205 1014
35751 36614 1992 2121 2772 2038 2 1 9347 8484 -6325 679 863
36614 37243 2772 2038 3114 1751 1 0 8484 7855 -6149 394 629
37243 37470 3114 1751 3182 1910 0 1 7855 7628 7301 83 227
37470 37643 3182 1910 3270 1825 1 0 7628 7455 -7301 83 173
37643 38026 3270 1825 3270 1825 0 0 7455 7455 0 383 0
38026 38363 3270 1825 3097 1661 0 1 7455 7118 7589 375 337
38363 39115 3097 1661 2712 2028 1 0 7118 6366 -7589 375 752
39115 44316 2712 2028 2712 2028 0 0 6366 6366 0 5201 0
44316 50000 2712 2028 1250 6250 0 0 6366 682 1000000000 0 5684
--------------------------------------
--------------------------------------
EV15
--------------------------------------
Num TPs served = 15
TPs served = 1077 1365 1845 2229 2453 2965 3077 3477 4789 4917 5605 5861 6677 6773 6821
Total energy used = 35024
--------------------------------------
Schedule:
0 9037 1250 6250 1250 6250 0 0 35632 35632 0 9037 0
9037 16123 1250 6250 3155 1069 0 1 35632 28546 1077 671 7086
16123 17467 3155 1069 2285 595 1 0 28546 27202 -1077 671 1344
17467 18527 2285 595 3060 310 0 1 27202 26142 1365 164 1060
18527 20261 3060 310 2326 1310 1 0 26142 24408 -1365 164 1734
20261 20534 2326 1310 2534 1245 0 1 24408 24135 1845 343 273
20534 21482 2534 1245 2716 2011 1 0 24135 23187 -1845 343 948
21482 22371 2716 2011 3550 1956 0 1 23187 22298 2229 266 889
22371 23352 3550 1956 3074 1451 1 2 22298 21317 2453 176 981
23352 23591 3074 1451 3051 1235 2 1 21317 21078 -2229 266 239
23591 24600 3051 1235 3242 417 1 0 21078 20069 -2453 130 1009
24600 24899 3242 417 2964 396 0 1 20069 19770 2965 573 299
24899 25203 2964 396 2817 239 1 2 19770 19466 3077 509 304
25203 26236 2817 239 2516 971 2 1 19466 18433 -3077 509 1033
26236 26482 2516 971 2324 1025 1 0 18433 18187 -2965 259 246
26482 27382 2324 1025 2457 1792 0 1 18187 17287 3477 225 900
27382 29722 2457 1792 3998 993 1 0 17287 14947 -3477 225 2340
29722 30865 3998 993 3074 1212 0 1 14947 13804 4917 606 1143
30865 31064 3074 1212 3229 1256 1 2 13804 13605 4789 267 199
31064 32408 3229 1256 2455 1826 2 1 13605 12261 -4917 296 1344
32408 32646 2455 1826 2339 1948 1 0 12261 12023 -4789 267 238
32646 33319 2339 1948 2190 1424 0 1 12023 11350 5605 383 673
33319 34096 2190 1424 2827 1564 1 2 11350 10573 5861 114 777
34096 35392 2827 1564 3520 961 2 1 10573 9277 -5605 103 1296
35392 35564 3520 961 3632 901 1 0 9277 9105 -5861 114 172
35564 35675 3632 901 3631 1011 0 1 9105 8994 6677 648 111
35675 36228 3631 1011 3360 729 1 2 8994 8441 6773 506 553
36228 36419 3360 729 3216 776 2 3 8441 8250 6821 236 191
36419 37621 3216 776 2678 1440 3 2 8250 7048 -6677 84 1202
37621 37817 2678 1440 2779 1535 2 1 7048 6852 -6821 34 196
37817 38108 2779 1535 2687 1734 1 0 6852 6561 -6773 304 291
38108 44047 2687 1734 2687 1734 0 0 6561 6561 0 5939 0
44047 50000 2687 1734 1250 6250 0 0 6561 608 1000000000 0 5953
--------------------------------------
--------------------------------------
EV16
--------------------------------------
Num TPs served = 13
TPs served = 1093 1269 1429 2069 3125 3429 3861 3909 4661 4805 6533 7829 8005
Total energy used = 35514
--------------------------------------
Schedule:
0 10150 1250 6250 1250 6250 0 0 35632 35632 0 10150 0
10150 16236 1250 6250 2421 1335 0 1 35632 29546 1093 347 6086
16236 16456 2421 1335 2421 1335 1 1 29546 29546 0 220 0
16456 17197 2421 1335 3003 1494 1 2 29546 28805 1269 757 741
17197 17243 3003 1494 2974 1477 2 1 28805 28759 -1093 35 46
17243 18713 2974 1477 2720 261 1 0 28759 27289 -1269 757 1470
18713 19358 2720 261 2321 507 0 1 27289 26644 1429 3 645
19358 21789 2321 507 3537 1722 1 0 26644 24213 -1429 3 2431
21789 22446 3537 1722 3377 1225 0 1 24213 23556 2069 61 657
22446 24771 3377 1225 2252 25 1 0 23556 21231 -2069 61 2325
24771 25458 2252 25 2258 706 0 1 21231 20544 3125 116 687
25458 25853 2258 706 1956 613 1 0 20544 20149 -3125 116 395
25853 26661 1956 613 2635 742 0 1 20149 19341 3429 233 808
26661 26700 2635 742 2635 742 1 1 19341 19341 0 39 0
26700 27769 2635 742 2566 1742 1 2 19341 18272 3861 710 1069
27769 28024 2566 1742 2721 1842 2 1 18272 18017 -3429 56 255
28024 28420 2721 1842 3112 1847 1 2 18017 17621 3909 485 396
28420 29798 3112 1847 2913 668 2 1 17621 16243 -3861 102 1378
29798 30346 2913 668 3080 287 1 2 16243 15695 4661 258 548
30346 30730 3080 287 2747 236 2 1 15695 15311 -3909 151 384
30730 31283 2747 236 2714 756 1 0 15311 14758 -4661 156 553
31283 31655 2714 756 2590 1004 0 1 14758 14386 4805 405 372
31655 34635 2590 1004 468 146 1 0 14386 11406 -4805 405 2980
34635 36334 468 146 2021 0 0 1 11406 9707 6533 88 1699
36334 38643 2021 0 3305 1025 1 0 9707 7398 -6533 88 2309
38643 38681 3305 1025 3305 1025 0 0 7398 7398 0 38 0
38681 39083 3305 1025 2977 1099 0 1 7398 6996 7829 883 402
39083 39149 2977 1099 2977 1099 1 1 6996 6996 0 66 0
39149 39639 2977 1099 2570 1182 1 2 6996 6506 8005 224 490
39639 40089 2570 1182 2407 1469 2 1 6506 6056 -8005 224 450
40089 40917 2407 1469 2105 1995 1 0 6056 5228 -7829 817 828
40917 44890 2105 1995 2105 1995 0 0 5228 5228 0 3973 0
44890 50000 2105 1995 1250 6250 0 0 5228 118 1000000000 0 5110
--------------------------------------
--------------------------------------
EV17
--------------------------------------
Num TPs served = 18
TPs served = 1141 1509 1797 2053 2501 3045 3573 3925 4325 4709 4837 5093 5653 5685 5845 6517 6597 8277
Total energy used = 35340
--------------------------------------
Schedule:
0 8648 1250 6250 1250 6250 0 0 35632 35632 0 8648 0
8648 16568 1250 6250 4697 1777 0 1 35632 27712 1141 1247 7920
16568 18751 4697 1777 2947 1344 1 2 27712 25529 1509 72 2183
18751 19317 2947 1344 3158 989 2 1 25529 24963 -1509 72 566
19317 19571 3158 989 2947 1032 1 0 24963 24709 -1141 739 254
19571 20531 2947 1032 1998 1043 0 1 24709 23749 1797 226 960
20531 21699 1998 1043 2619 496 1 0 23749 22581 -1797 226 1168
21699 21922 2619 496 2769 569 0 1 22581 22358 2053 188 223
21922 23565 2769 569 2229 1672 1 0 22358 20715 -2053 188 1643
23565 23977 2229 1672 2136 1991 0 1 20715 20303 2501 39 412
23977 25441 2136 1991 2899 1290 1 2 20303 18839 3045 230 1464
25441 25783 2899 1290 2893 954 2 1 18839 18497 -2501 27 342
25783 26572 2893 954 2789 269 1 0 18497 17708 -3045 230 789
26572 27096 2789 269 3274 308 0 1 17708 17184 3573 79 524
27096 27834 3274 308 3126 898 1 0 17184 16446 -3573 79 738
27834 28021 3126 898 3174 1037 0 1 16446 16259 3925 598 187
28021 28457 3174 1037 3174 1037 1 1 16259 16259 0 436 0
28457 29197 3174 1037 2688 1291 1 2 16259 15519 4325 363 740
29197 29713 2688 1291 2453 1572 2 1 15519 15003 -3925 162 516
29713 29925 2453 1572 2250 1581 1 0 15003 14791 -4325 363 212
29925 30052 2250 1581 2250 1581 0 0 14791 14791 0 127 0
30052 30324 2250 1581 2266 1837 0 1 14791 14519 4709 322 272
30324 31029 2266 1837 2157 1241 1 2 14519 13814 4837 326 705
31029 31134 2157 1241 2239 1218 2 1 13814 13709 -4709 158 105
31134 31512 2239 1218 2604 1205 1 2 13709 13331 5093 56 378
31512 31872 2604 1205 2898 1271 2 1 13331 12971 -5093 56 360
31872 32558 2898 1271 3106 793 1 0 12971 12285 -4837 194 686
32558 32566 3106 793 3106 793 0 0 12285 12285 0 8 0
32566 32937 3106 793 3305 965 0 1 12285 11914 5653 453 371
32937 33485 3305 965 2874 1082 1 2 11914 11366 5845 684 548
33485 33573 2874 1082 2956 1076 2 3 11366 11278 5685 208 88
33573 34020 2956 1076 2579 1146 3 2 11278 10831 -5653 277 447
34020 35142 2579 1146 2573 2262 2 1 10831 9709 -5845 508 1122
35142 35242 2573 2262 2650 2239 1 2 9709 9609 6517 982 100
35242 35256 2650 2239 2643 2246 2 1 9609 9595 -5685 8 14
35256 35523 2643 2246 2389 2259 1 2 9595 9328 6597 843 267
35523 37349 2389 2259 2501 545 2 1 9328 7502 -6597 843 1826
37349 37507 2501 545 2457 431 1 0 7502 7344 -6517 718 158
37507 40341 2457 431 2457 431 0 0 7344 7344 0 2834 0
40341 40606 2457 431 2470 683 0 1 7344 7079 8277 844 265
40606 42295 2470 683 2110 2012 1 0 7079 5390 -8277 844 1689
42295 44902 2110 2012 2110 2012 0 0 5390 5390 0 2607 0
44902 50000 2110 2012 1250 6250 0 0 5390 292 1000000000 0 5098
--------------------------------------
--------------------------------------
EV18
--------------------------------------
Num TPs served = 18
TPs served = 1173 1717 2005 2133 2405 2661 3285 3493 3973 4165 4613 5157 5237 6885 7253 7685 7861 8085
Total energy used = 35358
--------------------------------------
Schedule:
0 11066 1250 6250 1250 6250 0 0 35632 35632 0 11066 0
11066 16707 1250 6250 1909 1268 0 1 35632 29991 1173 704 5641
16707 18117 1909 1268 1337 430 1 0 29991 28581 -1173 704 1410
18117 18540 1337 430 1337 430 0 0 28581 28581 0 423 0
18540 19733 1337 430 2143 817 0 1 28581 27388 1717 331 1193
19733 20397 2143 817 2289 1335 1 0 27388 26724 -1717 331 664
20397 20548 2289 1335 2289 1335 0 0 26724 26724 0 151 0
20548 21135 2289 1335 2037 1000 0 1 26724 26137 2005 491 587
21135 21734 2037 1000 2408 772 1 2 26137 25538 2133 420 599
21734 22311 2408 772 2889 868 2 1 25538 24961 -2005 299 577
22311 22568 2889 868 2889 868 1 1 24961 24961 0 257 0
22568 22739 2889 868 2967 961 1 2 24961 24790 2405 60 171
22739 22861 2967 961 2988 1062 2 1 24790 24668 -2405 60 122
22861 23222 2988 1062 3310 1023 1 0 24668 24307 -2133 85 361
23222 24143 3310 1023 2477 935 0 1 24307 23386 2661 138 921
24143 25194 2477 935 2645 52 1 0 23386 22335 -2661 138 1051
25194 25338 2645 52 2645 52 0 0 22335 22335 0 144 0
25338 25843 2645 52 3118 20 0 1 22335 21830 3285 781 505
25843 26642 3118 20 3160 777 1 2 21830 21031 3493 575 799
26642 27491 3160 777 2950 1416 2 1 21031 20182 -3285 697 849
27491 27620 2950 1416 2950 1416 1 1 20182 20182 0 129 0
27620 28187 2950 1416 3028 1905 1 2 20182 19615 3973 883 567
28187 28582 3028 1905 2772 1766 2 1 19615 19220 -3493 12 395
28582 29018 2772 1766 2983 1541 1 2 19220 18784 4165 24 436
29018 29628 2983 1541 2789 1125 2 1 18784 18174 -4165 24 610
29628 29857 2789 1125 2789 1125 1 1 18174 18174 0 229 0
29857 30065 2789 1125 2796 924 1 2 18174 17966 4613 132 208
30065 30330 2796 924 2547 940 2 1 17966 17701 -4613 132 265
30330 30799 2547 940 2152 1014 1 0 17701 17232 -3973 38 469
30799 30937 2152 1014 2152 1014 0 0 17232 17232 0 138 0
30937 31793 2152 1014 2855 861 0 1 17232 16376 5237 363 856
31793 32070 2855 861 2843 596 1 2 16376 16099 5157 614 277
32070 32814 2843 596 2246 743 2 1 16099 15355 -5237 69 744
32814 34323 2246 743 817 823 1 0 15355 13846 -5157 614 1509
34323 36429 817 823 2451 1295 0 1 13846 11740 6885 414 2106
36429 36567 2451 1295 2451 1295 1 1 11740 11740 0 138 0
36567 37339 2451 1295 2350 624 1 2 11740 10968 7253 589 772
37339 37985 2350 624 2667 295 2 1 10968 10322 -6885 74 646
37985 38289 2667 295 2667 295 1 1 10322 10322 0 304 0
38289 38614 2667 295 2929 232 1 2 10322 9997 7685 436 325
38614 38823 2929 232 3067 161 2 1 9997 9788 -7253 285 209
38823 38824 3067 161 3067 161 1 1 9788 9788 0 1 0
38824 39174 3067 161 2969 413 1 2 9788 9438 7861 367 350
39174 39826 2969 413 3048 986 2 1 9438 8786 -7685 97 652
39826 40067 3048 986 2824 1003 1 0 8786 8545 -7861 209 241
40067 40792 2824 1003 3010 464 0 1 8545 7820 8085 243 725
40792 43079 3010 464 2382 2123 1 0 7820 5533 -8085 243 2287
43079 44741 2382 2123 2382 2123 0 0 5533 5533 0 1662 0
44741 50000 2382 2123 1250 6250 0 0 5533 274 1000000000 0 5259
--------------------------------------
--------------------------------------
EV19
--------------------------------------
Num TPs served = 9
TPs served = 1301 1493 1669 1829 1861 2389 2821 7989 8245
Total energy used = 35600
--------------------------------------
Schedule:
0 11986 1250 6250 1250 6250 0 0 35632 35632 0 11986 0
11986 17446 1250 6250 2535 2075 0 1 35632 30172 1301 596 5460
17446 17470 2535 2075 2535 2075 1 1 30172 30172 0 24 0
17470 18437 2535 2075 2439 1204 1 2 30172 29205 1493 78 967
18437 18594 2439 1204 2540 1148 2 1 29205 29048 -1493 78 157
18594 18855 2540 1148 2587 934 1 0 29048 28787 -1301 380 261
18855 19061 2587 934 2587 934 0 0 28787 28787 0 206 0
19061 19508 2587 934 2810 1158 0 1 28787 28340 1669 255 447
19508 20020 2810 1158 2504 952 1 0 28340 27828 -1669 255 512
20020 20365 2504 952 2391 720 0 1 27828 27483 1829 280 345
20365 20921 2391 720 1920 635 1 2 27483 26927 1861 318 556
20921 21209 1920 635 1885 888 2 1 26927 26639 -1829 110 288
21209 22548 1885 888 2925 1187 1 0 26639 25300 -1861 248 1339
22548 23677 2925 1187 3014 2227 0 1 25300 24171 2389 3536 1129
23677 24704 3014 2227 3553 1739 1 2 24171 23144 2821 214 1027
24704 25812 3553 1739 3433 751 2 1 23144 22036 -2821 214 1108
25812 32973 3433 751 9999 156 1 0 22036 14875 -2389 3296 7161
32973 39845 9999 156 3531 560 0 1 14875 8003 7989 235 6872
39845 40047 3531 560 3531 560 1 1 8003 8003 0 202 0
40047 40470 3531 560 3141 593 1 2 8003 7580 8245 678 423
40470 41051 3141 593 2575 608 2 1 7580 6999 -7989 33 581
41051 41827 2575 608 2202 1011 1 0 6999 6223 -8245 678 776
41827 43809 2202 1011 2202 1011 0 0 6223 6223 0 1982 0
43809 50000 2202 1011 1250 6250 0 0 6223 32 1000000000 0 6191
--------------------------------------
--------------------------------------
EV20
--------------------------------------
Num TPs served = 14
TPs served = 1317 1573 1957 2277 2437 2949 3253 3717 3829 4853 5365 5781 6469 6981
Total energy used = 33816
--------------------------------------
Schedule:
0 10401 1250 6250 1250 6250 0 0 35632 35632 0 10401 0
10401 17535 1250 6250 3320 1186 0 1 35632 28498 1317 97 7134
17535 17730 3320 1186 3155 1156 1 0 28498 28303 -1317 97 195
17730 18044 3155 1156 3155 1156 0 0 28303 28303 0 314 0
18044 18886 3155 1156 3742 1411 0 1 28303 27461 1573 658 842
18886 20203 3742 1411 2529 1307 1 0 27461 26144 -1573 658 1317
20203 20357 2529 1307 2529 1307 0 0 26144 26144 0 154 0
20357 20935 2529 1307 2652 1762 0 1 26144 25566 1957 204 578
20935 21345 2652 1762 2876 1948 1 0 25566 25156 -1957 204 410
21345 22464 2876 1948 3190 1143 0 1 25156 24037 2277 151 1119
22464 23191 3190 1143 2781 825 1 2 24037 23310 2437 145 727
23191 23288 2781 825 2808 755 2 1 23310 23213 -2277 97 97
23288 24170 2808 755 2546 135 1 0 23213 22331 -2437 91 882
24170 24806 2546 135 2591 726 0 1 22331 21695 2949 415 636
24806 25667 2591 726 2704 1474 1 0 21695 20834 -2949 415 861
25667 26210 2704 1474 2544 1091 0 1 20834 20291 3253 28 543
26210 27169 2544 1091 2156 1662 1 0 20291 19332 -3253 28 959
27169 27334 2156 1662 2156 1662 0 0 19332 19332 0 165 0
27334 27668 2156 1662 2275 1447 0 1 19332 18998 3829 664 334
27668 28067 2275 1447 2339 1112 1 2 18998 18599 3717 309 399
28067 28997 2339 1112 2762 605 2 1 18599 17669 -3829 664 930
28997 30300 2762 605 4045 585 1 0 17669 16366 -3717 309 1303
30300 31397 4045 585 4021 1658 0 1 16366 15269 4853 202 1097
31397 32360 4021 1658 3330 1386 1 2 15269 14306 5365 173 963
32360 33122 3330 1386 2772 1182 2 1 14306 13544 -5365 173 762
33122 33365 2772 1182 2860 1027 1 0 13544 13301 -4853 26 243
33365 33904 2860 1027 2612 736 0 1 13301 12762 5781 8 539
33904 35181 2612 736 3658 967 1 0 12762 11485 -5781 8 1277
35181 36170 3658 967 3963 283 0 1 11485 10496 6469 97 989
36170 37284 3963 283 3644 1078 1 2 10496 9382 6981 692 1114
37284 38495 3644 1078 2723 1368 2 1 9382 8171 -6469 97 1211
38495 40224 2723 1368 1325 1699 1 0 8171 6442 -6981 692 1729
40224 45374 1325 1699 1325 1699 0 0 6442 6442 0 5150 0
45374 50000 1325 1699 1250 6250 0 0 6442 1816 1000000000 0 4626
--------------------------------------
--------------------------------------
EV21
--------------------------------------
Num TPs served = 3
TPs served = 1477 1813 1909
Total energy used = 35386
--------------------------------------
Schedule:
0 13288 1250 6250 1250 6250 0 0 35632 35632 0 13288 0
13288 18365 1250 6250 1737 1660 0 1 35632 30555 1477 678 5077
18365 19722 1737 1660 2662 1228 1 0 30555 29198 -1477 678 1357
19722 20437 2662 1228 3255 1350 0 1 29198 28483 1813 325 715
20437 21277 3255 1350 3147 618 1 2 28483 27643 1909 7096 840
21277 21569 3147 618 3204 383 2 1 27643 27351 -1813 211 292
21569 37078 3204 383 9999 9097 1 0 27351 11842 -1909 6626 15509
37078 38404 9999 9097 9999 9097 0 0 11842 11842 0 1326 0
38404 50000 9999 9097 1250 6250 0 0 11842 246 1000000000 0 11596
--------------------------------------
--------------------------------------
EV22
--------------------------------------
Num TPs served = 16
TPs served = 1637 2101 2485 2517 3221 3413 4085 4725 5029 5429 5765 6405 6917 7957 8693 8933
Total energy used = 35628
--------------------------------------
Schedule:
0 14026 1250 6250 1250 6250 0 0 35632 35632 0 14026 0
14026 19274 1250 6250 2197 1949 0 1 35632 30384 1637 536 5248
19274 20347 2197 1949 2280 959 1 0 30384 29311 -1637 536 1073
20347 20668 2280 959 2280 959 0 0 29311 29311 0 321 0
20668 21458 2280 959 2832 721 0 1 29311 28521 2101 617 790
21458 22693 2832 721 2264 54 1 0 28521 27286 -2101 617 1235
22693 23482 2264 54 2620 487 0 1 27286 26497 2517 284 789
23482 23808 2620 487 2727 706 1 2 26497 26171 2485 106 326
23808 24619 2727 706 3237 1007 2 1 26171 25360 -2517 284 811
24619 25497 3237 1007 3904 1218 1 0 25360 24482 -2485 106 878
25497 25728 3904 1218 3695 1196 0 1 24482 24251 3221 880 231
25728 26450 3695 1196 3049 1272 1 2 24251 23529 3413 415 722
26450 27684 3049 1272 2194 893 2 1 23529 22295 -3413 415 1234
27684 28435 2194 893 2224 1614 1 0 22295 21544 -3221 62 751
28435 28940 2224 1614 2158 1175 0 1 21544 21039 4085 126 505
28940 29966 2158 1175 1837 1880 1 0 21039 20013 -4085 126 1026
29966 30626 1837 1880 2062 1445 0 1 20013 19353 4725 148 660
30626 31429 2062 1445 2810 1390 1 0 19353 18550 -4725 148 803
31429 31607 2810 1390 2986 1388 0 1 18550 18372 5029 110 178
31607 32651 2986 1388 2488 842 1 0 18372 17328 -5029 110 1044
32651 33013 2488 842 2362 1078 0 1 17328 16966 5429 86 362
33013 33457 2362 1078 2471 743 1 2 16966 16522 5765 146 444
33457 34186 2471 743 3137 680 2 1 16522 15793 -5765 146 729
34186 34545 3137 680 3298 482 1 0 15793 15434 -5429 86 359
34545 35862 3298 482 2519 1020 0 1 15434 14117 6405 7 1317
35862 36863 2519 1020 3446 1094 1 2 14117 13116 6917 457 1001
36863 37759 3446 1094 3462 1974 2 1 13116 12220 -6405 7 896
37759 39281 3462 1974 2129 1785 1 0 12220 10698 -6917 47 1522
39281 40147 2129 1785 2324 1114 0 1 10698 9832 7957 197 866
40147 41922 2324 1114 3282 297 1 0 9832 8057 -7957 197 1775
41922 42394 3282 297 2819 306 0 1 8057 7585 8693 505 472
42394 42406 2819 306 2819 306 1 1 7585 7585 0 12 0
42406 43044 2819 306 2853 910 1 2 7585 6947 8933 71 638
43044 43188 2853 910 2718 919 2 1 6947 6803 -8933 71 144
43188 44030 2718 919 2700 1743 1 0 6803 5961 -8693 425 842
44030 44043 2700 1743 2700 1743 0 0 5961 5961 0 13 0
44043 50000 2700 1743 1250 6250 0 0 5961 4 1000000000 0 5957
--------------------------------------
--------------------------------------
EV23
--------------------------------------
Num TPs served = 15
TPs served = 1685 1989 2469 2693 3061 3765 4005 4885 5445 5749 6261 6501 6693 7605 8101
Total energy used = 35444
--------------------------------------
Schedule:
0 11444 1250 6250 1250 6250 0 0 35632 35632 0 11444 0
11444 19562 1250 6250 3832 714 0 1 35632 27514 1685 448 8118
19562 20460 3832 714 3026 806 1 0 27514 26616 -1685 448 898
20460 21678 3026 806 3211 1839 0 1 26616 25398 1989 21 1218
21678 22929 3211 1839 2457 1342 1 0 25398 24147 -1989 21 1251
22929 23230 2457 1342 2601 1499 0 1 24147 23846 2469 364 301
23230 24093 2601 1499 3009 1044 1 2 23846 22983 2693 118 863
24093 24425 3009 1044 3176 879 2 1 22983 22651 -2469 364 332
24425 24743 3176 879 3387 772 1 0 22651 22333 -2693 118 318
24743 25863 3387 772 2954 1459 0 1 22333 21213 3061 6 1120
25863 27294 2954 1459 2726 256 1 0 21213 19782 -3061 6 1431
27294 27582 2726 256 2981 223 0 1 19782 19494 3765 613 288
27582 28344 2981 223 2261 265 1 2 19494 18732 4005 821 762
28344 29123 2261 265 2024 807 2 1 18732 17953 -3765 613 779
29123 30528 2024 807 3194 1042 1 0 17953 16548 -4005 347 1405
30528 30997 3194 1042 3174 1491 0 1 16548 16079 4885 136 469
30997 31682 3174 1491 3797 1429 1 0 16079 15394 -4885 136 685
31682 32592 3797 1429 3151 1165 0 1 15394 14484 5445 192 910
32592 33405 3151 1165 3265 1864 1 0 14484 13671 -5445 192 813
33405 33766 3265 1864 3549 1941 0 1 13671 13310 5749 276 361
33766 34840 3549 1941 3328 1088 1 2 13310 12236 6261 181 1074
34840 34918 3328 1088 3328 1088 2 2 12236 12236 0 78 0
34918 35175 3328 1088 3302 857 2 3 12236 11979 6501 383 257
35175 35604 3302 857 2905 889 3 2 11979 11550 -5749 134 429
35604 35930 2905 889 2687 781 2 1 11550 11224 -6261 39 326
35930 36006 2687 781 2667 725 1 0 11224 11148 -6501 319 76
36006 36397 2667 725 2986 797 0 1 11148 10757 6693 11 391
36397 37832 2986 797 1884 464 1 0 10757 9322 -6693 11 1435
37832 38652 1884 464 2612 556 0 1 9322 8502 7605 156 820
38652 39479 2612 556 2765 1230 1 0 8502 7675 -7605 156 827
39479 39678 2765 1230 2765 1230 0 0 7675 7675 0 199 0
39678 39950 2765 1230 2725 1462 0 1 7675 7403 8101 417 272
39950 40785 2725 1462 3201 1821 1 0 7403 6568 -8101 417 835
40785 43620 3201 1821 3201 1821 0 0 6568 6568 0 2835 0
43620 50000 3201 1821 1250 6250 0 0 6568 188 1000000000 0 6380
--------------------------------------
--------------------------------------
EV24
--------------------------------------
Num TPs served = 6
TPs served = 1749 2117 2165 2741 3525 8853
Total energy used = 35624
--------------------------------------
Schedule:
0 12971 1250 6250 1250 6250 0 0 35632 35632 0 12971 0
12971 19876 1250 6250 2512 607 0 1 35632 28727 1749 476 6905
19876 20830 2512 607 3287 428 1 0 28727 27773 -1749 476 954
20830 21461 3287 428 3287 428 0 0 27773 27773 0 631 0
21461 21720 3287 428 3147 309 0 1 27773 27514 2165 941 259
21720 22091 3147 309 2986 99 1 2 27514 27143 2117 44 371
22091 23330 2986 99 2573 925 2 1 27143 25904 -2117 44 1239
23330 24185 2573 925 2654 1699 1 0 25904 25049 -2165 359 855
24185 24869 2654 1699 2106 1835 0 1 25049 24365 2741 3677 684
24869 26760 2106 1835 2862 700 1 2 24365 22474 3525 201 1891
26760 27355 2862 700 2629 1062 2 1 22474 21879 -3525 201 595
27355 35007 2629 1062 9999 780 1 0 21879 14227 -2741 2487 7652
35007 35289 9999 780 9999 780 0 0 14227 14227 0 282 0
35289 42697 9999 780 2866 1055 0 1 14227 6819 8853 563 7408
42697 43824 2866 1055 1963 1279 1 0 6819 5692 -8853 563 1127
43824 44316 1963 1279 1963 1279 0 0 5692 5692 0 492 0
44316 50000 1963 1279 1250 6250 0 0 5692 8 1000000000 0 5684
--------------------------------------
--------------------------------------
EV25
--------------------------------------
Num TPs served = 11
TPs served = 1765 2181 2533 2805 3557 4133 4357 5477 6277 6485 7029
Total energy used = 31618
--------------------------------------
Schedule:
0 11930 1250 6250 1250 6250 0 0 35632 35632 0 11930 0
11930 19988 1250 6250 3249 191 0 1 35632 27574 1765 173 8058
19988 20336 3249 191 3078 14 1 0 27574 27226 -1765 173 348
20336 21081 3078 14 3078 14 0 0 27226 27226 0 745 0
21081 21816 3078 14 3149 678 0 1 27226 26491 2181 794 735
21816 22193 3149 678 3149 678 1 1 26491 26491 0 377 0
22193 23245 3149 678 2926 1507 1 2 26491 25439 2533 527 1052
23245 23853 2926 1507 2353 1472 2 1 25439 24831 -2181 347 608
23853 24335 2353 1472 2370 1007 1 0 24831 24349 -2533 493 482
24335 24854 2370 1007 2747 865 0 1 24349 23830 2805 25 519
24854 26003 2747 865 2580 1847 1 0 23830 22681 -2805 25 1149
26003 27226 2580 1847 1922 1282 0 1 22681 21458 3557 148 1223
27226 28440 1922 1282 2569 715 1 0 21458 20244 -3557 148 1214
28440 28921 2569 715 2909 856 0 1 20244 19763 4133 307 481
28921 29827 2909 856 3402 443 1 2 19763 18857 4357 557 906
29827 30175 3402 443 3671 522 2 1 18857 18509 -4133 149 348
30175 32546 3671 522 1898 1120 1 0 18509 16138 -4357 19 2371
32546 32952 1898 1120 2277 1093 0 1 16138 15732 5477 186 406
32952 34267 2277 1093 3193 1492 1 0 15732 14417 -5477 186 1315
34267 34414 3193 1492 3193 1492 0 0 14417 14417 0 147 0
34414 34579 3193 1492 3181 1339 0 1 14417 14252 6277 316 165
34579 35212 3181 1339 2758 1129 1 0 14252 13619 -6277 316 633
35212 35679 2758 1129 3117 1237 0 1 13619 13152 6485 188 467
35679 37106 3117 1237 2428 499 1 0 13152 11725 -6485 188 1427
37106 38030 2428 499 2280 1275 0 1 11725 10801 7029 153 924
38030 41062 2280 1275 859 2886 1 0 10801 7769 -7029 153 3032
41062 46245 859 2886 859 2886 0 0 7769 7769 0 5183 0
46245 50000 859 2886 1250 6250 0 0 7769 4014 1000000000 0 3755
--------------------------------------

-------------------------------------------------------------------------

TPs

-------------------------------------------------------------------------

----------------------
TP5 not allocated
----------------------

----------------------
TP21 not allocated
----------------------

----------------------
TP37 not allocated
----------------------

----------------------
TP53 not allocated
----------------------

----------------------
TP69 not allocated
----------------------

----------------------
TP85 not allocated
----------------------

----------------------
TP101 not allocated
----------------------

----------------------
TP117 not allocated
----------------------

----------------------
TP133 not allocated
----------------------

----------------------
TP149 not allocated
----------------------

----------------------
TP165 allocated to 1
----------------------

----------------------
TP181 not allocated
----------------------

----------------------
TP197 not allocated
----------------------

----------------------
TP213 not allocated
----------------------

----------------------
TP229 not allocated
----------------------

----------------------
TP245 not allocated
----------------------

----------------------
TP261 not allocated
----------------------

----------------------
TP277 not allocated
----------------------

----------------------
TP293 allocated to 2
----------------------

----------------------
TP309 not allocated
----------------------

----------------------
TP325 allocated to 2
----------------------

----------------------
TP341 not allocated
----------------------

----------------------
TP357 not allocated
----------------------

----------------------
TP373 not allocated
----------------------

----------------------
TP389 not allocated
----------------------

----------------------
TP405 allocated to 3
----------------------

----------------------
TP421 not allocated
----------------------

----------------------
TP437 not allocated
----------------------

----------------------
TP453 not allocated
----------------------

----------------------
TP469 allocated to 3
----------------------

----------------------
TP485 not allocated
----------------------

----------------------
TP501 not allocated
----------------------

----------------------
TP517 allocated to 3
----------------------

----------------------
TP533 not allocated
----------------------

----------------------
TP549 not allocated
----------------------

----------------------
TP565 allocated to 2
----------------------

----------------------
TP581 allocated to 2
----------------------

----------------------
TP597 not allocated
----------------------

----------------------
TP613 not allocated
----------------------

----------------------
TP629 allocated to 4
----------------------

----------------------
TP645 allocated to 5
----------------------

----------------------
TP661 not allocated
----------------------

----------------------
TP677 allocated to 5
----------------------

----------------------
TP693 allocated to 3
----------------------

----------------------
TP709 allocated to 6
----------------------

----------------------
TP725 allocated to 6
----------------------

----------------------
TP741 allocated to 4
----------------------

----------------------
TP757 allocated to 7
----------------------

----------------------
TP773 allocated to 8
----------------------

----------------------
TP789 allocated to 4
----------------------

----------------------
TP805 allocated to 9
----------------------

----------------------
TP821 allocated to 10
----------------------

----------------------
TP837 allocated to 7
----------------------

----------------------
TP853 allocated to 10
----------------------

----------------------
TP869 allocated to 8
----------------------

----------------------
TP885 allocated to 11
----------------------

----------------------
TP901 allocated to 4
----------------------

----------------------
TP917 allocated to 12
----------------------

----------------------
TP933 allocated to 5
----------------------

----------------------
TP949 allocated to 11
----------------------

----------------------
TP965 allocated to 11
----------------------

----------------------
TP981 allocated to 6
----------------------

----------------------
TP997 allocated to 13
----------------------

----------------------
TP1013 allocated to 5
----------------------

----------------------
TP1029 allocated to 14
----------------------

----------------------
TP1045 allocated to 12
----------------------

----------------------
TP1061 allocated to 10
----------------------

----------------------
TP1077 allocated to 15
----------------------

----------------------
TP1093 allocated to 16
----------------------

----------------------
TP1109 allocated to 13
----------------------

----------------------
TP1125 allocated to 8
----------------------

----------------------
TP1141 allocated to 17
----------------------

----------------------
TP1157 allocated to 14
----------------------

----------------------
TP1173 allocated to 18
----------------------

----------------------
TP1189 allocated to 6
----------------------

----------------------
TP1205 allocated to 6
----------------------

----------------------
TP1221 allocated to 5
----------------------

----------------------
TP1237 allocated to 7
----------------------

----------------------
TP1253 allocated to 12
----------------------

----------------------
TP1269 allocated to 16
----------------------

----------------------
TP1285 allocated to 9
----------------------

----------------------
TP1301 allocated to 19
----------------------

----------------------
TP1317 allocated to 20
----------------------

----------------------
TP1333 allocated to 10
----------------------

----------------------
TP1349 allocated to 7
----------------------

----------------------
TP1365 allocated to 15
----------------------

----------------------
TP1381 allocated to 11
----------------------

----------------------
TP1397 allocated to 12
----------------------

----------------------
TP1413 allocated to 10
----------------------

----------------------
TP1429 allocated to 16
----------------------

----------------------
TP1445 allocated to 13
----------------------

----------------------
TP1461 allocated to 6
----------------------

----------------------
TP1477 allocated to 21
----------------------

----------------------
TP1493 allocated to 19
----------------------

----------------------
TP1509 allocated to 17
----------------------

----------------------
TP1525 allocated to 12
----------------------

----------------------
TP1541 allocated to 9
----------------------

----------------------
TP1557 allocated to 7
----------------------

----------------------
TP1573 allocated to 20
----------------------

----------------------
TP1589 allocated to 11
----------------------

----------------------
TP1605 allocated to 8
----------------------

----------------------
TP1621 allocated to 13
----------------------

----------------------
TP1637 allocated to 22
----------------------

----------------------
TP1653 allocated to 14
----------------------

----------------------
TP1669 allocated to 19
----------------------

----------------------
TP1685 allocated to 23
----------------------

----------------------
TP1701 allocated to 8
----------------------

----------------------
TP1717 allocated to 18
----------------------

----------------------
TP1733 allocated to 10
----------------------

----------------------
TP1749 allocated to 24
----------------------

----------------------
TP1765 allocated to 25
----------------------

----------------------
TP1781 allocated to 14
----------------------

----------------------
TP1797 allocated to 17
----------------------

----------------------
TP1813 allocated to 21
----------------------

----------------------
TP1829 allocated to 19
----------------------

----------------------
TP1845 allocated to 15
----------------------

----------------------
TP1861 allocated to 19
----------------------

----------------------
TP1877 allocated to 13
----------------------

----------------------
TP1893 allocated to 12
----------------------

----------------------
TP1909 allocated to 21
----------------------

----------------------
TP1925 allocated to 14
----------------------

----------------------
TP1941 allocated to 13
----------------------

----------------------
TP1957 allocated to 20
----------------------

----------------------
TP1973 allocated to 10
----------------------

----------------------
TP1989 allocated to 23
----------------------

----------------------
TP2005 allocated to 18
----------------------

----------------------
TP2021 allocated to 8
----------------------

----------------------
TP2037 allocated to 11
----------------------

----------------------
TP2053 allocated to 17
----------------------

----------------------
TP2069 allocated to 16
----------------------

----------------------
TP2085 allocated to 7
----------------------

----------------------
TP2101 allocated to 22
----------------------

----------------------
TP2117 allocated to 24
----------------------

----------------------
TP2133 allocated to 18
----------------------

----------------------
TP2149 allocated to 8
----------------------

----------------------
TP2165 allocated to 24
----------------------

----------------------
TP2181 allocated to 25
----------------------

----------------------
TP2197 not allocated
----------------------

----------------------
TP2213 allocated to 13
----------------------

----------------------
TP2229 allocated to 15
----------------------

----------------------
TP2245 allocated to 9
----------------------

----------------------
TP2261 allocated to 7
----------------------

----------------------
TP2277 allocated to 20
----------------------

----------------------
TP2293 allocated to 11
----------------------

----------------------
TP2309 allocated to 14
----------------------

----------------------
TP2325 not allocated
----------------------

----------------------
TP2341 not allocated
----------------------

----------------------
TP2357 not allocated
----------------------

----------------------
TP2373 not allocated
----------------------

----------------------
TP2389 allocated to 19
----------------------

----------------------
TP2405 allocated to 18
----------------------

----------------------
TP2421 allocated to 9
----------------------

----------------------
TP2437 allocated to 20
----------------------

----------------------
TP2453 allocated to 15
----------------------

----------------------
TP2469 allocated to 23
----------------------

----------------------
TP2485 allocated to 22
----------------------

----------------------
TP2501 allocated to 17
----------------------

----------------------
TP2517 allocated to 22
----------------------

----------------------
TP2533 allocated to 25
----------------------

----------------------
TP2549 not allocated
----------------------

----------------------
TP2565 allocated to 7
----------------------

----------------------
TP2581 allocated to 7
----------------------

----------------------
TP2597 allocated to 14
----------------------

----------------------
TP2613 not allocated
----------------------

----------------------
TP2629 not allocated
----------------------

----------------------
TP2645 allocated to 9
----------------------

----------------------
TP2661 allocated to 18
----------------------

----------------------
TP2677 not allocated
----------------------

----------------------
TP2693 allocated to 23
----------------------

----------------------
TP2709 not allocated
----------------------

----------------------
TP2725 not allocated
----------------------

----------------------
TP2741 allocated to 24
----------------------

----------------------
TP2757 allocated to 10
----------------------

----------------------
TP2773 allocated to 11
----------------------

----------------------
TP2789 allocated to 11
----------------------

----------------------
TP2805 allocated to 25
----------------------

----------------------
TP2821 allocated to 19
----------------------

----------------------
TP2837 not allocated
----------------------

----------------------
TP2853 allocated to 14
----------------------

----------------------
TP2869 not allocated
----------------------

----------------------
TP2885 allocated to 13
----------------------

----------------------
TP2901 not allocated
----------------------

----------------------
TP2917 not allocated
----------------------

----------------------
TP2933 not allocated
----------------------

----------------------
TP2949 allocated to 20
----------------------

----------------------
TP2965 allocated to 15
----------------------

----------------------
TP2981 not allocated
----------------------

----------------------
TP2997 not allocated
----------------------

----------------------
TP3013 allocated to 5
----------------------

----------------------
TP3029 allocated to 12
----------------------

----------------------
TP3045 allocated to 17
----------------------

----------------------
TP3061 allocated to 23
----------------------

----------------------
TP3077 allocated to 15
----------------------

----------------------
TP3093 allocated to 10
----------------------

----------------------
TP3109 not allocated
----------------------

----------------------
TP3125 allocated to 16
----------------------

----------------------
TP3141 not allocated
----------------------

----------------------
TP3157 allocated to 9
----------------------

----------------------
TP3173 not allocated
----------------------

----------------------
TP3189 allocated to 5
----------------------

----------------------
TP3205 not allocated
----------------------

----------------------
TP3221 allocated to 22
----------------------

----------------------
TP3237 not allocated
----------------------

----------------------
TP3253 allocated to 20
----------------------

----------------------
TP3269 not allocated
----------------------

----------------------
TP3285 allocated to 18
----------------------

----------------------
TP3301 not allocated
----------------------

----------------------
TP3317 allocated to 12
----------------------

----------------------
TP3333 allocated to 10
----------------------

----------------------
TP3349 not allocated
----------------------

----------------------
TP3365 not allocated
----------------------

----------------------
TP3381 not allocated
----------------------

----------------------
TP3397 not allocated
----------------------

----------------------
TP3413 allocated to 22
----------------------

----------------------
TP3429 allocated to 16
----------------------

----------------------
TP3445 allocated to 1
----------------------

----------------------
TP3461 not allocated
----------------------

----------------------
TP3477 allocated to 15
----------------------

----------------------
TP3493 allocated to 18
----------------------

----------------------
TP3509 allocated to 11
----------------------

----------------------
TP3525 allocated to 24
----------------------

----------------------
TP3541 allocated to 9
----------------------

----------------------
TP3557 allocated to 25
----------------------

----------------------
TP3573 allocated to 17
----------------------

----------------------
TP3589 not allocated
----------------------

----------------------
TP3605 not allocated
----------------------

----------------------
TP3621 not allocated
----------------------

----------------------
TP3637 not allocated
----------------------

----------------------
TP3653 not allocated
----------------------

----------------------
TP3669 allocated to 10
----------------------

----------------------
TP3685 not allocated
----------------------

----------------------
TP3701 not allocated
----------------------

----------------------
TP3717 allocated to 20
----------------------

----------------------
TP3733 allocated to 1
----------------------

----------------------
TP3749 allocated to 14
----------------------

----------------------
TP3765 allocated to 23
----------------------

----------------------
TP3781 not allocated
----------------------

----------------------
TP3797 not allocated
----------------------

----------------------
TP3813 not allocated
----------------------

----------------------
TP3829 allocated to 20
----------------------

----------------------
TP3845 not allocated
----------------------

----------------------
TP3861 allocated to 16
----------------------

----------------------
TP3877 allocated to 7
----------------------

----------------------
TP3893 not allocated
----------------------

----------------------
TP3909 allocated to 16
----------------------

----------------------
TP3925 allocated to 17
----------------------

----------------------
TP3941 not allocated
----------------------

----------------------
TP3957 allocated to 9
----------------------

----------------------
TP3973 allocated to 18
----------------------

----------------------
TP3989 not allocated
----------------------

----------------------
TP4005 allocated to 23
----------------------

----------------------
TP4021 allocated to 5
----------------------

----------------------
TP4037 not allocated
----------------------

----------------------
TP4053 not allocated
----------------------

----------------------
TP4069 not allocated
----------------------

----------------------
TP4085 allocated to 22
----------------------

----------------------
TP4101 not allocated
----------------------

----------------------
TP4117 not allocated
----------------------

----------------------
TP4133 allocated to 25
----------------------

----------------------
TP4149 not allocated
----------------------

----------------------
TP4165 allocated to 18
----------------------

----------------------
TP4181 not allocated
----------------------

----------------------
TP4197 not allocated
----------------------

----------------------
TP4213 not allocated
----------------------

----------------------
TP4229 allocated to 3
----------------------

----------------------
TP4245 allocated to 3
----------------------

----------------------
TP4261 not allocated
----------------------

----------------------
TP4277 allocated to 12
----------------------

----------------------
TP4293 not allocated
----------------------

----------------------
TP4309 allocated to 14
----------------------

----------------------
TP4325 allocated to 17
----------------------

----------------------
TP4341 not allocated
----------------------

----------------------
TP4357 allocated to 25
----------------------

----------------------
TP4373 not allocated
----------------------

----------------------
TP4389 allocated to 11
----------------------

----------------------
TP4405 not allocated
----------------------

----------------------
TP4421 allocated to 5
----------------------

----------------------
TP4437 not allocated
----------------------

----------------------
TP4453 not allocated
----------------------

----------------------
TP4469 not allocated
----------------------

----------------------
TP4485 allocated to 1
----------------------

----------------------
TP4501 not allocated
----------------------

----------------------
TP4517 not allocated
----------------------

----------------------
TP4533 allocated to 10
----------------------

----------------------
TP4549 allocated to 14
----------------------

----------------------
TP4565 allocated to 4
----------------------

----------------------
TP4581 not allocated
----------------------

----------------------
TP4597 not allocated
----------------------

----------------------
TP4613 allocated to 18
----------------------

----------------------
TP4629 not allocated
----------------------

----------------------
TP4645 not allocated
----------------------

----------------------
TP4661 allocated to 16
----------------------

----------------------
TP4677 allocated to 12
----------------------

----------------------
TP4693 not allocated
----------------------

----------------------
TP4709 allocated to 17
----------------------

----------------------
TP4725 allocated to 22
----------------------

----------------------
TP4741 allocated to 4
----------------------

----------------------
TP4757 allocated to 10
----------------------

----------------------
TP4773 not allocated
----------------------

----------------------
TP4789 allocated to 15
----------------------

----------------------
TP4805 allocated to 16
----------------------

----------------------
TP4821 allocated to 11
----------------------

----------------------
TP4837 allocated to 17
----------------------

----------------------
TP4853 allocated to 20
----------------------

----------------------
TP4869 allocated to 11
----------------------

----------------------
TP4885 allocated to 23
----------------------

----------------------
TP4901 not allocated
----------------------

----------------------
TP4917 allocated to 15
----------------------

----------------------
TP4933 not allocated
----------------------

----------------------
TP4949 allocated to 7
----------------------

----------------------
TP4965 not allocated
----------------------

----------------------
TP4981 not allocated
----------------------

----------------------
TP4997 allocated to 3
----------------------

----------------------
TP5013 allocated to 4
----------------------

----------------------
TP5029 allocated to 22
----------------------

----------------------
TP5045 allocated to 5
----------------------

----------------------
TP5061 allocated to 14
----------------------

----------------------
TP5077 not allocated
----------------------

----------------------
TP5093 allocated to 17
----------------------

----------------------
TP5109 not allocated
----------------------

----------------------
TP5125 not allocated
----------------------

----------------------
TP5141 not allocated
----------------------

----------------------
TP5157 allocated to 18
----------------------

----------------------
TP5173 not allocated
----------------------

----------------------
TP5189 not allocated
----------------------

----------------------
TP5205 not allocated
----------------------

----------------------
TP5221 allocated to 12
----------------------

----------------------
TP5237 allocated to 18
----------------------

----------------------
TP5253 not allocated
----------------------

----------------------
TP5269 not allocated
----------------------

----------------------
TP5285 not allocated
----------------------

----------------------
TP5301 not allocated
----------------------

----------------------
TP5317 allocated to 5
----------------------

----------------------
TP5333 not allocated
----------------------

----------------------
TP5349 not allocated
----------------------

----------------------
TP5365 allocated to 20
----------------------

----------------------
TP5381 not allocated
----------------------

----------------------
TP5397 allocated to 14
----------------------

----------------------
TP5413 allocated to 4
----------------------

----------------------
TP5429 allocated to 22
----------------------

----------------------
TP5445 allocated to 23
----------------------

----------------------
TP5461 not allocated
----------------------

----------------------
TP5477 allocated to 25
----------------------

----------------------
TP5493 not allocated
----------------------

----------------------
TP5509 allocated to 10
----------------------

----------------------
TP5525 not allocated
----------------------

----------------------
TP5541 not allocated
----------------------

----------------------
TP5557 not allocated
----------------------

----------------------
TP5573 not allocated
----------------------

----------------------
TP5589 not allocated
----------------------

----------------------
TP5605 allocated to 15
----------------------

----------------------
TP5621 not allocated
----------------------

----------------------
TP5637 not allocated
----------------------

----------------------
TP5653 allocated to 17
----------------------

----------------------
TP5669 not allocated
----------------------

----------------------
TP5685 allocated to 17
----------------------

----------------------
TP5701 not allocated
----------------------

----------------------
TP5717 not allocated
----------------------

----------------------
TP5733 not allocated
----------------------

----------------------
TP5749 allocated to 23
----------------------

----------------------
TP5765 allocated to 22
----------------------

----------------------
TP5781 allocated to 20
----------------------

----------------------
TP5797 not allocated
----------------------

----------------------
TP5813 allocated to 10
----------------------

----------------------
TP5829 allocated to 7
----------------------

----------------------
TP5845 allocated to 17
----------------------

----------------------
TP5861 allocated to 15
----------------------

----------------------
TP5877 not allocated
----------------------

----------------------
TP5893 not allocated
----------------------

----------------------
TP5909 not allocated
----------------------

----------------------
TP5925 not allocated
----------------------

----------------------
TP5941 allocated to 12
----------------------

----------------------
TP5957 not allocated
----------------------

----------------------
TP5973 not allocated
----------------------

----------------------
TP5989 allocated to 3
----------------------

----------------------
TP6005 not allocated
----------------------

----------------------
TP6021 not allocated
----------------------

----------------------
TP6037 not allocated
----------------------

----------------------
TP6053 not allocated
----------------------

----------------------
TP6069 not allocated
----------------------

----------------------
TP6085 allocated to 12
----------------------

----------------------
TP6101 not allocated
----------------------

----------------------
TP6117 not allocated
----------------------

----------------------
TP6133 not allocated
----------------------

----------------------
TP6149 allocated to 14
----------------------

----------------------
TP6165 allocated to 12
----------------------

----------------------
TP6181 allocated to 1
----------------------

----------------------
TP6197 not allocated
----------------------

----------------------
TP6213 not allocated
----------------------

----------------------
TP6229 not allocated
----------------------

----------------------
TP6245 allocated to 10
----------------------

----------------------
TP6261 allocated to 23
----------------------

----------------------
TP6277 allocated to 25
----------------------

----------------------
TP6293 allocated to 7
----------------------

----------------------
TP6309 allocated to 11
----------------------

----------------------
TP6325 allocated to 14
----------------------

----------------------
TP6341 not allocated
----------------------

----------------------
TP6357 not allocated
----------------------

----------------------
TP6373 not allocated
----------------------

----------------------
TP6389 not allocated
----------------------

----------------------
TP6405 allocated to 22
----------------------

----------------------
TP6421 not allocated
----------------------

----------------------
TP6437 not allocated
----------------------

----------------------
TP6453 not allocated
----------------------

----------------------
TP6469 allocated to 20
----------------------

----------------------
TP6485 allocated to 25
----------------------

----------------------
TP6501 allocated to 23
----------------------

----------------------
TP6517 allocated to 17
----------------------

----------------------
TP6533 allocated to 16
----------------------

----------------------
TP6549 not allocated
----------------------

----------------------
TP6565 not allocated
----------------------

----------------------
TP6581 not allocated
----------------------

----------------------
TP6597 allocated to 17
----------------------

----------------------
TP6613 not allocated
----------------------

----------------------
TP6629 not allocated
----------------------

----------------------
TP6645 not allocated
----------------------

----------------------
TP6661 not allocated
----------------------

----------------------
TP6677 allocated to 15
----------------------

----------------------
TP6693 allocated to 23
----------------------

----------------------
TP6709 not allocated
----------------------

----------------------
TP6725 not allocated
----------------------

----------------------
TP6741 not allocated
----------------------

----------------------
TP6757 not allocated
----------------------

----------------------
TP6773 allocated to 15
----------------------

----------------------
TP6789 not allocated
----------------------

----------------------
TP6805 allocated to 11
----------------------

----------------------
TP6821 allocated to 15
----------------------

----------------------
TP6837 not allocated
----------------------

----------------------
TP6853 allocated to 12
----------------------

----------------------
TP6869 allocated to 3
----------------------

----------------------
TP6885 allocated to 18
----------------------

----------------------
TP6901 not allocated
----------------------

----------------------
TP6917 allocated to 22
----------------------

----------------------
TP6933 allocated to 7
----------------------

----------------------
TP6949 allocated to 7
----------------------

----------------------
TP6965 allocated to 9
----------------------

----------------------
TP6981 allocated to 20
----------------------

----------------------
TP6997 not allocated
----------------------

----------------------
TP7013 not allocated
----------------------

----------------------
TP7029 allocated to 25
----------------------

----------------------
TP7045 not allocated
----------------------

----------------------
TP7061 not allocated
----------------------

----------------------
TP7077 allocated to 12
----------------------

----------------------
TP7093 not allocated
----------------------

----------------------
TP7109 not allocated
----------------------

----------------------
TP7125 not allocated
----------------------

----------------------
TP7141 not allocated
----------------------

----------------------
TP7157 not allocated
----------------------

----------------------
TP7173 not allocated
----------------------

----------------------
TP7189 not allocated
----------------------

----------------------
TP7205 not allocated
----------------------

----------------------
TP7221 not allocated
----------------------

----------------------
TP7237 not allocated
----------------------

----------------------
TP7253 allocated to 18
----------------------

----------------------
TP7269 not allocated
----------------------

----------------------
TP7285 not allocated
----------------------

----------------------
TP7301 allocated to 14
----------------------

----------------------
TP7317 not allocated
----------------------

----------------------
TP7333 not allocated
----------------------

----------------------
TP7349 not allocated
----------------------

----------------------
TP7365 not allocated
----------------------

----------------------
TP7381 not allocated
----------------------

----------------------
TP7397 not allocated
----------------------

----------------------
TP7413 not allocated
----------------------

----------------------
TP7429 not allocated
----------------------

----------------------
TP7445 not allocated
----------------------

----------------------
TP7461 not allocated
----------------------

----------------------
TP7477 not allocated
----------------------

----------------------
TP7493 not allocated
----------------------

----------------------
TP7509 not allocated
----------------------

----------------------
TP7525 not allocated
----------------------

----------------------
TP7541 not allocated
----------------------

----------------------
TP7557 not allocated
----------------------

----------------------
TP7573 not allocated
----------------------

----------------------
TP7589 allocated to 14
----------------------

----------------------
TP7605 allocated to 23
----------------------

----------------------
TP7621 allocated to 3
----------------------

----------------------
TP7637 not allocated
----------------------

----------------------
TP7653 not allocated
----------------------

----------------------
TP7669 not allocated
----------------------

----------------------
TP7685 allocated to 18
----------------------

----------------------
TP7701 not allocated
----------------------

----------------------
TP7717 not allocated
----------------------

----------------------
TP7733 not allocated
----------------------

----------------------
TP7749 not allocated
----------------------

----------------------
TP7765 not allocated
----------------------

----------------------
TP7781 not allocated
----------------------

----------------------
TP7797 not allocated
----------------------

----------------------
TP7813 not allocated
----------------------

----------------------
TP7829 allocated to 16
----------------------

----------------------
TP7845 not allocated
----------------------

----------------------
TP7861 allocated to 18
----------------------

----------------------
TP7877 not allocated
----------------------

----------------------
TP7893 not allocated
----------------------

----------------------
TP7909 not allocated
----------------------

----------------------
TP7925 not allocated
----------------------

----------------------
TP7941 not allocated
----------------------

----------------------
TP7957 allocated to 22
----------------------

----------------------
TP7973 not allocated
----------------------

----------------------
TP7989 allocated to 19
----------------------

----------------------
TP8005 allocated to 16
----------------------

----------------------
TP8021 not allocated
----------------------

----------------------
TP8037 not allocated
----------------------

----------------------
TP8053 not allocated
----------------------

----------------------
TP8069 not allocated
----------------------

----------------------
TP8085 allocated to 18
----------------------

----------------------
TP8101 allocated to 23
----------------------

----------------------
TP8117 not allocated
----------------------

----------------------
TP8133 not allocated
----------------------

----------------------
TP8149 not allocated
----------------------

----------------------
TP8165 not allocated
----------------------

----------------------
TP8181 not allocated
----------------------

----------------------
TP8197 not allocated
----------------------

----------------------
TP8213 not allocated
----------------------

----------------------
TP8229 not allocated
----------------------

----------------------
TP8245 allocated to 19
----------------------

----------------------
TP8261 not allocated
----------------------

----------------------
TP8277 allocated to 17
----------------------

----------------------
TP8293 allocated to 12
----------------------

----------------------
TP8309 not allocated
----------------------

----------------------
TP8325 not allocated
----------------------

----------------------
TP8341 not allocated
----------------------

----------------------
TP8357 not allocated
----------------------

----------------------
TP8373 not allocated
----------------------

----------------------
TP8389 not allocated
----------------------

----------------------
TP8405 not allocated
----------------------

----------------------
TP8421 not allocated
----------------------

----------------------
TP8437 not allocated
----------------------

----------------------
TP8453 not allocated
----------------------

----------------------
TP8469 not allocated
----------------------

----------------------
TP8485 not allocated
----------------------

----------------------
TP8501 not allocated
----------------------

----------------------
TP8517 not allocated
----------------------

----------------------
TP8533 not allocated
----------------------

----------------------
TP8549 not allocated
----------------------

----------------------
TP8565 not allocated
----------------------

----------------------
TP8581 not allocated
----------------------

----------------------
TP8597 not allocated
----------------------

----------------------
TP8613 not allocated
----------------------

----------------------
TP8629 not allocated
----------------------

----------------------
TP8645 not allocated
----------------------

----------------------
TP8661 not allocated
----------------------

----------------------
TP8677 not allocated
----------------------

----------------------
TP8693 allocated to 22
----------------------

----------------------
TP8709 not allocated
----------------------

----------------------
TP8725 not allocated
----------------------

----------------------
TP8741 not allocated
----------------------

----------------------
TP8757 not allocated
----------------------

----------------------
TP8773 not allocated
----------------------

----------------------
TP8789 not allocated
----------------------

----------------------
TP8805 not allocated
----------------------

----------------------
TP8821 not allocated
----------------------

----------------------
TP8837 not allocated
----------------------

----------------------
TP8853 allocated to 24
----------------------

----------------------
TP8869 not allocated
----------------------

----------------------
TP8885 not allocated
----------------------

----------------------
TP8901 not allocated
----------------------

----------------------
TP8917 not allocated
----------------------

----------------------
TP8933 allocated to 22
----------------------

----------------------
TP8949 not allocated
----------------------

----------------------
TP8965 not allocated
----------------------

----------------------
TP8981 not allocated
----------------------

----------------------
TP8997 not allocated
----------------------

----------------------
TP9013 not allocated
----------------------

----------------------
TP9029 not allocated
----------------------

----------------------
TP9045 not allocated
----------------------

----------------------
TP9061 not allocated
----------------------

----------------------
TP9077 not allocated
----------------------

----------------------
TP9093 not allocated
----------------------

----------------------
TP9109 not allocated
----------------------

----------------------
TP9125 not allocated
----------------------

----------------------
TP9141 not allocated
----------------------

----------------------
TP9157 not allocated
----------------------

----------------------
TP9173 not allocated
----------------------

----------------------
TP9189 not allocated
----------------------

----------------------
TP9205 not allocated
----------------------

----------------------
TP9221 not allocated
----------------------

----------------------
TP9237 not allocated
----------------------

----------------------
TP9253 not allocated
----------------------

----------------------
TP9269 not allocated
----------------------

----------------------
TP9285 not allocated
----------------------

----------------------
TP9301 not allocated
----------------------

----------------------
TP9317 not allocated
----------------------

----------------------
TP9333 not allocated
----------------------

----------------------
TP9349 not allocated
----------------------

----------------------
TP9365 not allocated
----------------------

----------------------
TP9381 not allocated
----------------------

----------------------
TP9397 not allocated
----------------------

----------------------
TP9413 not allocated
----------------------

----------------------
TP9429 not allocated
----------------------

----------------------
TP9445 not allocated
----------------------

----------------------
TP9461 not allocated
----------------------

----------------------
TP9477 not allocated
----------------------

----------------------
TP9493 not allocated
----------------------

----------------------
TP9509 not allocated
----------------------

----------------------
TP9525 not allocated
----------------------

----------------------
TP9541 not allocated
----------------------

----------------------
TP9557 not allocated
----------------------

----------------------
TP9573 not allocated
----------------------

----------------------
TP9589 not allocated
----------------------

----------------------
TP9605 not allocated
----------------------

----------------------
TP9621 not allocated
----------------------

----------------------
TP9637 not allocated
----------------------

----------------------
TP9653 not allocated
----------------------

----------------------
TP9669 not allocated
----------------------

----------------------
TP9685 not allocated
----------------------

----------------------
TP9701 not allocated
----------------------

----------------------
TP9717 not allocated
----------------------

----------------------
TP9733 not allocated
----------------------

----------------------
TP9749 not allocated
----------------------

----------------------
TP9765 not allocated
----------------------

----------------------
TP9781 not allocated
----------------------

----------------------
TP9797 not allocated
----------------------

----------------------
TP9813 not allocated
----------------------

----------------------
TP9829 not allocated
----------------------

----------------------
TP9845 not allocated
----------------------

----------------------
TP9861 not allocated
----------------------

----------------------
TP9877 not allocated
----------------------

----------------------
TP9893 not allocated
----------------------

----------------------
TP9909 not allocated
----------------------

----------------------
TP9925 not allocated
----------------------

----------------------
TP9941 not allocated
----------------------

----------------------
TP9957 not allocated
----------------------

----------------------
TP9973 not allocated
----------------------

----------------------
TP9989 not allocated
----------------------

-------------------------------------------------------------------------

Ride-sharing vs Individual Mode - Num Vehicles and Distance Comparisson 

-------------------------------------------------------------------------
Individual Mode = 625 vehicles.
Ride-sharing Mode = 363 vehicles. The 25 ride-sharing vehicles + 338 vehicles of the individuals not served by the ride-sharing service.
-------------------------------------------------------------------------
Individual Mode = 947404 distance.
Ride-sharing Mode = 1310931 distance. 868046 from the EV fleet + 442885 from the distance of the trips not covered individuals had to do with their own vehicle.
-------------------------------------------------------------------------
