10000 10000 50000
1
8 3750 8750
262
1 8 0 35632 5
0
2 8 0 35632 5
0
3 8 0 35632 5
0
4 8 0 35632 5
0
5 8 0 35632 5
0
6 8 0 35632 5
0
7 8 0 35632 5
0
8 8 0 35632 5
0
9 8 0 35632 5
0
10 8 0 35632 5
0
11 8 0 35632 5
0
12 8 0 35632 5
0
13 8 0 35632 5
0
14 8 0 35632 5
0
15 8 0 35632 5
0
16 8 0 35632 5
0
17 8 0 35632 5
0
18 8 0 35632 5
0
19 8 0 35632 5
0
20 8 0 35632 5
0
21 8 0 35632 5
0
22 8 0 35632 5
0
23 8 0 35632 5
0
24 8 0 35632 5
0
25 8 0 35632 5
0
26 8 0 35632 5
0
27 8 0 35632 5
0
28 8 0 35632 5
0
29 8 0 35632 5
0
30 8 0 35632 5
0
31 8 0 35632 5
0
32 8 0 35632 5
0
33 8 0 35632 5
0
34 8 0 35632 5
0
35 8 0 35632 5
0
36 8 0 35632 5
0
37 8 0 35632 5
0
38 8 0 35632 5
0
39 8 0 35632 5
0
40 8 0 35632 5
0
41 8 0 35632 5
0
42 8 0 35632 5
0
43 8 0 35632 5
0
44 8 0 35632 5
0
45 8 0 35632 5
0
46 8 0 35632 5
0
47 8 0 35632 5
0
48 8 0 35632 5
0
49 8 0 35632 5
0
50 8 0 35632 5
0
51 8 0 35632 5
0
52 8 0 35632 5
0
53 8 0 35632 5
0
54 8 0 35632 5
0
55 8 0 35632 5
0
56 8 0 35632 5
0
57 8 0 35632 5
0
58 8 0 35632 5
0
59 8 0 35632 5
0
60 8 0 35632 5
0
61 8 0 35632 5
0
62 8 0 35632 5
0
63 8 0 35632 5
0
64 8 0 35632 5
0
65 8 0 35632 5
0
66 8 0 35632 5
0
67 8 0 35632 5
0
68 8 0 35632 5
0
69 8 0 35632 5
0
70 8 0 35632 5
0
71 8 0 35632 5
0
72 8 0 35632 5
0
73 8 0 35632 5
0
74 8 0 35632 5
0
75 8 0 35632 5
0
76 8 0 35632 5
0
77 8 0 35632 5
0
78 8 0 35632 5
0
79 8 0 35632 5
0
80 8 0 35632 5
0
81 8 0 35632 5
0
82 8 0 35632 5
0
83 8 0 35632 5
0
84 8 0 35632 5
0
85 8 0 35632 5
0
86 8 0 35632 5
0
87 8 0 35632 5
0
88 8 0 35632 5
0
89 8 0 35632 5
0
90 8 0 35632 5
0
91 8 0 35632 5
0
92 8 0 35632 5
0
93 8 0 35632 5
0
94 8 0 35632 5
0
95 8 0 35632 5
0
96 8 0 35632 5
0
97 8 0 35632 5
0
98 8 0 35632 5
0
99 8 0 35632 5
0
100 8 0 35632 5
0
101 8 0 35632 5
0
102 8 0 35632 5
0
103 8 0 35632 5
0
104 8 0 35632 5
0
105 8 0 35632 5
0
106 8 0 35632 5
0
107 8 0 35632 5
0
108 8 0 35632 5
0
109 8 0 35632 5
0
110 8 0 35632 5
0
111 8 0 35632 5
0
112 8 0 35632 5
0
113 8 0 35632 5
0
114 8 0 35632 5
0
115 8 0 35632 5
0
116 8 0 35632 5
0
117 8 0 35632 5
0
118 8 0 35632 5
0
119 8 0 35632 5
0
120 8 0 35632 5
0
121 8 0 35632 5
0
122 8 0 35632 5
0
123 8 0 35632 5
0
124 8 0 35632 5
0
125 8 0 35632 5
0
126 8 0 35632 5
0
127 8 0 35632 5
0
128 8 0 35632 5
0
129 8 0 35632 5
0
130 8 0 35632 5
0
131 8 0 35632 5
0
132 8 0 35632 5
0
133 8 0 35632 5
0
134 8 0 35632 5
0
135 8 0 35632 5
0
136 8 0 35632 5
0
137 8 0 35632 5
0
138 8 0 35632 5
0
139 8 0 35632 5
0
140 8 0 35632 5
0
141 8 0 35632 5
0
142 8 0 35632 5
0
143 8 0 35632 5
0
144 8 0 35632 5
0
145 8 0 35632 5
0
146 8 0 35632 5
0
147 8 0 35632 5
0
148 8 0 35632 5
0
149 8 0 35632 5
0
150 8 0 35632 5
0
151 8 0 35632 5
0
152 8 0 35632 5
0
153 8 0 35632 5
0
154 8 0 35632 5
0
155 8 0 35632 5
0
156 8 0 35632 5
0
157 8 0 35632 5
0
158 8 0 35632 5
0
159 8 0 35632 5
0
160 8 0 35632 5
0
161 8 0 35632 5
0
162 8 0 35632 5
0
163 8 0 35632 5
0
164 8 0 35632 5
0
165 8 0 35632 5
0
166 8 0 35632 5
0
167 8 0 35632 5
0
168 8 0 35632 5
0
169 8 0 35632 5
0
170 8 0 35632 5
0
171 8 0 35632 5
0
172 8 0 35632 5
0
173 8 0 35632 5
0
174 8 0 35632 5
0
175 8 0 35632 5
0
176 8 0 35632 5
0
177 8 0 35632 5
0
178 8 0 35632 5
0
179 8 0 35632 5
0
180 8 0 35632 5
0
181 8 0 35632 5
0
182 8 0 35632 5
0
183 8 0 35632 5
0
184 8 0 35632 5
0
185 8 0 35632 5
0
186 8 0 35632 5
0
187 8 0 35632 5
0
188 8 0 35632 5
0
189 8 0 35632 5
0
190 8 0 35632 5
0
191 8 0 35632 5
0
192 8 0 35632 5
0
193 8 0 35632 5
0
194 8 0 35632 5
0
195 8 0 35632 5
0
196 8 0 35632 5
0
197 8 0 35632 5
0
198 8 0 35632 5
0
199 8 0 35632 5
0
200 8 0 35632 5
0
201 8 0 35632 5
0
202 8 0 35632 5
0
203 8 0 35632 5
0
204 8 0 35632 5
0
205 8 0 35632 5
0
206 8 0 35632 5
0
207 8 0 35632 5
0
208 8 0 35632 5
0
209 8 0 35632 5
0
210 8 0 35632 5
0
211 8 0 35632 5
0
212 8 0 35632 5
0
213 8 0 35632 5
0
214 8 0 35632 5
0
215 8 0 35632 5
0
216 8 0 35632 5
0
217 8 0 35632 5
0
218 8 0 35632 5
0
219 8 0 35632 5
0
220 8 0 35632 5
0
221 8 0 35632 5
0
222 8 0 35632 5
0
223 8 0 35632 5
0
224 8 0 35632 5
0
225 8 0 35632 5
0
226 8 0 35632 5
0
227 8 0 35632 5
0
228 8 0 35632 5
0
229 8 0 35632 5
0
230 8 0 35632 5
0
231 8 0 35632 5
0
232 8 0 35632 5
0
233 8 0 35632 5
0
234 8 0 35632 5
0
235 8 0 35632 5
0
236 8 0 35632 5
0
237 8 0 35632 5
0
238 8 0 35632 5
0
239 8 0 35632 5
0
240 8 0 35632 5
0
241 8 0 35632 5
0
242 8 0 35632 5
0
243 8 0 35632 5
0
244 8 0 35632 5
0
245 8 0 35632 5
0
246 8 0 35632 5
0
247 8 0 35632 5
0
248 8 0 35632 5
0
249 8 0 35632 5
0
250 8 0 35632 5
0
251 8 0 35632 5
0
252 8 0 35632 5
0
253 8 0 35632 5
0
254 8 0 35632 5
0
255 8 0 35632 5
0
256 8 0 35632 5
0
257 8 0 35632 5
0
258 8 0 35632 5
0
259 8 0 35632 5
0
260 8 0 35632 5
0
261 8 0 35632 5
0
262 8 0 35632 5
0
625
8 8 -1
1, 2239, 437, 3144, 1434, 1, 951, 1903, 2853
24 8 -1
1, 2569, 1008, 2499, 1451, 1, 257, 514, 770
40 8 -1
1, 2887, 1032, 2306, 745, 1, 434, 869, 1302
56 8 -1
1, 3037, 927, 2895, 602, 1, 234, 468, 701
72 8 -1
1, 3472, 1693, 3603, 1073, 1, 376, 752, 1127
88 8 -1
151, 3503, 578, 9999, 594, 302, 3557, 6814, 10069
104 8 -1
577, 2831, 1161, 2047, 1305, 1154, 1617, 2082, 2545
120 8 -1
985, 2934, 836, 2532, 427, 1970, 2375, 2781, 3186
136 8 -1
1257, 2302, 1047, 2419, 709, 2513, 2740, 2968, 3195
152 8 -1
1588, 2810, 407, 2724, 896, 3176, 3463, 3751, 4038
168 8 -1
1943, 2832, 885, 3081, 764, 3886, 4070, 4256, 4440
184 8 -1
2131, 3067, 768, 3037, 1187, 4262, 4486, 4711, 4935
200 8 -1
2277, 3281, 1188, 2636, 243, 4554, 5348, 6144, 6938
216 8 -1
2532, 3163, 810, 2917, 1148, 5064, 5355, 5648, 5939
232 8 -1
2726, 2489, 862, 4123, 367, 5451, 6515, 7580, 8644
248 8 -1
2888, 3796, 344, 2139, 1172, 5775, 7017, 8260, 9502
264 8 -1
3092, 2038, 606, 2649, 1350, 6183, 6860, 7538, 8215
280 8 -1
3302, 2957, 1385, 2503, 1024, 6604, 7011, 7419, 7826
296 8 -1
3426, 3258, 1184, 288, 183, 6852, 8837, 10823, 12808
312 8 -1
3569, 2975, 959, 2418, 49, 7137, 7870, 8604, 9337
328 8 -1
3729, 3101, 425, 2340, 1304, 7457, 8276, 9097, 9916
344 8 -1
3912, 2236, 988, 9999, 9330, 7823, 15875, 23928, 31980
360 8 -1
4068, 3489, 1392, 2471, 1666, 8136, 8781, 9428, 10073
376 8 -1
4210, 2161, 1915, 3178, 1697, 8419, 9036, 9654, 10271
392 8 -1
4376, 3598, 2135, 3204, 977, 8751, 9526, 10303, 11078
408 8 -1
4567, 2505, 912, 9999, 8, 9134, 13332, 17532, 21730
424 8 -1
4690, 3072, 180, 3129, 937, 9380, 9786, 10194, 10600
440 8 -1
4814, 2654, 361, 3391, 172, 9628, 10090, 10554, 11016
456 8 -1
4913, 2557, 1331, 2673, 446, 9826, 10326, 10827, 11327
472 8 -1
5032, 3232, 650, 2421, 611, 10063, 10487, 10913, 11337
488 8 -1
5194, 3558, 371, 2395, 835, 10387, 11200, 12014, 12827
504 8 -1
5274, 3465, 1572, 2840, 987, 10547, 11151, 11757, 12361
520 8 -1
5414, 2409, 879, 2793, 1085, 10828, 11122, 11418, 11712
536 8 -1
5492, 1928, 564, 2521, 501, 10984, 11311, 11640, 11967
552 8 -1
5586, 2526, 457, 2478, 594, 11172, 11264, 11357, 11449
568 8 -1
5716, 2981, 752, 2673, 1376, 11432, 11897, 12364, 12829
584 8 -1
5877, 2382, 1375, 2356, 1148, 11754, 11880, 12007, 12133
600 8 -1
5974, 2760, 1388, 2319, 2021, 11947, 12483, 13021, 13557
616 8 -1
6082, 3264, 1539, 3267, 1858, 12163, 12323, 12485, 12645
632 8 -1
6162, 3170, 1012, 2536, 123, 12324, 13085, 13847, 14608
648 8 -1
6251, 3860, 819, 2748, 1697, 12501, 13495, 14491, 15485
664 8 -1
6317, 3087, 681, 2167, 1326, 12633, 13415, 14198, 14980
680 8 -1
6421, 1833, 1407, 1728, 1587, 12842, 12984, 13127, 13269
696 8 -1
6508, 2811, 1826, 3470, 684, 13015, 13915, 14816, 15716
712 8 -1
6604, 3236, 1144, 2601, 1135, 13208, 13529, 13852, 14173
728 8 -1
6669, 2819, 474, 3792, 1971, 13338, 14572, 15808, 17042
744 8 -1
6769, 3252, 1257, 1890, 1348, 13537, 14263, 14990, 15716
760 8 -1
6819, 2990, 736, 2648, 649, 13638, 13852, 14067, 14281
776 8 -1
6876, 3083, 1492, 2096, 469, 13752, 14756, 15762, 16766
792 8 -1
6949, 2279, 1893, 2819, 1146, 13898, 14541, 15185, 15828
808 8 -1
7029, 1533, 633, 3272, 1130, 14057, 15174, 16293, 17410
824 8 -1
7114, 2667, 250, 3355, 1173, 14227, 15032, 15838, 16643
840 8 -1
7178, 3009, 1114, 9999, 573, 14356, 18121, 21887, 25652
856 8 -1
7280, 2067, 190, 9999, 0, 14559, 18619, 22681, 26741
872 8 -1
7382, 2732, 1646, 1526, 485, 14763, 15946, 17130, 18313
888 8 -1
7426, 2714, 764, 1939, 700, 14852, 15271, 15691, 16110
904 8 -1
7478, 3102, 1145, 2633, 1033, 14955, 15245, 15536, 15826
920 8 -1
7518, 2347, 510, 2939, 1165, 15036, 15659, 16283, 16906
936 8 -1
7600, 2289, 1182, 3250, 1476, 15200, 15827, 16455, 17082
952 8 -1
7668, 2728, 733, 2933, 1435, 15336, 15789, 16243, 16696
968 8 -1
7732, 2341, 1682, 3902, 1127, 15464, 16521, 17580, 18637
984 8 -1
7795, 2228, 932, 2417, 1889, 15589, 16161, 16735, 17307
1000 8 -1
7850, 2609, 1007, 1936, 897, 15700, 16091, 16483, 16874
1016 8 -1
7880, 3405, 1083, 2660, 1569, 15759, 16374, 16990, 17605
1032 8 -1
7928, 2461, 1188, 2525, 1442, 15856, 16014, 16174, 16332
1048 8 -1
7970, 2967, 636, 2905, 1535, 15940, 16420, 16901, 17381
1064 8 -1
8014, 2781, 219, 2654, 1845, 16028, 16904, 17781, 18657
1080 8 -1
8065, 3542, 844, 2628, 1376, 16130, 16852, 17576, 18298
1096 8 -1
8130, 2417, 596, 2392, 1047, 16260, 16497, 16736, 16973
1112 8 -1
8180, 3299, 1390, 2367, 2063, 16360, 17162, 17965, 18767
1128 8 -1
8244, 2881, 1253, 2624, 408, 16487, 17037, 17589, 18139
1144 8 -1
8295, 2936, 984, 2212, 253, 16589, 17316, 18044, 18771
1160 8 -1
8333, 3435, 1988, 1836, 1120, 16666, 17899, 19133, 20366
1176 8 -1
8357, 2200, 13, 2404, 548, 16714, 17083, 17453, 17822
1192 8 -1
8386, 2348, 649, 1939, 1176, 16772, 17239, 17708, 18175
1208 8 -1
8430, 2188, 860, 3250, 1174, 16859, 17546, 18235, 18922
1224 8 -1
8478, 2227, 1314, 3131, 952, 16956, 17588, 18222, 18854
1240 8 -1
8526, 3421, 1405, 2845, 1308, 17051, 17387, 17724, 18060
1256 8 -1
8568, 2077, 207, 2107, 1889, 17135, 17990, 18847, 19702
1272 8 -1
8607, 2760, 1373, 4052, 312, 17213, 18389, 19566, 20742
1288 8 -1
8679, 1642, 1040, 3192, 1495, 17357, 18359, 19362, 20364
1304 8 -1
8727, 3366, 2092, 2900, 394, 17453, 18534, 19617, 20698
1320 8 -1
8778, 3801, 321, 2243, 736, 17555, 18541, 19528, 20514
1336 8 -1
8836, 2888, 1854, 9999, 58, 17671, 22124, 26578, 31031
1352 8 -1
8878, 3440, 990, 2996, 1232, 17755, 18097, 18441, 18783
1368 8 -1
8917, 2647, 572, 3561, 1416, 17833, 18711, 19591, 20469
1384 8 -1
8951, 2912, 831, 3693, 1296, 17902, 18524, 19148, 19770
1400 8 -1
8986, 2463, 1166, 2900, 595, 17972, 18475, 18980, 19483
1416 8 -1
9033, 3266, 499, 3151, 1012, 18065, 18378, 18693, 19006
1432 8 -1
9077, 2341, 1298, 2344, 420, 18154, 18594, 19035, 19475
1448 8 -1
9107, 2894, 714, 2298, 1021, 18214, 18665, 19117, 19568
1464 8 -1
9146, 2547, 1240, 2175, 1197, 18291, 18498, 18706, 18913
1480 8 -1
9189, 3173, 703, 2983, 2058, 18377, 19149, 19922, 20694
1496 8 -1
9222, 2000, 569, 2835, 684, 18443, 18917, 19393, 19867
1512 8 -1
9275, 3126, 227, 2384, 299, 18549, 18955, 19363, 19769
1528 8 -1
9331, 2524, 1083, 2376, 362, 18662, 19096, 19531, 19965
1544 8 -1
9375, 3301, 870, 9999, 4885, 18750, 24106, 29463, 34819
1560 8 -1
9417, 3150, 1431, 3902, 1364, 18834, 19243, 19653, 20062
1576 8 -1
9466, 2316, 1152, 3672, 525, 18931, 19922, 20914, 21905
1592 8 -1
9501, 3001, 1460, 3135, 564, 19002, 19516, 20032, 20546
1608 8 -1
9542, 2980, 1004, 2703, 1228, 19084, 19334, 19585, 19835
1624 8 -1
9593, 2532, 678, 2497, 1410, 19186, 19569, 19953, 20336
1640 8 -1
9652, 2542, 885, 4172, 993, 19304, 20172, 21042, 21910
1656 8 -1
9700, 2430, 550, 3273, 748, 19399, 19919, 20440, 20960
1672 8 -1
9763, 3482, 1377, 2979, 1786, 19526, 19981, 20438, 20893
1688 8 -1
9787, 1914, 2267, 2509, 1769, 19574, 20120, 20667, 21213
1704 8 -1
9835, 2515, 638, 2512, 493, 19669, 19742, 19817, 19890
1720 8 -1
9868, 3240, 1360, 3597, 791, 19736, 20198, 20662, 21124
1736 8 -1
9913, 3389, 1259, 2872, 2201, 19826, 20555, 21285, 22014
1752 8 -1
9954, 2158, 1367, 9999, 9339, 19907, 27813, 35720, 43626
1768 8 -1
10000, 1821, 982, 2389, 1212, 20000, 20398, 20798, 21196
1784 8 -1
10042, 2347, 669, 3079, 1686, 20083, 20957, 21832, 22706
1800 8 -1
10097, 2351, 249, 3304, 1411, 20194, 21251, 22309, 23366
1816 8 -1
10130, 2947, 203, 2606, 1152, 20260, 20904, 21550, 22194
1832 8 -1
10156, 3463, 909, 2652, 893, 20312, 20725, 21139, 21552
1848 8 -1
10209, 2843, 516, 2125, 1037, 20418, 21037, 21657, 22276
1864 8 -1
10232, 3323, 829, 3202, 901, 20463, 20559, 20656, 20752
1880 8 -1
10279, 2604, 1606, 2540, 1803, 20558, 20688, 20819, 20949
1896 8 -1
10319, 2736, 707, 2889, 1281, 20637, 21000, 21364, 21727
1912 8 -1
10361, 2259, 381, 2299, 1416, 20722, 21259, 21797, 22334
1928 8 -1
10410, 3070, 970, 3882, 1444, 20820, 21462, 22106, 22748
1944 8 -1
10438, 2832, 1806, 2922, 1071, 20876, 21288, 21701, 22113
1960 8 -1
10472, 2729, 1492, 2049, 702, 20944, 21678, 22414, 23148
1976 8 -1
10509, 3218, 717, 4128, 1595, 21017, 21910, 22805, 23698
1992 8 -1
10544, 2499, 1327, 2168, 885, 21088, 21474, 21861, 22247
2008 8 -1
10571, 2692, 450, 2580, 1439, 21141, 21691, 22242, 22792
2024 8 -1
10597, 2966, 1061, 826, 479, 21193, 22553, 23915, 25275
2040 8 -1
10630, 2150, 1609, 3287, 1203, 21260, 22031, 22803, 23574
2056 8 -1
10650, 4107, 692, 2113, 1448, 21300, 22674, 24050, 25424
2072 8 -1
10676, 2803, 1239, 2771, 1416, 21351, 21455, 21560, 21664
2088 8 -1
10697, 2760, 930, 2759, 1279, 21394, 21568, 21744, 21918
2104 8 -1
10739, 3138, 382, 2354, 1305, 21478, 22331, 23185, 24038
2120 8 -1
10764, 2635, 1151, 2809, 1238, 21527, 21657, 21788, 21918
2136 8 -1
10790, 2420, 690, 3277, 1829, 21580, 22577, 23576, 24573
2152 8 -1
10837, 2451, 1306, 2261, 1208, 21674, 21817, 21962, 22105
2168 8 -1
10884, 2970, 2189, 2791, 738, 21767, 22581, 23397, 24211
2184 8 -1
10911, 3738, 1019, 2569, 1346, 21822, 22569, 23318, 24065
2200 8 -1
10964, 1670, 666, 3441, 821, 21928, 22890, 23854, 24816
2216 8 -1
10981, 3262, 1079, 2144, 866, 21961, 22626, 23292, 23957
2232 8 -1
11019, 2393, 730, 3305, 670, 22038, 22523, 23010, 23495
2248 8 -1
11049, 2784, 1528, 2026, 1650, 22098, 22537, 22978, 23417
2264 8 -1
11093, 3297, 1436, 1370, 7682, 22186, 26272, 30359, 34445
2280 8 -1
11124, 2541, 1606, 3246, 427, 22248, 23189, 24132, 25073
2296 8 -1
11153, 3194, 1612, 3110, 1765, 22305, 22423, 22542, 22660
2312 8 -1
11181, 3771, 333, 2172, 453, 22362, 23221, 24081, 24940
2328 8 -1
11223, 2720, 1223, 3022, 1175, 22446, 22620, 22796, 22970
2344 8 -1
11244, 2864, 818, 2468, 1281, 22488, 22917, 23347, 23776
2360 8 -1
11275, 2070, 369, 3026, 1070, 22549, 23377, 24206, 25034
2376 8 -1
11312, 2882, 685, 2826, 584, 22623, 22701, 22780, 22858
2392 8 -1
11350, 2598, 994, 2209, 1518, 22700, 23156, 23613, 24069
2408 8 -1
11375, 3265, 1528, 2647, 892, 22749, 23375, 24003, 24629
2424 8 -1
11412, 2718, 1436, 3234, 1259, 22823, 23169, 23516, 23862
2440 8 -1
11443, 2762, 836, 2589, 2012, 22886, 23560, 24235, 24909
2456 8 -1
11471, 1449, 837, 2880, 1505, 22941, 23990, 25040, 26089
2472 8 -1
11503, 3041, 990, 2953, 67, 23005, 23510, 24016, 24521
2488 8 -1
11546, 2151, 926, 2826, 1360, 23091, 23645, 24200, 24754
2504 8 -1
11567, 3284, 1344, 3493, 1753, 23133, 23441, 23751, 24059
2520 8 -1
11607, 2192, 1328, 3661, 1388, 23213, 23977, 24742, 25506
2536 8 -1
11631, 2513, 1359, 3757, 1513, 23261, 23959, 24659, 25357
2552 8 -1
11659, 2533, 1202, 2631, 2242, 23317, 23885, 24455, 25023
2568 8 -1
11691, 1198, 1201, 3681, 1989, 23381, 25016, 26652, 28287
2584 8 -1
11717, 3184, 703, 2909, 871, 23433, 23654, 23876, 24097
2600 8 -1
11753, 2522, 1918, 2170, 982, 23506, 24149, 24794, 25437
2616 8 -1
11784, 3728, 265, 3236, 1840, 23568, 24601, 25635, 26668
2632 8 -1
11816, 3801, 1455, 3016, 1312, 23631, 24094, 24559, 25022
2648 8 -1
11840, 2660, 1380, 3067, 653, 23679, 24245, 24813, 25379
2664 8 -1
11883, 3122, 1069, 2840, 1381, 23766, 24062, 24360, 24656
2680 8 -1
11910, 3011, 1352, 3835, 1150, 23820, 24332, 24846, 25358
2696 8 -1
11953, 3417, 323, 1589, 1041, 23906, 25178, 26452, 27724
2712 8 -1
11972, 3106, 730, 3028, 541, 23943, 24076, 24210, 24343
2728 8 -1
12001, 2233, 443, 1990, 956, 24002, 24379, 24758, 25135
2744 8 -1
12043, 1372, 1528, 2733, 964, 24085, 25047, 26010, 26972
2760 8 -1
12074, 3082, 904, 3402, 654, 24147, 24431, 24717, 25001
2776 8 -1
12099, 2584, 195, 2525, 1155, 24197, 24706, 25216, 25725
2792 8 -1
12137, 2633, 686, 3106, 2101, 24274, 25217, 26162, 27105
2808 8 -1
12154, 2887, 1474, 2692, 635, 24308, 24824, 25342, 25858
2824 8 -1
12188, 2936, 857, 2826, 1458, 24375, 24730, 25086, 25441
2840 8 -1
12213, 2985, 1442, 2692, 1498, 24426, 24600, 24775, 24949
2856 8 -1
12241, 3429, 487, 3291, 1489, 24482, 25051, 25622, 26191
2872 8 -1
12271, 3113, 839, 3628, 303, 24541, 25066, 25592, 26117
2888 8 -1
12310, 1726, 1420, 2525, 1329, 24619, 25063, 25509, 25953
2904 8 -1
12329, 3086, 1573, 3650, 1381, 24658, 25035, 25414, 25791
2920 8 -1
12355, 2722, 1635, 2657, 1974, 24710, 24911, 25114, 25315
2936 8 -1
12379, 2744, 1457, 2753, 1364, 24758, 24808, 24860, 24910
2952 8 -1
12399, 2337, 1735, 885, 7842, 24798, 28577, 32357, 36136
2968 8 -1
12423, 2994, 1762, 3076, 975, 24845, 25279, 25714, 26148
2984 8 -1
12458, 1752, 1128, 2814, 10, 24916, 26005, 27096, 28185
3000 8 -1
12485, 3403, 985, 2618, 667, 24969, 25520, 26072, 26623
3016 8 -1
12508, 2238, 190, 3521, 878, 25016, 26001, 26987, 27972
3032 8 -1
12534, 3856, 1569, 2531, 391, 25068, 26319, 27571, 28822
3048 8 -1
12557, 3009, 1207, 4040, 856, 25113, 25803, 26495, 27185
3064 8 -1
12578, 2856, 1389, 2199, 1033, 25156, 25662, 26169, 26675
3080 8 -1
12602, 3199, 1152, 3330, 711, 25203, 25488, 25775, 26060
3096 8 -1
12633, 2409, 734, 2757, 1508, 25265, 25825, 26387, 26947
3112 8 -1
12668, 2427, 1069, 2229, 746, 25336, 25596, 25857, 26117
3128 8 -1
12695, 4184, 1136, 3185, 1236, 25389, 25938, 26488, 27037
3144 8 -1
12728, 2539, 1125, 2794, 1128, 25455, 25583, 25713, 25841
3160 8 -1
12749, 3275, 425, 3286, 564, 25497, 25571, 25647, 25721
3176 8 -1
12775, 2276, 694, 3604, 1567, 25550, 26650, 27751, 28851
3192 8 -1
12795, 2987, 1951, 2632, 1875, 25589, 25804, 26020, 26235
3208 8 -1
12820, 2888, 1030, 2937, 996, 25640, 25681, 25723, 25764
3224 8 -1
12834, 3100, 1209, 3281, 2038, 25667, 26171, 26677, 27181
3240 8 -1
12860, 2524, 842, 1875, 1727, 25720, 26486, 27254, 28020
3256 8 -1
12884, 2917, 1071, 3063, 992, 25768, 25880, 25993, 26105
3272 8 -1
12904, 2865, 1016, 2236, 1309, 25807, 26267, 26729, 27189
3288 8 -1
12929, 3086, 1084, 3029, 922, 25858, 25967, 26077, 26186
3304 8 -1
12952, 3145, 1226, 2465, 441, 25903, 26635, 27368, 28100
3320 8 -1
12977, 3278, 835, 1996, 1887, 25954, 27120, 28288, 29454
3336 8 -1
13008, 2250, 776, 2718, 2413, 26016, 27068, 28121, 29173
3352 8 -1
13028, 3518, 893, 3129, 1992, 26056, 26799, 27544, 28287
3368 8 -1
13056, 3382, 1522, 2350, 1388, 26111, 26693, 27277, 27859
3384 8 -1
13079, 2643, 920, 9999, 538, 26158, 30026, 33896, 37764
3400 8 -1
13101, 3811, 1475, 2609, 1262, 26201, 26908, 27616, 28323
3416 8 -1
13135, 2794, 1160, 3345, 640, 26270, 26805, 27341, 27876
3432 8 -1
13152, 2441, 1215, 2773, 172, 26304, 26991, 27679, 28366
3448 8 -1
13176, 2442, 1178, 2708, 1052, 26352, 26547, 26744, 26939
3464 8 -1
13198, 3080, 422, 3271, 1198, 26396, 26879, 27363, 27846
3480 8 -1
13226, 3464, 1899, 2889, 667, 26452, 27355, 28259, 29162
3496 8 -1
13271, 2675, 1635, 2790, 1346, 26542, 26743, 26946, 27147
3512 8 -1
13306, 3026, 1848, 2795, 558, 26612, 27372, 28133, 28893
3528 8 -1
13337, 2642, 472, 2441, 1515, 26674, 27295, 27918, 28539
3544 8 -1
13365, 3019, 263, 3308, 437, 26730, 26961, 27193, 27424
3560 8 -1
13384, 3013, 1612, 2241, 1311, 26767, 27303, 27840, 28376
3576 8 -1
13411, 2267, 794, 2316, 402, 26821, 27041, 27262, 27482
3592 8 -1
13432, 2968, 1287, 2138, 768, 26864, 27538, 28213, 28887
3608 8 -1
13461, 2674, 953, 2983, 339, 26922, 27383, 27845, 28306
3624 8 -1
13488, 1669, 820, 1442, 259, 26975, 27368, 27763, 28156
3640 8 -1
13508, 2984, 457, 3220, 390, 27016, 27167, 27319, 27470
3656 8 -1
13530, 3143, 1353, 2940, 224, 27060, 27725, 28392, 29057
3672 8 -1
13558, 3243, 647, 2638, 1141, 27115, 27664, 28214, 28763
3688 8 -1
13590, 2076, 1013, 2819, 1374, 27179, 27730, 28283, 28834
3704 8 -1
13613, 2998, 1441, 2337, 731, 27226, 27911, 28597, 29282
3720 8 -1
13636, 1928, 1182, 2756, 853, 27271, 27849, 28428, 29006
3736 8 -1
13665, 3262, 1235, 2962, 415, 27329, 27888, 28449, 29008
3752 8 -1
13689, 2763, 1515, 9999, 8736, 27378, 34606, 41835, 49063
3768 8 -1
13720, 2610, 748, 2288, 963, 27439, 27707, 27976, 28244
3784 8 -1
13745, 2322, 1756, 2970, 680, 27490, 28351, 29214, 30075
3800 8 -1
13780, 2305, 1083, 1964, 482, 27560, 28030, 28502, 28972
3816 8 -1
13808, 2895, 652, 2669, 756, 27616, 27780, 27946, 28110
3832 8 -1
13838, 2846, 340, 3449, 1505, 27676, 28559, 29444, 30327
3848 8 -1
13868, 2411, 964, 3236, 635, 27735, 28311, 28889, 29465
3864 8 -1
13889, 2587, 371, 2887, 1343, 27777, 28412, 29049, 29684
3880 8 -1
13922, 3070, 1164, 3486, 2335, 27843, 28636, 29430, 30223
3896 8 -1
13942, 2168, 1037, 2845, 870, 27884, 28305, 28728, 29149
3912 8 -1
13964, 1946, 883, 2418, 963, 27927, 28202, 28479, 28754
3928 8 -1
14006, 2926, 1494, 3107, 547, 28012, 28575, 29140, 29703
3944 8 -1
14031, 1797, 1278, 2307, 1774, 28061, 28563, 29067, 29569
3960 8 -1
14068, 2626, 1304, 2227, 1492, 28136, 28429, 28723, 29016
3976 8 -1
14097, 2949, 2070, 2920, 1165, 28194, 28660, 29128, 29594
3992 8 -1
14130, 2599, 2566, 2098, 1268, 28259, 29158, 30058, 30957
4008 8 -1
14158, 2747, 1526, 3249, 1686, 28316, 28646, 28978, 29308
4024 8 -1
14188, 3267, 1938, 2821, 1413, 28375, 28860, 29346, 29831
4040 8 -1
14213, 1631, 1176, 3159, 856, 28426, 29349, 30274, 31197
4056 8 -1
14232, 2913, 687, 2261, 1149, 28464, 29020, 29578, 30134
4072 8 -1
14259, 2586, 960, 1780, 603, 28518, 29099, 29681, 30262
4088 8 -1
14283, 3061, 1451, 3351, 425, 28565, 29222, 29881, 30538
4104 8 -1
14306, 2645, 1341, 2743, 2183, 28611, 29080, 29551, 30020
4120 8 -1
14320, 3182, 1242, 2045, 818, 28640, 29420, 30201, 30981
4136 8 -1
14345, 2227, 1538, 2192, 1320, 28690, 28816, 28943, 29069
4152 8 -1
14361, 2665, 743, 3255, 1281, 28721, 29284, 29849, 30412
4168 8 -1
14372, 1910, 180, 2920, 1105, 28744, 29711, 30679, 31646
4184 8 -1
14403, 2897, 804, 2628, 1490, 28805, 29282, 29760, 30237
4200 8 -1
14420, 2644, 1307, 2591, 1880, 28840, 29152, 29466, 29778
4216 8 -1
14444, 2860, 819, 2421, 2255, 28888, 29825, 30763, 31700
4232 8 -1
14459, 2975, 1359, 2432, 787, 28918, 29475, 30033, 30590
4248 8 -1
14480, 2462, 180, 1879, 436, 28960, 29379, 29799, 30218
4264 8 -1
14505, 1821, 976, 465, 7800, 29010, 33099, 37190, 41279
4280 8 -1
14527, 2542, 567, 4572, 1655, 29053, 30611, 32171, 33729
4296 8 -1
14540, 3262, 944, 3542, 1842, 29079, 29667, 30257, 30845
4312 8 -1
14574, 3254, 1537, 3691, 876, 29148, 29696, 30246, 30794
4328 8 -1
14602, 2491, 570, 2651, 1074, 29203, 29534, 29867, 30198
4344 8 -1
14627, 2205, 1413, 2205, 964, 29254, 29478, 29703, 29927
4360 8 -1
14651, 1972, 927, 3231, 1495, 29301, 30214, 31128, 32041
4376 8 -1
14672, 2001, 487, 3191, 813, 29344, 30101, 30860, 31617
4392 8 -1
14688, 2485, 1077, 2739, 1280, 29375, 29603, 29832, 30060
4408 8 -1
14709, 3398, 1247, 2679, 1389, 29418, 29848, 30279, 30709
4424 8 -1
14736, 2982, 1947, 3390, 1268, 29471, 30014, 30558, 31101
4440 8 -1
14757, 3013, 1023, 1982, 1108, 29513, 30070, 30629, 31186
4456 8 -1
14786, 2652, 1477, 9999, 498, 29572, 33734, 37898, 42060
4472 8 -1
14807, 2181, 247, 3058, 536, 29614, 30196, 30780, 31362
4488 8 -1
14836, 2512, 1117, 2327, 1239, 29672, 29825, 29979, 30132
4504 8 -1
14864, 2644, 674, 9999, 2396, 29728, 34266, 38805, 43343
4520 8 -1
14898, 2560, 1621, 2783, 1070, 29796, 30182, 30570, 30956
4536 8 -1
14917, 2587, 697, 2745, 875, 29834, 30001, 30170, 30337
4552 8 -1
14944, 3089, 590, 2367, 895, 29887, 30400, 30914, 31427
4568 8 -1
14972, 3101, 1073, 2578, 8, 29943, 30736, 31531, 32324
4584 8 -1
14991, 2689, 728, 2793, 921, 29981, 30129, 30278, 30426
4600 8 -1
15013, 2801, 1362, 2225, 1398, 30025, 30330, 30637, 30942
4616 8 -1
15038, 2068, 808, 3247, 1230, 30075, 30875, 31676, 32476
4632 8 -1
15049, 2730, 1047, 2804, 362, 30098, 30477, 30857, 31236
4648 8 -1
15079, 3000, 1058, 3437, 1210, 30158, 30452, 30747, 31041
4664 8 -1
15097, 2906, 1209, 2222, 95, 30194, 31092, 31992, 32890
4680 8 -1
15124, 2213, 839, 2828, 820, 30247, 30563, 30881, 31197
4696 8 -1
15138, 2275, 1692, 2911, 1278, 30276, 30800, 31326, 31850
4712 8 -1
15168, 2106, 939, 2831, 1521, 30336, 30989, 31643, 32296
4728 8 -1
15191, 3943, 63, 2922, 1363, 30382, 31542, 32703, 33863
4744 8 -1
15208, 3499, 1104, 3162, 607, 30415, 30831, 31249, 31665
4760 8 -1
15235, 2545, 777, 2724, 839, 30469, 30589, 30710, 30830
4776 8 -1
15254, 2073, 1747, 3122, 1656, 30508, 31077, 31648, 32217
4792 8 -1
15277, 3415, 807, 3490, 811, 30553, 30592, 30632, 30671
4808 8 -1
15288, 1985, 514, 3068, 1195, 30576, 31457, 32340, 33221
4824 8 -1
15309, 2552, 752, 3985, 698, 30618, 31361, 32105, 32848
4840 8 -1
15332, 2726, 210, 2112, 2205, 30664, 31968, 33273, 34577
4856 8 -1
15357, 3753, 940, 1957, 990, 30714, 31636, 32560, 33482
4872 8 -1
15378, 2203, 1842, 2952, 662, 30755, 31719, 32684, 33648
4888 8 -1
15398, 3691, 1092, 2850, 397, 30795, 31562, 32331, 33098
4904 8 -1
15416, 2687, 533, 3113, 1138, 30831, 31346, 31862, 32377
4920 8 -1
15430, 2475, 1840, 9999, 9042, 30860, 38222, 45586, 52948
4936 8 -1
15456, 2727, 675, 2341, 1037, 30912, 31285, 31660, 32033
4952 8 -1
15490, 3644, 884, 2950, 766, 30979, 31384, 31791, 32196
4968 8 -1
15513, 3316, 786, 526, 9457, 31026, 36756, 42487, 48217
4984 8 -1
15545, 2857, 656, 2765, 394, 31090, 31266, 31444, 31620
5000 8 -1
15564, 2647, 1411, 3572, 158, 31127, 32215, 33305, 34393
5016 8 -1
15582, 2256, 1296, 2148, 1392, 31163, 31264, 31367, 31468
5032 8 -1
15601, 3519, 1263, 3487, 886, 31201, 31405, 31610, 31814
5048 8 -1
15624, 1874, 487, 2299, 1353, 31247, 31892, 32538, 33183
5064 8 -1
15657, 2712, 578, 2559, 42, 31314, 31658, 32003, 32347
5080 8 -1
15683, 3043, 800, 3041, 1493, 31365, 31712, 32060, 32407
5096 8 -1
15698, 3114, 497, 2519, 792, 31395, 31839, 32285, 32729
5112 8 -1
15723, 2703, 1069, 2432, 1182, 31445, 31636, 31829, 32020
5128 8 -1
15742, 2728, 1425, 2858, 922, 31484, 31800, 32117, 32433
5144 8 -1
15764, 3461, 1047, 2804, 865, 31528, 31947, 32367, 32786
5160 8 -1
15783, 2850, 1416, 3661, 1766, 31566, 32146, 32727, 33307
5176 8 -1
15800, 3065, 1647, 2361, 806, 31599, 32371, 33144, 33916
5192 8 -1
15819, 3060, 317, 3115, 6, 31637, 31819, 32003, 32185
5208 8 -1
15854, 2612, 114, 3310, 953, 31707, 32475, 33244, 34012
5224 8 -1
15876, 3097, 1035, 2488, 846, 31752, 32150, 32550, 32948
5240 8 -1
15899, 2611, 562, 2942, 1400, 31797, 32381, 32966, 33550
5256 8 -1
15926, 2842, 1015, 9999, 7496, 31852, 38670, 45490, 52308
5272 8 -1
15948, 3172, 951, 3415, 540, 31896, 32222, 32550, 32876
5288 8 -1
15966, 2221, 862, 3266, 1137, 31931, 32590, 33251, 33910
5304 8 -1
15985, 2712, 547, 2137, 1422, 31970, 32694, 33420, 34144
5320 8 -1
16009, 1710, 1262, 2177, 490, 32017, 32636, 33256, 33875
5336 8 -1
16041, 2095, 1215, 2237, 1037, 32081, 32240, 32401, 32560
5352 8 -1
16058, 2817, 476, 9999, 3893, 32116, 37415, 42715, 48014
5368 8 -1
16081, 2598, 1049, 2852, 1444, 32161, 32485, 32810, 33134
5384 8 -1
16102, 2196, 350, 2329, 1081, 32204, 32635, 33068, 33499
5400 8 -1
16124, 2427, 1553, 2923, 570, 32248, 32987, 33727, 34466
5416 8 -1
16147, 2599, 843, 2596, 535, 32293, 32448, 32604, 32759
5432 8 -1
16169, 2529, 1688, 2515, 720, 32338, 32828, 33320, 33810
5448 8 -1
16194, 3148, 1873, 2014, 596, 32388, 33593, 34799, 36004
5464 8 -1
16228, 2568, 108, 2969, 1394, 32455, 33298, 34142, 34985
5480 8 -1
16246, 3645, 763, 2711, 645, 32491, 33016, 33543, 34068
5496 8 -1
16269, 2560, 1352, 2867, 1913, 32537, 32970, 33405, 33838
5512 8 -1
16291, 1851, 752, 2778, 101, 32582, 33370, 34160, 34948
5528 8 -1
16307, 2002, 19, 2184, 730, 32614, 33060, 33507, 33953
5544 8 -1
16333, 2277, 1123, 182, 439, 32666, 34055, 35445, 36834
5560 8 -1
16359, 2444, 609, 2306, 1050, 32718, 33007, 33297, 33586
5576 8 -1
16376, 2571, 2307, 2199, 1946, 32751, 33117, 33484, 33850
5592 8 -1
16395, 3350, 1321, 2162, 687, 32789, 33699, 34611, 35521
5608 8 -1
16406, 2852, 183, 78, 67, 32811, 34255, 35701, 37145
5624 8 -1
16420, 3087, 266, 2303, 200, 32840, 33264, 33690, 34114
5640 8 -1
16440, 3321, 794, 1742, 760, 32879, 33685, 34492, 35298
5656 8 -1
16477, 1883, 1446, 4071, 306, 32953, 34616, 36281, 37944
5672 8 -1
16496, 2196, 1132, 3094, 1186, 32992, 33467, 33944, 34419
5688 8 -1
16527, 2878, 1349, 2686, 1116, 33054, 33266, 33479, 33691
5704 8 -1
16550, 2771, 973, 2916, 1563, 33099, 33466, 33834, 34201
5720 8 -1
16563, 3146, 489, 2532, 1093, 33126, 33734, 34344, 34952
5736 8 -1
16584, 2475, 285, 2605, 974, 33168, 33577, 33987, 34396
5752 8 -1
16601, 2798, 1307, 2527, 919, 33202, 33531, 33861, 34190
5768 8 -1
16622, 3140, 1562, 2596, 485, 33243, 34053, 34864, 35674
5784 8 -1
16642, 2979, 1353, 2272, 1364, 33283, 33641, 34001, 34359
5800 8 -1
16657, 2227, 1617, 3295, 1058, 33314, 34127, 34941, 35754
5816 8 -1
16676, 2531, 1321, 2699, 859, 33352, 33666, 33982, 34296
5832 8 -1
16697, 2534, 1719, 2613, 1072, 33393, 33755, 34119, 34481
5848 8 -1
16720, 2956, 657, 3459, 1040, 33440, 33882, 34326, 34768
5864 8 -1
16741, 2308, 1394, 2990, 1408, 33481, 33828, 34177, 34524
5880 8 -1
16763, 2879, 97, 2611, 2170, 33525, 34695, 35866, 37036
5896 8 -1
16780, 2973, 1149, 2722, 428, 33559, 34044, 34531, 35016
5912 8 -1
16805, 2790, 1146, 3161, 329, 33610, 34203, 34798, 35391
5928 8 -1
16820, 2060, 1426, 3696, 927, 33640, 34707, 35775, 36842
5944 8 -1
16839, 2179, 1233, 3588, 593, 33678, 34702, 35727, 36751
5960 8 -1
16862, 3730, 681, 2785, 563, 33724, 34255, 34787, 35318
5976 8 -1
16889, 2691, 327, 2750, 1732, 33777, 34508, 35241, 35972
5992 8 -1
16906, 3596, 787, 2794, 1318, 33812, 34478, 35145, 35811
6008 8 -1
16933, 2720, 1441, 2910, 468, 33866, 34447, 35029, 35610
6024 8 -1
16964, 2980, 738, 2443, 1237, 33927, 34444, 34963, 35480
6040 8 -1
16982, 2730, 1239, 2900, 532, 33963, 34401, 34840, 35278
6056 8 -1
16996, 1963, 1646, 2951, 794, 33991, 34910, 35831, 36750
6072 8 -1
17011, 4571, 922, 2453, 1168, 34022, 35203, 36386, 37567
6088 8 -1
17029, 2712, 1140, 2117, 609, 34057, 34619, 35183, 35745
6104 8 -1
17047, 2875, 1721, 2347, 1312, 34093, 34561, 35030, 35498
6120 8 -1
17075, 3041, 605, 3419, 1204, 34150, 34638, 35127, 35615
6136 8 -1
17101, 3116, 1210, 3043, 793, 34202, 34446, 34692, 34936
6152 8 -1
17122, 3759, 424, 3193, 1090, 34243, 34858, 35475, 36090
6168 8 -1
17142, 2681, 782, 3124, 746, 34283, 34522, 34762, 35001
6184 8 -1
17163, 2419, 1432, 2545, 1122, 34325, 34542, 34761, 34978
6200 8 -1
17183, 2631, 1279, 2954, 1095, 34366, 34619, 34873, 35126
6216 8 -1
17210, 2613, 2132, 9999, 2318, 34419, 38204, 41991, 45776
6232 8 -1
17227, 2670, 1392, 2221, 1823, 34454, 34893, 35334, 35773
6248 8 -1
17261, 1595, 1387, 3779, 1193, 34522, 35710, 36900, 38088
6264 8 -1
17278, 1783, 1288, 2831, 2528, 34556, 35699, 36844, 37987
6280 8 -1
17295, 2797, 803, 2672, 995, 34589, 34747, 34906, 35064
6296 8 -1
17313, 3527, 1405, 2631, 1997, 34625, 35368, 36113, 36856
6312 8 -1
17341, 3494, 777, 3090, 1053, 34681, 35020, 35361, 35700
6328 8 -1
17367, 2901, 496, 2739, 1943, 34734, 35538, 36343, 37147
6344 8 -1
17382, 2305, 146, 3886, 1034, 34764, 35998, 37233, 38467
6360 8 -1
17395, 3215, 696, 9999, 7619, 34789, 41642, 48496, 55349
6376 8 -1
17419, 3412, 1161, 9999, 3351, 34838, 39226, 43615, 48003
6392 8 -1
17438, 2921, 1360, 3061, 127, 34876, 35562, 36249, 36935
6408 8 -1
17466, 1970, 474, 3116, 745, 34932, 35640, 36349, 37057
6424 8 -1
17480, 2519, 1853, 3413, 821, 34959, 35921, 36885, 37847
6440 8 -1
17501, 2617, 1349, 2614, 1932, 35001, 35293, 35587, 35879
6456 8 -1
17528, 2856, 405, 2226, 396, 35056, 35375, 35695, 36014
6472 8 -1
17555, 2682, 887, 2628, 1357, 35110, 35371, 35634, 35895
6488 8 -1
17580, 2531, 919, 3305, 1548, 35160, 35861, 36563, 37264
6504 8 -1
17592, 3385, 465, 2436, 1193, 35184, 36022, 36861, 37699
6520 8 -1
17617, 2890, 759, 2689, 1725, 35234, 35817, 36401, 36984
6536 8 -1
17637, 2926, 1543, 1752, 1645, 35273, 35910, 36549, 37186
6552 8 -1
17664, 3212, 838, 2629, 73, 35328, 36001, 36676, 37349
6568 8 -1
17687, 3298, 1384, 2768, 881, 35374, 35890, 36407, 36923
6584 8 -1
17712, 4178, 315, 1766, 1229, 35424, 37086, 38750, 40412
6600 8 -1
17730, 3109, 1295, 3340, 545, 35459, 35949, 36440, 36930
6616 8 -1
17756, 3299, 1128, 2241, 1163, 35512, 36058, 36605, 37151
6632 8 -1
17774, 1846, 1582, 1883, 519, 35547, 36096, 36647, 37196
6648 8 -1
17795, 1934, 1058, 3002, 1429, 35589, 36308, 37028, 37747
6664 8 -1
17807, 2370, 2189, 2892, 1262, 35613, 36337, 37062, 37786
6680 8 -1
17821, 2834, 558, 2957, 1620, 35642, 36234, 36827, 37419
6696 8 -1
17848, 2322, 1024, 2747, 400, 35695, 36219, 36744, 37268
6712 8 -1
17867, 2254, 1234, 2803, 313, 35734, 36468, 37204, 37938
6728 8 -1
17886, 3051, 750, 2059, 884, 35771, 36333, 36897, 37459
6744 8 -1
17907, 2978, 1300, 3676, 230, 35814, 36697, 37582, 38465
6760 8 -1
17927, 2276, 592, 2335, 1702, 35853, 36437, 37022, 37606
6776 8 -1
17952, 3085, 1541, 2772, 1403, 35903, 36128, 36354, 36579
6792 8 -1
17980, 3388, 1113, 2821, 630, 35960, 36484, 37010, 37534
6808 8 -1
18005, 2435, 980, 3161, 1098, 36010, 36431, 36854, 37275
6824 8 -1
18033, 2564, 1189, 3872, 1290, 36065, 36769, 37474, 38178
6840 8 -1
18056, 3348, 802, 3091, 128, 36112, 36577, 37043, 37508
6856 8 -1
18079, 3155, 1175, 2505, 1801, 36158, 36795, 37434, 38071
6872 8 -1
18101, 3678, 1003, 2608, 931, 36201, 36771, 37343, 37913
6888 8 -1
18120, 2237, 1401, 3380, 1392, 36239, 36814, 37391, 37966
6904 8 -1
18140, 3220, 1666, 2900, 371, 36279, 37086, 37894, 38701
6920 8 -1
18167, 2399, 2149, 2869, 1325, 36334, 36980, 37628, 38274
6936 8 -1
18189, 2688, 1263, 2593, 583, 36378, 36765, 37153, 37540
6952 8 -1
18208, 1780, 1448, 2620, 549, 36416, 37285, 38155, 39024
6968 8 -1
18232, 3456, 1654, 3115, 959, 36463, 36980, 37499, 38016
6984 8 -1
18265, 2374, 1559, 2524, 669, 36529, 37048, 37569, 38088
7000 8 -1
18280, 3185, 1930, 3397, 2649, 36560, 37025, 37491, 37956
7016 8 -1
18310, 2713, 1123, 2176, 2252, 36620, 37452, 38286, 39118
7032 8 -1
18336, 3276, 1312, 2775, 1374, 36671, 36952, 37234, 37515
7048 8 -1
18356, 3317, 1497, 3597, 1987, 36711, 37095, 37481, 37865
7064 8 -1
18373, 2694, 767, 3088, 1303, 36745, 37209, 37675, 38139
7080 8 -1
18398, 2760, 1632, 2177, 391, 36796, 37707, 38620, 39531
7096 8 -1
18424, 2157, 1477, 3487, 665, 36847, 37917, 38989, 40059
7112 8 -1
18447, 2422, 821, 3114, 517, 36894, 37391, 37890, 38387
7128 8 -1
18464, 3387, 221, 3074, 1728, 36927, 37836, 38747, 39656
7144 8 -1
18486, 2573, 401, 3679, 1187, 36971, 37916, 38863, 39808
7160 8 -1
18518, 2557, 1999, 2896, 526, 37035, 37940, 38847, 39752
7176 8 -1
18538, 2782, 833, 2342, 1511, 37075, 37633, 38193, 38751
7192 8 -1
18563, 2368, 1611, 2647, 1080, 37126, 37530, 37936, 38340
7208 8 -1
18591, 3060, 733, 3894, 646, 37181, 37641, 38102, 38562
7224 8 -1
18624, 2615, 1110, 3233, 1879, 37248, 37941, 38635, 39328
7240 8 -1
18651, 3870, 1421, 3269, 1288, 37301, 37667, 38035, 38401
7256 8 -1
18673, 3057, 746, 3146, 1324, 37346, 37679, 38013, 38346
7272 8 -1
18691, 2368, 670, 1996, 1828, 37382, 38146, 38912, 39676
7288 8 -1
18713, 2835, 956, 3365, 1088, 37425, 37755, 38087, 38417
7304 8 -1
18739, 2450, 728, 3121, 1165, 37478, 38031, 38586, 39139
7320 8 -1
18776, 2579, 1116, 2093, 1218, 37552, 37845, 38140, 38433
7336 8 -1
18791, 2799, 912, 1801, 1113, 37582, 38181, 38781, 39380
7352 8 -1
18806, 2465, 1935, 3108, 1434, 37611, 38182, 38755, 39326
7368 8 -1
18833, 2580, 788, 239, 9896, 37666, 43390, 49115, 54839
7384 8 -1
18854, 2721, 2170, 3110, 1317, 37708, 38328, 38950, 39570
7400 8 -1
18882, 3477, 1038, 1546, 1676, 37763, 39047, 40332, 41616
7416 8 -1
18896, 2953, 1506, 2436, 1043, 37791, 38280, 38771, 39260
7432 8 -1
18919, 2985, 1266, 2374, 1221, 37837, 38164, 38493, 38820
7448 8 -1
18945, 2055, 904, 3377, 2241, 37889, 39218, 40548, 41877
7464 8 -1
18968, 2376, 1303, 3613, 1136, 37935, 38636, 39339, 40040
7480 8 -1
18997, 2628, 924, 3552, 1882, 37993, 38933, 39875, 40815
7496 8 -1
19015, 3199, 517, 2337, 701, 38029, 38551, 39075, 39597
7512 8 -1
19039, 2812, 588, 2803, 967, 38078, 38271, 38466, 38659
7528 8 -1
19070, 2998, 770, 2688, 1718, 38139, 38767, 39397, 40025
7544 8 -1
19093, 2683, 1198, 3174, 1237, 38185, 38449, 38715, 38979
7560 8 -1
19131, 2725, 1003, 3106, 848, 38262, 38529, 38798, 39065
7576 8 -1
19158, 3244, 1051, 2821, 685, 38316, 38710, 39105, 39499
7592 8 -1
19184, 3037, 1043, 2025, 933, 38368, 38928, 39490, 40050
7608 8 -1
19205, 2793, 716, 3488, 617, 38409, 38805, 39203, 39599
7624 8 -1
19229, 3339, 568, 1600, 1046, 38458, 39566, 40675, 41783
7640 8 -1
19249, 3357, 510, 2559, 386, 38498, 38958, 39420, 39880
7656 8 -1
19269, 3257, 1823, 2822, 1187, 38538, 39073, 39609, 40144
7672 8 -1
19285, 3098, 220, 3059, 655, 38569, 38805, 39043, 39279
7688 8 -1
19313, 2622, 836, 2755, 868, 38625, 38707, 38790, 38872
7704 8 -1
19354, 2241, 1043, 2612, 1322, 38708, 39032, 39358, 39682
7720 8 -1
19377, 1019, 218, 3114, 576, 38754, 39980, 41207, 42433
7736 8 -1
19406, 2726, 554, 3807, 800, 38812, 39475, 40139, 40802
7752 8 -1
19419, 2735, 710, 2076, 590, 38838, 39227, 39617, 40006
7768 8 -1
19443, 2376, 2027, 3203, 589, 38886, 40018, 41151, 42283
7784 8 -1
19476, 2449, 1015, 2197, 515, 38952, 39327, 39704, 40079
7800 8 -1
19500, 2964, 939, 9999, 597, 39000, 42688, 46377, 50065
7816 8 -1
19515, 2814, 2547, 2878, 1260, 39029, 39704, 40380, 41055
7832 8 -1
19547, 3859, 1789, 3546, 1146, 39093, 39570, 40049, 40526
7848 8 -1
19569, 2871, 1008, 3509, 1394, 39138, 39649, 40162, 40673
7864 8 -1
19589, 3399, 1280, 2131, 2046, 39177, 40193, 41211, 42227
7880 8 -1
19615, 2277, 979, 3049, 1691, 39230, 39971, 40714, 41455
7896 8 -1
19640, 3248, 1285, 1780, 587, 39280, 40362, 41446, 42528
7912 8 -1
19655, 3026, 885, 2843, 958, 39309, 39436, 39565, 39692
7928 8 -1
19684, 3379, 1287, 3182, 1871, 39367, 39757, 40148, 40538
7944 8 -1
19711, 2719, 1807, 2920, 1454, 39422, 39698, 39976, 40252
7960 8 -1
19731, 2911, 186, 3094, 1827, 39462, 40373, 41286, 42197
7976 8 -1
19774, 2715, 1113, 2997, 1261, 39547, 39761, 39977, 40191
7992 8 -1
19793, 3235, 1352, 3002, 1493, 39586, 39772, 39960, 40146
8008 8 -1
19825, 2883, 1390, 2749, 371, 39650, 40226, 40803, 41379
8024 8 -1
19855, 2290, 382, 954, 779, 39710, 40576, 41443, 42309
8040 8 -1
19879, 2738, 803, 2340, 663, 39757, 40025, 40295, 40563
8056 8 -1
19908, 2348, 2297, 9999, 102, 39816, 44738, 49662, 54584
8072 8 -1
19935, 2377, 1456, 2769, 875, 39870, 40356, 40843, 41329
8088 8 -1
19951, 3089, 1126, 2711, 760, 39901, 40272, 40645, 41016
8104 8 -1
19981, 3079, 909, 2238, 757, 39962, 40458, 40955, 41451
8120 8 -1
20000, 3218, 417, 2820, 942, 39999, 40460, 40922, 41383
8136 8 -1
20038, 2537, 453, 3096, 1391, 40076, 40824, 41573, 42321
8152 8 -1
20067, 2412, 1121, 2715, 943, 40133, 40373, 40614, 40854
8168 8 -1
20096, 2730, 1047, 3111, 1408, 40191, 40561, 40933, 41303
8184 8 -1
20133, 2411, 1446, 2860, 439, 40265, 40992, 41721, 42448
8200 8 -1
20168, 2714, 1522, 2919, 362, 40336, 41018, 41701, 42383
8216 8 -1
20179, 2861, 681, 2402, 712, 40357, 40601, 40847, 41091
8232 8 -1
20206, 2222, 554, 2639, 1215, 40411, 40949, 41489, 42027
8248 8 -1
20243, 3021, 1062, 1832, 1039, 40485, 41090, 41697, 42302
8264 8 -1
20274, 2633, 791, 2931, 1448, 40548, 41025, 41503, 41980
8280 8 -1
20308, 2195, 425, 3035, 98, 40616, 41199, 41783, 42366
8296 8 -1
20333, 2881, 724, 2299, 449, 40666, 41094, 41523, 41951
8312 8 -1
20370, 2692, 548, 2847, 1028, 40739, 41056, 41374, 41691
8328 8 -1
20391, 2168, 1158, 2493, 1257, 40782, 40993, 41206, 41417
8344 8 -1
20417, 3549, 669, 4184, 1679, 40833, 41655, 42478, 43300
8360 8 -1
20451, 3403, 1584, 2748, 1033, 40901, 41503, 42107, 42709
8376 8 -1
20482, 3199, 711, 2660, 700, 40964, 41238, 41514, 41788
8392 8 -1
20507, 2114, 1020, 2529, 235, 41014, 41613, 42214, 42813
8408 8 -1
20526, 1989, 408, 2374, 1427, 41052, 41753, 42456, 43157
8424 8 -1
20550, 3549, 685, 4054, 448, 41099, 41469, 41841, 42211
8440 8 -1
20584, 2531, 1654, 2476, 1312, 41168, 41366, 41565, 41763
8456 8 -1
20612, 3733, 659, 2816, 245, 41223, 41888, 42554, 43219
8472 8 -1
20638, 2905, 164, 2528, 1241, 41275, 42001, 42729, 43455
8488 8 -1
20682, 3092, 1243, 2533, 1199, 41363, 41664, 41966, 42267
8504 8 -1
20709, 2776, 2428, 3367, 809, 41417, 42521, 43627, 44731
8520 8 -1
20750, 1948, 1892, 2656, 1256, 41499, 42170, 42843, 43514
8536 8 -1
20777, 2704, 684, 2293, 1585, 41553, 42208, 42865, 43520
8552 8 -1
20791, 3009, 893, 2146, 1456, 41581, 42293, 43007, 43719
8568 8 -1
20827, 2307, 1252, 2755, 1871, 41654, 42187, 42721, 43254
8584 8 -1
20851, 2935, 256, 1941, 680, 41702, 42410, 43120, 43828
8600 8 -1
20883, 2779, 1261, 3146, 1617, 41765, 42126, 42488, 42849
8616 8 -1
20908, 2274, 1007, 3332, 1295, 41815, 42487, 43161, 43833
8632 8 -1
20946, 2308, 1785, 3204, 1759, 41891, 42351, 42813, 43273
8648 8 -1
20979, 3413, 1910, 3608, 538, 41958, 42741, 43525, 44308
8664 8 -1
21008, 2271, 1384, 2288, 1988, 42016, 42326, 42637, 42947
8680 8 -1
21041, 3609, 2464, 3194, 1051, 42081, 42994, 43909, 44822
8696 8 -1
21067, 2459, 904, 2646, 1109, 42133, 42328, 42525, 42720
8712 8 -1
21109, 3604, 866, 2558, 1682, 42218, 43148, 44080, 45010
8728 8 -1
21127, 2746, 569, 2361, 921, 42253, 42621, 42990, 43358
8744 8 -1
21151, 3036, 384, 2918, 410, 42301, 42372, 42445, 42516
8760 8 -1
21191, 2591, 750, 3226, 328, 42382, 42910, 43439, 43967
8776 8 -1
21210, 2734, 1179, 3354, 651, 42419, 42992, 43567, 44140
8792 8 -1
21238, 2623, 480, 2619, 879, 42475, 42676, 42878, 43079
8808 8 -1
21267, 3694, 1381, 2943, 1540, 42534, 42988, 43444, 43898
8824 8 -1
21294, 2726, 1340, 1786, 1279, 42587, 43087, 43588, 44088
8840 8 -1
21329, 2967, 919, 2582, 1130, 42658, 42955, 43254, 43551
8856 8 -1
21361, 3432, 1367, 2830, 984, 42721, 43213, 43706, 44198
8872 8 -1
21396, 2847, 917, 1895, 881, 42792, 43285, 43780, 44273
8888 8 -1
21435, 2282, 1015, 1920, 1212, 42870, 43149, 43429, 43708
8904 8 -1
21463, 2048, 452, 3540, 1423, 42925, 44156, 45388, 46619
8920 8 -1
21495, 3295, 742, 3363, 601, 42989, 43093, 43198, 43302
8936 8 -1
21530, 3208, 1670, 2757, 249, 43060, 43995, 44932, 45867
8952 8 -1
21566, 2554, 705, 2769, 1177, 43131, 43474, 43818, 44161
8968 8 -1
21605, 3018, 1100, 2757, 367, 43210, 43706, 44204, 44700
8984 8 -1
21637, 3129, 757, 2314, 883, 43274, 43744, 44215, 44685
9000 8 -1
21685, 3357, 833, 2401, 1898, 43370, 44380, 45391, 46401
9016 8 -1
21716, 2900, 713, 3154, 1970, 43431, 44186, 44942, 45697
9032 8 -1
21745, 3040, 1205, 2706, 844, 43489, 43836, 44184, 44531
9048 8 -1
21778, 3324, 1151, 2505, 332, 43556, 44374, 45194, 46012
9064 8 -1
21798, 3508, 360, 2945, 756, 43596, 44075, 44555, 45034
9080 8 -1
21831, 2844, 901, 2772, 553, 43661, 43870, 44081, 44290
9096 8 -1
21869, 2110, 520, 3148, 1879, 43738, 44936, 46135, 47333
9112 8 -1
21895, 2289, 958, 2606, 474, 43789, 44189, 44590, 44990
9128 8 -1
21924, 2346, 934, 2586, 818, 43848, 44025, 44204, 44381
9144 8 -1
21966, 2366, 798, 3118, 649, 43931, 44381, 44832, 45282
9160 8 -1
21990, 3189, 1015, 2808, 1347, 43979, 44335, 44692, 45048
9176 8 -1
22015, 3002, 1538, 2920, 1448, 44030, 44115, 44202, 44287
9192 8 -1
22030, 3776, 1616, 2642, 1464, 44059, 44701, 45345, 45987
9208 8 -1
22083, 3266, 2018, 2388, 1425, 44165, 44900, 45636, 46371
9224 8 -1
22117, 3498, 316, 2706, 521, 44233, 44731, 45230, 45728
9240 8 -1
22161, 2540, 2175, 3926, 480, 44321, 45861, 47402, 48942
9256 8 -1
22200, 2841, 166, 2910, 1599, 44399, 45149, 45901, 46651
9272 8 -1
22235, 3616, 1549, 2342, 293, 44470, 45734, 47000, 48264
9288 8 -1
22266, 3748, 975, 3489, 826, 44532, 44735, 44940, 45143
9304 8 -1
22307, 2856, 486, 2149, 1316, 44614, 45382, 46151, 46919
9320 8 -1
22363, 3029, 1173, 2583, 676, 44725, 45196, 45668, 46139
9336 8 -1
22409, 2913, 804, 3174, 1331, 44818, 45211, 45606, 45999
9352 8 -1
22437, 2774, 1922, 1778, 828, 44873, 45917, 46963, 48007
9368 8 -1
22484, 2609, 1732, 2978, 585, 44967, 45724, 46483, 47240
9384 8 -1
22523, 2352, 763, 3359, 842, 45045, 45587, 46131, 46673
9400 8 -1
22565, 2993, 1168, 2414, 1208, 45130, 45439, 45749, 46058
9416 8 -1
22611, 3001, 1410, 3424, 155, 45222, 46060, 46900, 47738
9432 8 -1
22658, 2743, 1395, 2206, 228, 45316, 46167, 47020, 47871
9448 8 -1
22696, 3283, 630, 2912, 845, 45392, 45684, 45978, 46270
9464 8 -1
22742, 2887, 803, 2670, 888, 45484, 45634, 45786, 45936
9480 8 -1
22799, 2588, 1428, 2989, 1649, 45597, 45907, 46219, 46529
9496 8 -1
22840, 3039, 910, 3412, 1448, 45680, 46135, 46591, 47046
9512 8 -1
22872, 2495, 1346, 2934, 1038, 45744, 46117, 46491, 46864
9528 8 -1
22937, 3465, 1523, 2547, 1260, 45874, 46464, 47055, 47645
9544 8 -1
22974, 2598, 935, 2408, 613, 45947, 46202, 46459, 46714
9560 8 -1
23009, 3105, 847, 3134, 788, 46018, 46061, 46106, 46149
9576 8 -1
23056, 3244, 563, 2385, 1199, 46111, 46858, 47606, 48353
9592 8 -1
23092, 3358, 844, 2583, 799, 46184, 46593, 47004, 47413
9608 8 -1
23152, 2682, 870, 2411, 1737, 46303, 46871, 47441, 48009
9624 8 -1
23211, 3003, 1238, 2643, 923, 46422, 46759, 47097, 47434
9640 8 -1
23241, 2452, 1114, 3595, 64, 46481, 47577, 48674, 49770
9656 8 -1
23295, 2852, 56, 3317, 861, 46589, 47223, 47859, 48493
9672 8 -1
23347, 3518, 1334, 2560, 505, 46694, 47587, 48481, 49374
9688 8 -1
23389, 3558, 1482, 3107, 1588, 46777, 47055, 47334, 47612
9704 8 -1
23453, 2478, 440, 1288, 1325, 46905, 47942, 48980, 50017
9720 8 -1
23510, 3114, 686, 3037, 742, 47019, 47085, 47152, 47218
9736 8 -1
23555, 3071, 709, 2562, 900, 47110, 47459, 47810, 48159
9752 8 -1
23591, 3007, 1353, 2029, 1298, 47181, 47697, 48214, 48730
9768 8 -1
23636, 3598, 960, 3327, 1088, 47271, 47470, 47670, 47869
9784 8 -1
23705, 3320, 944, 2291, 1556, 47409, 48229, 49050, 49870
9800 8 -1
23741, 2195, 507, 2381, 1391, 47482, 48016, 48552, 49086
9816 8 -1
23807, 2703, 560, 2171, 865, 47614, 48032, 48451, 48869
9832 8 -1
23857, 2958, 623, 2180, 773, 47713, 48176, 48641, 49104
9848 8 -1
23896, 2585, 778, 2990, 616, 47792, 48075, 48359, 48642
9864 8 -1
23952, 3608, 779, 2408, 956, 47904, 48592, 49281, 49969
9880 8 -1
24012, 2774, 1629, 1988, 1056, 48023, 48702, 49382, 50061
9896 8 -1
24096, 2904, 412, 2964, 1541, 48191, 48785, 49380, 49974
9912 8 -1
24133, 2900, 1113, 3265, 1937, 48265, 48859, 49454, 50048
9928 8 -1
24217, 1887, 1220, 2719, 1590, 48434, 49034, 49636, 50236
9944 8 -1
24287, 2415, 208, 2903, 770, 48573, 49097, 49623, 50147
9960 8 -1
24366, 2476, 1370, 2948, 1086, 48732, 49109, 49488, 49865
9976 8 -1
24495, 3003, 710, 2372, 440, 48989, 49439, 49890, 50340
9992 8 -1
24639, 2589, 517, 3045, 492, 49278, 49518, 49759, 49999
