10000 10000 50000
1
11 8750 1250
290
1 11 0 35632 5
0
2 11 0 35632 5
0
3 11 0 35632 5
0
4 11 0 35632 5
0
5 11 0 35632 5
0
6 11 0 35632 5
0
7 11 0 35632 5
0
8 11 0 35632 5
0
9 11 0 35632 5
0
10 11 0 35632 5
0
11 11 0 35632 5
0
12 11 0 35632 5
0
13 11 0 35632 5
0
14 11 0 35632 5
0
15 11 0 35632 5
0
16 11 0 35632 5
0
17 11 0 35632 5
0
18 11 0 35632 5
0
19 11 0 35632 5
0
20 11 0 35632 5
0
21 11 0 35632 5
0
22 11 0 35632 5
0
23 11 0 35632 5
0
24 11 0 35632 5
0
25 11 0 35632 5
0
26 11 0 35632 5
0
27 11 0 35632 5
0
28 11 0 35632 5
0
29 11 0 35632 5
0
30 11 0 35632 5
0
31 11 0 35632 5
0
32 11 0 35632 5
0
33 11 0 35632 5
0
34 11 0 35632 5
0
35 11 0 35632 5
0
36 11 0 35632 5
0
37 11 0 35632 5
0
38 11 0 35632 5
0
39 11 0 35632 5
0
40 11 0 35632 5
0
41 11 0 35632 5
0
42 11 0 35632 5
0
43 11 0 35632 5
0
44 11 0 35632 5
0
45 11 0 35632 5
0
46 11 0 35632 5
0
47 11 0 35632 5
0
48 11 0 35632 5
0
49 11 0 35632 5
0
50 11 0 35632 5
0
51 11 0 35632 5
0
52 11 0 35632 5
0
53 11 0 35632 5
0
54 11 0 35632 5
0
55 11 0 35632 5
0
56 11 0 35632 5
0
57 11 0 35632 5
0
58 11 0 35632 5
0
59 11 0 35632 5
0
60 11 0 35632 5
0
61 11 0 35632 5
0
62 11 0 35632 5
0
63 11 0 35632 5
0
64 11 0 35632 5
0
65 11 0 35632 5
0
66 11 0 35632 5
0
67 11 0 35632 5
0
68 11 0 35632 5
0
69 11 0 35632 5
0
70 11 0 35632 5
0
71 11 0 35632 5
0
72 11 0 35632 5
0
73 11 0 35632 5
0
74 11 0 35632 5
0
75 11 0 35632 5
0
76 11 0 35632 5
0
77 11 0 35632 5
0
78 11 0 35632 5
0
79 11 0 35632 5
0
80 11 0 35632 5
0
81 11 0 35632 5
0
82 11 0 35632 5
0
83 11 0 35632 5
0
84 11 0 35632 5
0
85 11 0 35632 5
0
86 11 0 35632 5
0
87 11 0 35632 5
0
88 11 0 35632 5
0
89 11 0 35632 5
0
90 11 0 35632 5
0
91 11 0 35632 5
0
92 11 0 35632 5
0
93 11 0 35632 5
0
94 11 0 35632 5
0
95 11 0 35632 5
0
96 11 0 35632 5
0
97 11 0 35632 5
0
98 11 0 35632 5
0
99 11 0 35632 5
0
100 11 0 35632 5
0
101 11 0 35632 5
0
102 11 0 35632 5
0
103 11 0 35632 5
0
104 11 0 35632 5
0
105 11 0 35632 5
0
106 11 0 35632 5
0
107 11 0 35632 5
0
108 11 0 35632 5
0
109 11 0 35632 5
0
110 11 0 35632 5
0
111 11 0 35632 5
0
112 11 0 35632 5
0
113 11 0 35632 5
0
114 11 0 35632 5
0
115 11 0 35632 5
0
116 11 0 35632 5
0
117 11 0 35632 5
0
118 11 0 35632 5
0
119 11 0 35632 5
0
120 11 0 35632 5
0
121 11 0 35632 5
0
122 11 0 35632 5
0
123 11 0 35632 5
0
124 11 0 35632 5
0
125 11 0 35632 5
0
126 11 0 35632 5
0
127 11 0 35632 5
0
128 11 0 35632 5
0
129 11 0 35632 5
0
130 11 0 35632 5
0
131 11 0 35632 5
0
132 11 0 35632 5
0
133 11 0 35632 5
0
134 11 0 35632 5
0
135 11 0 35632 5
0
136 11 0 35632 5
0
137 11 0 35632 5
0
138 11 0 35632 5
0
139 11 0 35632 5
0
140 11 0 35632 5
0
141 11 0 35632 5
0
142 11 0 35632 5
0
143 11 0 35632 5
0
144 11 0 35632 5
0
145 11 0 35632 5
0
146 11 0 35632 5
0
147 11 0 35632 5
0
148 11 0 35632 5
0
149 11 0 35632 5
0
150 11 0 35632 5
0
151 11 0 35632 5
0
152 11 0 35632 5
0
153 11 0 35632 5
0
154 11 0 35632 5
0
155 11 0 35632 5
0
156 11 0 35632 5
0
157 11 0 35632 5
0
158 11 0 35632 5
0
159 11 0 35632 5
0
160 11 0 35632 5
0
161 11 0 35632 5
0
162 11 0 35632 5
0
163 11 0 35632 5
0
164 11 0 35632 5
0
165 11 0 35632 5
0
166 11 0 35632 5
0
167 11 0 35632 5
0
168 11 0 35632 5
0
169 11 0 35632 5
0
170 11 0 35632 5
0
171 11 0 35632 5
0
172 11 0 35632 5
0
173 11 0 35632 5
0
174 11 0 35632 5
0
175 11 0 35632 5
0
176 11 0 35632 5
0
177 11 0 35632 5
0
178 11 0 35632 5
0
179 11 0 35632 5
0
180 11 0 35632 5
0
181 11 0 35632 5
0
182 11 0 35632 5
0
183 11 0 35632 5
0
184 11 0 35632 5
0
185 11 0 35632 5
0
186 11 0 35632 5
0
187 11 0 35632 5
0
188 11 0 35632 5
0
189 11 0 35632 5
0
190 11 0 35632 5
0
191 11 0 35632 5
0
192 11 0 35632 5
0
193 11 0 35632 5
0
194 11 0 35632 5
0
195 11 0 35632 5
0
196 11 0 35632 5
0
197 11 0 35632 5
0
198 11 0 35632 5
0
199 11 0 35632 5
0
200 11 0 35632 5
0
201 11 0 35632 5
0
202 11 0 35632 5
0
203 11 0 35632 5
0
204 11 0 35632 5
0
205 11 0 35632 5
0
206 11 0 35632 5
0
207 11 0 35632 5
0
208 11 0 35632 5
0
209 11 0 35632 5
0
210 11 0 35632 5
0
211 11 0 35632 5
0
212 11 0 35632 5
0
213 11 0 35632 5
0
214 11 0 35632 5
0
215 11 0 35632 5
0
216 11 0 35632 5
0
217 11 0 35632 5
0
218 11 0 35632 5
0
219 11 0 35632 5
0
220 11 0 35632 5
0
221 11 0 35632 5
0
222 11 0 35632 5
0
223 11 0 35632 5
0
224 11 0 35632 5
0
225 11 0 35632 5
0
226 11 0 35632 5
0
227 11 0 35632 5
0
228 11 0 35632 5
0
229 11 0 35632 5
0
230 11 0 35632 5
0
231 11 0 35632 5
0
232 11 0 35632 5
0
233 11 0 35632 5
0
234 11 0 35632 5
0
235 11 0 35632 5
0
236 11 0 35632 5
0
237 11 0 35632 5
0
238 11 0 35632 5
0
239 11 0 35632 5
0
240 11 0 35632 5
0
241 11 0 35632 5
0
242 11 0 35632 5
0
243 11 0 35632 5
0
244 11 0 35632 5
0
245 11 0 35632 5
0
246 11 0 35632 5
0
247 11 0 35632 5
0
248 11 0 35632 5
0
249 11 0 35632 5
0
250 11 0 35632 5
0
251 11 0 35632 5
0
252 11 0 35632 5
0
253 11 0 35632 5
0
254 11 0 35632 5
0
255 11 0 35632 5
0
256 11 0 35632 5
0
257 11 0 35632 5
0
258 11 0 35632 5
0
259 11 0 35632 5
0
260 11 0 35632 5
0
261 11 0 35632 5
0
262 11 0 35632 5
0
263 11 0 35632 5
0
264 11 0 35632 5
0
265 11 0 35632 5
0
266 11 0 35632 5
0
267 11 0 35632 5
0
268 11 0 35632 5
0
269 11 0 35632 5
0
270 11 0 35632 5
0
271 11 0 35632 5
0
272 11 0 35632 5
0
273 11 0 35632 5
0
274 11 0 35632 5
0
275 11 0 35632 5
0
276 11 0 35632 5
0
277 11 0 35632 5
0
278 11 0 35632 5
0
279 11 0 35632 5
0
280 11 0 35632 5
0
281 11 0 35632 5
0
282 11 0 35632 5
0
283 11 0 35632 5
0
284 11 0 35632 5
0
285 11 0 35632 5
0
286 11 0 35632 5
0
287 11 0 35632 5
0
288 11 0 35632 5
0
289 11 0 35632 5
0
290 11 0 35632 5
0
625
11 11 -1
1, 2316, 1356, 2139, 1158, 1, 188, 376, 563
27 11 -1
1, 2667, 1941, 2841, 169, 1, 973, 1947, 2919
43 11 -1
1, 2909, 1532, 2788, 1094, 1, 280, 560, 839
59 11 -1
1, 3120, 1206, 3079, 975, 1, 136, 273, 408
75 11 -1
1, 3572, 1462, 2052, 991, 1, 996, 1992, 2987
91 11 -1
201, 4016, 1121, 2464, 715, 401, 1379, 2359, 3337
107 11 -1
631, 2318, 1404, 2795, 939, 1262, 1732, 2204, 2674
123 11 -1
1047, 2423, 89, 3532, 852, 2093, 3028, 3965, 4900
139 11 -1
1273, 2781, 1315, 3680, 1819, 2545, 3246, 3948, 4649
155 11 -1
1611, 2599, 813, 2627, 499, 3221, 3391, 3563, 3733
171 11 -1
1984, 2625, 904, 2311, 777, 3968, 4188, 4409, 4629
187 11 -1
2143, 2179, 1825, 2562, 1927, 4286, 4528, 4771, 5013
203 11 -1
2343, 2967, 1650, 1530, 1424, 4686, 5517, 6349, 7180
219 11 -1
2544, 2507, 1145, 3632, 71, 5088, 6187, 7287, 8386
235 11 -1
2758, 2195, 1199, 1739, 1887, 5515, 6086, 6659, 7230
251 11 -1
2933, 2205, 1540, 2959, 1031, 5865, 6496, 7128, 7759
267 11 -1
3151, 3172, 1309, 2595, 1865, 6301, 6867, 7434, 8000
283 11 -1
3328, 2560, 603, 2907, 1347, 6655, 7200, 7746, 8291
299 11 -1
3477, 3643, 1260, 3025, 760, 6953, 7511, 8071, 8629
315 11 -1
3591, 3499, 1318, 2028, 8738, 7181, 11626, 16072, 20517
331 11 -1
3772, 2255, 1127, 9999, 261, 7543, 11847, 16153, 20457
347 11 -1
3941, 2509, 549, 1735, 757, 7882, 8372, 8864, 9354
363 11 -1
4085, 2926, 653, 3348, 726, 8169, 8416, 8664, 8911
379 11 -1
4225, 2521, 1093, 2441, 741, 8450, 8665, 8882, 9097
395 11 -1
4400, 2656, 1661, 2314, 1078, 8800, 9262, 9725, 10187
411 11 -1
4600, 1634, 1136, 2428, 912, 9199, 9707, 10217, 10725
427 11 -1
4702, 2688, 1592, 3383, 219, 9404, 10437, 11472, 12505
443 11 -1
4832, 1876, 680, 2092, 567, 9663, 9827, 9992, 10156
459 11 -1
4927, 2813, 787, 2433, 1608, 9854, 10454, 11055, 11655
475 11 -1
5093, 2217, 1005, 2803, 1764, 10186, 10858, 11531, 12203
491 11 -1
5207, 2374, 1276, 2866, 831, 10413, 10881, 11350, 11818
507 11 -1
5300, 2670, 727, 337, 208, 10600, 12025, 13452, 14877
523 11 -1
5427, 2458, 1667, 9999, 1058, 10854, 14928, 19004, 23078
539 11 -1
5519, 2296, 977, 3170, 1383, 11037, 11676, 12317, 12956
555 11 -1
5638, 3742, 2261, 2410, 1114, 11275, 12514, 13754, 14993
571 11 -1
5779, 2568, 446, 3165, 1118, 11557, 12191, 12826, 13460
587 11 -1
5888, 2810, 1307, 2998, 889, 11775, 12077, 12381, 12683
603 11 -1
6002, 2490, 2099, 3299, 1149, 12004, 12883, 13763, 14642
619 11 -1
6085, 3323, 927, 3803, 790, 12169, 12477, 12786, 13094
635 11 -1
6177, 3349, 278, 3262, 433, 12354, 12474, 12596, 12716
651 11 -1
6267, 2582, 1579, 3085, 1514, 12533, 12816, 13101, 13384
667 11 -1
6349, 2963, 719, 2834, 833, 12697, 12818, 12940, 13061
683 11 -1
6431, 2127, 1155, 2441, 808, 12862, 13192, 13523, 13853
699 11 -1
6527, 2092, 1406, 2964, 8204, 13054, 16888, 20724, 24558
715 11 -1
6618, 3051, 1535, 1373, 7928, 13236, 17271, 21307, 25342
731 11 -1
6685, 2949, 984, 2527, 1162, 13370, 13669, 13970, 14269
747 11 -1
6778, 2728, 91, 3229, 1011, 13555, 14265, 14976, 15686
763 11 -1
6838, 3519, 1165, 2791, 882, 13676, 14181, 14687, 15192
779 11 -1
6892, 2661, 844, 3745, 255, 13784, 14620, 15457, 16293
795 11 -1
6973, 3601, 1077, 2493, 996, 13945, 14539, 15134, 15728
811 11 -1
7043, 2455, 633, 9999, 366, 14086, 17991, 21897, 25802
827 11 -1
7119, 2711, 619, 3212, 725, 14237, 14540, 14844, 15147
843 11 -1
7202, 2696, 1421, 3118, 2103, 14403, 14954, 15507, 16058
859 11 -1
7311, 2388, 962, 3144, 1586, 14621, 15310, 16001, 16690
875 11 -1
7388, 2493, 849, 2405, 984, 14776, 14887, 14999, 15110
891 11 -1
7436, 2507, 1499, 2447, 794, 14871, 15253, 15636, 16018
907 11 -1
7483, 2103, 1015, 3593, 1315, 14966, 15860, 16756, 17650
923 11 -1
7535, 3501, 200, 2902, 878, 15070, 15708, 16347, 16985
939 11 -1
7623, 2280, 980, 2285, 738, 15246, 15369, 15493, 15616
955 11 -1
7670, 3289, 2289, 3552, 269, 15339, 16480, 17622, 18763
971 11 -1
7738, 3808, 1177, 3055, 1029, 15475, 15925, 16376, 16826
987 11 -1
7807, 2338, 1895, 2855, 1499, 15613, 16069, 16526, 16982
1003 11 -1
7856, 3083, 1038, 1291, 1427, 15711, 16801, 17892, 18982
1019 11 -1
7890, 3497, 1119, 9999, 149, 15780, 19515, 23252, 26987
1035 11 -1
7948, 2291, 938, 2047, 1268, 15896, 16182, 16470, 16756
1051 11 -1
7980, 3077, 1080, 2439, 613, 15960, 16512, 17065, 17617
1067 11 -1
8021, 3721, 795, 2282, 1422, 16041, 17073, 18107, 19139
1083 11 -1
8081, 2939, 1251, 2739, 886, 16161, 16443, 16726, 17008
1099 11 -1
8136, 3225, 263, 3173, 2223, 16271, 17276, 18283, 19288
1115 11 -1
8186, 3938, 1274, 3074, 1398, 16371, 16864, 17359, 17852
1131 11 -1
8251, 3121, 219, 2513, 309, 16502, 16850, 17200, 17548
1147 11 -1
8301, 2379, 1526, 2614, 2568, 16602, 17240, 17879, 18517
1163 11 -1
8342, 1962, 1202, 2910, 1608, 16683, 17359, 18037, 18713
1179 11 -1
8363, 2912, 994, 2881, 1269, 16726, 16878, 17032, 17184
1195 11 -1
8390, 3306, 579, 2755, 1058, 16779, 17293, 17809, 18323
1211 11 -1
8445, 2368, 679, 3064, 1760, 16889, 17777, 18666, 19554
1227 11 -1
8489, 3480, 1566, 3268, 1836, 16978, 17218, 17460, 17700
1243 11 -1
8532, 2600, 978, 3365, 776, 17064, 17547, 18031, 18514
1259 11 -1
8571, 2301, 630, 3002, 1514, 17142, 17934, 18727, 19519
1275 11 -1
8631, 2822, 1178, 2456, 1831, 17261, 17770, 18280, 18789
1291 11 -1
8688, 2759, 295, 2750, 643, 17376, 17554, 17733, 17911
1307 11 -1
8734, 2508, 882, 2297, 1543, 17467, 17902, 18339, 18774
1323 11 -1
8784, 3061, 922, 2716, 469, 17567, 17965, 18365, 18763
1339 11 -1
8844, 2668, 1019, 3779, 1635, 17688, 18551, 19415, 20278
1355 11 -1
8882, 2165, 1418, 3016, 1248, 17763, 18273, 18784, 19294
1371 11 -1
8924, 2957, 1033, 4174, 567, 17847, 18688, 19530, 20371
1387 11 -1
8957, 3404, 483, 2142, 1612, 17914, 19109, 20305, 21500
1403 11 -1
8989, 2750, 1458, 2854, 1289, 17977, 18113, 18250, 18386
1419 11 -1
9041, 2871, 491, 2601, 1443, 18081, 18691, 19303, 19913
1435 11 -1
9083, 2408, 957, 2363, 1119, 18165, 18268, 18372, 18475
1451 11 -1
9110, 2960, 1497, 2654, 1680, 18220, 18464, 18709, 18953
1467 11 -1
9161, 2854, 1126, 2724, 1326, 18322, 18486, 18652, 18816
1483 11 -1
9197, 2670, 619, 2476, 183, 18394, 18708, 19024, 19338
1499 11 -1
9244, 2464, 644, 3216, 927, 18487, 19004, 19522, 20039
1515 11 -1
9280, 2413, 1429, 2645, 1824, 18559, 18872, 19186, 19499
1531 11 -1
9338, 2957, 873, 2744, 1028, 18675, 18858, 19043, 19226
1547 11 -1
9379, 1839, 425, 2787, 882, 18758, 19460, 20163, 20865
1563 11 -1
9422, 2859, 1947, 2268, 1419, 18843, 19402, 19962, 20521
1579 11 -1
9471, 3416, 631, 2911, 1768, 18942, 19762, 20584, 21404
1595 11 -1
9505, 1832, 1425, 987, 253, 19010, 20018, 21027, 22035
1611 11 -1
9555, 2474, 1205, 3248, 1161, 19109, 19517, 19927, 20335
1627 11 -1
9604, 2762, 1438, 2858, 1821, 19208, 19447, 19687, 19926
1643 11 -1
9660, 2440, 455, 2853, 1709, 19319, 20152, 20986, 21819
1659 11 -1
9717, 2528, 534, 2490, 1905, 19433, 20137, 20842, 21546
1675 11 -1
9768, 2432, 435, 2807, 1240, 19536, 20125, 20716, 21305
1691 11 -1
9794, 2191, 1042, 2896, 1552, 19588, 20195, 20803, 21410
1707 11 -1
9846, 2795, 1028, 2776, 920, 19692, 19755, 19819, 19882
1723 11 -1
9878, 3089, 1295, 2543, 1015, 19755, 20167, 20581, 20993
1739 11 -1
9920, 3419, 744, 2365, 1281, 19839, 20634, 21430, 22225
1755 11 -1
9958, 2666, 799, 2582, 914, 19916, 20015, 20115, 20214
1771 11 -1
10014, 3910, 1237, 2021, 802, 20028, 21189, 22352, 23513
1787 11 -1
10050, 3035, 1171, 9999, 8064, 20099, 27027, 33956, 40884
1803 11 -1
10101, 3157, 821, 3259, 811, 20202, 20257, 20314, 20369
1819 11 -1
10131, 2176, 1003, 2438, 1856, 20261, 20818, 21376, 21933
1835 11 -1
10165, 1886, 1502, 2546, 1030, 20330, 20895, 21462, 22027
1851 11 -1
10218, 2949, 1098, 2947, 1872, 20436, 20823, 21212, 21599
1867 11 -1
10237, 2595, 1193, 2682, 651, 20473, 20787, 21102, 21416
1883 11 -1
10288, 2729, 1197, 3667, 1397, 20575, 21143, 21713, 22281
1899 11 -1
10324, 2564, 1074, 2470, 961, 20648, 20751, 20855, 20958
1915 11 -1
10367, 3300, 823, 2618, 770, 20733, 21100, 21468, 21835
1931 11 -1
10418, 4000, 717, 2050, 1159, 20836, 22031, 23228, 24423
1947 11 -1
10442, 2595, 757, 2132, 610, 20883, 21187, 21493, 21797
1963 11 -1
10477, 3021, 2097, 2382, 1763, 20954, 21440, 21927, 22413
1979 11 -1
10518, 3344, 437, 1171, 484, 21036, 22145, 23256, 24365
1995 11 -1
10549, 2071, 925, 2612, 794, 21097, 21432, 21769, 22104
2011 11 -1
10572, 2489, 1385, 2708, 542, 21144, 21674, 22206, 22736
2027 11 -1
10602, 2485, 958, 2993, 1263, 21204, 21610, 22017, 22423
2043 11 -1
10634, 2322, 1645, 2969, 679, 21268, 22074, 22881, 23687
2059 11 -1
10656, 2171, 1081, 2553, 1448, 21311, 21685, 22060, 22434
2075 11 -1
10679, 1984, 302, 9999, 8932, 21357, 29679, 38002, 46324
2091 11 -1
10707, 1787, 848, 2760, 1414, 21414, 22183, 22953, 23722
2107 11 -1
10742, 2696, 1119, 2128, 929, 21484, 21862, 22242, 22620
2123 11 -1
10769, 2674, 1362, 3409, 343, 21538, 22414, 23292, 24168
2139 11 -1
10799, 3553, 1260, 2732, 1169, 21598, 22053, 22510, 22965
2155 11 -1
10848, 3655, 400, 2352, 125, 21695, 22483, 23273, 24061
2171 11 -1
10887, 2220, 1559, 3119, 942, 21774, 22531, 23290, 24047
2187 11 -1
10916, 3217, 1119, 3022, 1643, 21832, 22191, 22551, 22910
2203 11 -1
10966, 2782, 1081, 3640, 1399, 21931, 22518, 23107, 23694
2219 11 -1
10990, 3658, 1085, 2259, 458, 21980, 22992, 24006, 25018
2235 11 -1
11024, 2476, 1428, 3101, 602, 22048, 22773, 23499, 24224
2251 11 -1
11056, 3111, 692, 1910, 1015, 22112, 22873, 23636, 24397
2267 11 -1
11100, 2633, 312, 2691, 1395, 22199, 22769, 23340, 23910
2283 11 -1
11130, 4251, 1638, 9999, 296, 22260, 25804, 29350, 32894
2299 11 -1
11154, 3066, 793, 2201, 1186, 22307, 22935, 23565, 24193
2315 11 -1
11190, 2788, 635, 3527, 229, 22380, 22952, 23525, 24097
2331 11 -1
11229, 2406, 887, 3717, 406, 22457, 23352, 24249, 25144
2347 11 -1
11254, 3505, 1628, 2020, 1883, 22507, 23376, 24247, 25116
2363 11 -1
11280, 3185, 1143, 9999, 556, 22559, 26259, 29960, 33660
2379 11 -1
11321, 2447, 140, 2317, 1358, 22642, 23315, 23990, 24663
2395 11 -1
11357, 2749, 1018, 12, 9523, 22713, 28333, 33955, 39575
2411 11 -1
11383, 2284, 1465, 2749, 827, 22765, 23316, 23868, 24419
2427 11 -1
11420, 3033, 7, 3232, 1057, 22840, 23464, 24089, 24713
2443 11 -1
11450, 3917, 1149, 2920, 311, 22900, 23817, 24735, 25652
2459 11 -1
11477, 3169, 669, 2966, 992, 22953, 23215, 23479, 23741
2475 11 -1
11511, 2668, 1169, 2304, 900, 23021, 23337, 23654, 23970
2491 11 -1
11549, 2063, 1256, 2268, 574, 23097, 23540, 23984, 24427
2507 11 -1
11572, 2733, 1384, 3467, 1831, 23143, 23733, 24324, 24914
2523 11 -1
11607, 3730, 1110, 2301, 845, 23213, 24059, 24907, 25753
2539 11 -1
11632, 2329, 684, 2865, 1107, 23264, 23743, 24223, 24702
2555 11 -1
11663, 2699, 933, 2647, 1438, 23325, 23603, 23882, 24160
2571 11 -1
11692, 3197, 1627, 3610, 1083, 23384, 23862, 24341, 24819
2587 11 -1
11721, 2850, 1769, 2407, 708, 23441, 24192, 24945, 25696
2603 11 -1
11758, 2666, 387, 2001, 763, 23515, 24035, 24556, 25076
2619 11 -1
11793, 2927, 973, 3292, 2028, 23585, 24294, 25005, 25714
2635 11 -1
11820, 2804, 870, 2452, 991, 23640, 23876, 24113, 24349
2651 11 -1
11847, 2590, 1239, 3282, 725, 23693, 24295, 24899, 25501
2667 11 -1
11884, 3276, 1520, 2448, 1220, 23768, 24331, 24896, 25459
2683 11 -1
11916, 3068, 666, 2594, 653, 23832, 24075, 24319, 24562
2699 11 -1
11958, 3501, 724, 3209, 1120, 23916, 24259, 24604, 24947
2715 11 -1
11975, 2473, 962, 3655, 1605, 23950, 24862, 25775, 26687
2731 11 -1
12010, 3668, 1715, 2668, 1423, 24019, 24664, 25311, 25956
2747 11 -1
12049, 2714, 1616, 3498, 709, 24098, 24943, 25789, 26634
2763 11 -1
12077, 2667, 93, 2546, 918, 24153, 24625, 25099, 25571
2779 11 -1
12105, 2381, 1362, 2472, 1414, 24210, 24281, 24353, 24424
2795 11 -1
12140, 3641, 1049, 2938, 246, 24280, 25032, 25786, 26538
2811 11 -1
12163, 2476, 758, 2788, 1156, 24325, 24679, 25035, 25389
2827 11 -1
12193, 2662, 226, 2797, 1186, 24385, 24932, 25480, 26027
2843 11 -1
12217, 2268, 1224, 2271, 373, 24434, 24860, 25288, 25714
2859 11 -1
12253, 2497, 1274, 3171, 701, 24506, 25129, 25753, 26376
2875 11 -1
12278, 3501, 761, 2656, 1095, 24555, 25144, 25734, 26323
2891 11 -1
12311, 3621, 451, 3032, 1848, 24621, 25613, 26607, 27599
2907 11 -1
12336, 3014, 814, 2328, 1130, 24671, 25171, 25673, 26173
2923 11 -1
12360, 2647, 1121, 1088, 158, 24720, 25980, 27242, 28502
2939 11 -1
12383, 2878, 887, 3070, 867, 24765, 24870, 24977, 25082
2955 11 -1
12403, 3522, 589, 2611, 842, 24806, 25387, 25970, 26551
2971 11 -1
12426, 2467, 1770, 3310, 1450, 24852, 25433, 26015, 26596
2987 11 -1
12465, 2430, 863, 2486, 791, 24929, 24992, 25057, 25120
3003 11 -1
12491, 3169, 1651, 2806, 1184, 24982, 25396, 25812, 26226
3019 11 -1
12512, 3382, 511, 3144, 1271, 25023, 25521, 26021, 26519
3035 11 -1
12542, 2238, 1206, 2688, 815, 25083, 25503, 25924, 26344
3051 11 -1
12560, 3361, 779, 2867, 1041, 25119, 25496, 25875, 26252
3067 11 -1
12581, 2880, 977, 3116, 1824, 25162, 25703, 26245, 26786
3083 11 -1
12609, 1906, 1522, 3066, 1449, 25218, 25834, 26451, 27067
3099 11 -1
12638, 2928, 1350, 3174, 897, 25276, 25625, 25975, 26324
3115 11 -1
12675, 2978, 1204, 2592, 736, 25349, 25775, 26203, 26629
3131 11 -1
12702, 2772, 826, 2923, 1348, 25404, 25740, 26077, 26413
3147 11 -1
12733, 2193, 54, 2327, 2047, 25466, 26529, 27593, 28656
3163 11 -1
12753, 2722, 1609, 3249, 1899, 25505, 25913, 26322, 26730
3179 11 -1
12779, 2735, 1578, 2695, 392, 25558, 26170, 26784, 27396
3195 11 -1
12808, 2268, 1661, 2966, 694, 25615, 26447, 27280, 28112
3211 11 -1
12821, 2759, 423, 2693, 1400, 25642, 26163, 26685, 27206
3227 11 -1
12840, 2940, 612, 2914, 540, 25679, 25727, 25777, 25825
3243 11 -1
12861, 2495, 206, 1913, 637, 25722, 26228, 26735, 27241
3259 11 -1
12891, 2418, 1136, 2921, 2554, 25781, 26741, 27702, 28662
3275 11 -1
12908, 2963, 676, 2616, 563, 25815, 26044, 26275, 26504
3291 11 -1
12933, 2835, 1725, 3568, 1179, 25866, 26505, 27145, 27784
3307 11 -1
12956, 3510, 1183, 2506, 669, 25911, 26669, 27429, 28187
3323 11 -1
12987, 3144, 1726, 2760, 472, 25974, 26792, 27612, 28430
3339 11 -1
13010, 3471, 1359, 2663, 1163, 26019, 26520, 27023, 27524
3355 11 -1
13032, 2239, 1868, 2925, 1293, 26063, 26693, 27324, 27954
3371 11 -1
13062, 2372, 957, 2224, 1111, 26123, 26273, 26425, 26575
3387 11 -1
13081, 2437, 428, 2123, 995, 26161, 26601, 27042, 27482
3403 11 -1
13105, 3019, 980, 2026, 653, 26209, 26868, 27529, 28188
3419 11 -1
13141, 2665, 1266, 2685, 1866, 26282, 26591, 26902, 27211
3435 11 -1
13153, 2595, 1174, 2542, 1963, 26306, 26726, 27148, 27568
3451 11 -1
13179, 2661, 1317, 2544, 1242, 26358, 26453, 26550, 26645
3467 11 -1
13205, 4248, 100, 2713, 424, 26409, 27338, 28268, 29197
3483 11 -1
13235, 2545, 323, 2200, 231, 26470, 26688, 26907, 27125
3499 11 -1
13275, 3266, 750, 2940, 745, 26549, 26714, 26880, 27045
3515 11 -1
13311, 2491, 368, 1934, 517, 26622, 26974, 27328, 27680
3531 11 -1
13343, 3298, 1431, 2299, 1561, 26685, 27249, 27814, 28378
3547 11 -1
13370, 2897, 1244, 2283, 863, 26740, 27237, 27735, 28232
3563 11 -1
13392, 2928, 1882, 2623, 1685, 26784, 27034, 27286, 27536
3579 11 -1
13416, 2783, 820, 2134, 805, 26831, 27162, 27495, 27826
3595 11 -1
13434, 3617, 1280, 3604, 605, 26868, 27211, 27556, 27899
3611 11 -1
13472, 2477, 544, 2596, 1514, 26944, 27488, 28033, 28577
3627 11 -1
13492, 2255, 1660, 2459, 730, 26984, 27550, 28118, 28684
3643 11 -1
13512, 2742, 1437, 2917, 1197, 27024, 27231, 27439, 27646
3659 11 -1
13533, 2836, 1481, 2710, 1273, 27066, 27232, 27400, 27566
3675 11 -1
13565, 2355, 1328, 1532, 0, 27129, 28204, 29280, 30355
3691 11 -1
13591, 3004, 1023, 3024, 1161, 27182, 27260, 27340, 27418
3707 11 -1
13616, 2070, 1717, 2715, 386, 27231, 28218, 29207, 30194
3723 11 -1
13639, 2903, 1772, 2054, 458, 27277, 28358, 29440, 30521
3739 11 -1
13668, 2645, 1103, 2948, 384, 27335, 27845, 28357, 28867
3755 11 -1
13694, 2823, 1466, 3186, 1333, 27387, 27634, 27883, 28130
3771 11 -1
13722, 3407, 1088, 3519, 943, 27444, 27572, 27701, 27829
3787 11 -1
13749, 3265, 1511, 3344, 1210, 27497, 27686, 27877, 28066
3803 11 -1
13787, 2440, 551, 3583, 1274, 27574, 28506, 29440, 30372
3819 11 -1
13810, 3068, 869, 2555, 926, 27620, 27904, 28190, 28474
3835 11 -1
13846, 3098, 1193, 2635, 799, 27691, 28119, 28548, 28976
3851 11 -1
13872, 2490, 979, 3002, 1451, 27744, 28235, 28728, 29219
3867 11 -1
13899, 2422, 1645, 2467, 939, 27797, 28172, 28548, 28923
3883 11 -1
13925, 2217, 967, 2863, 1961, 27849, 28668, 29489, 30308
3899 11 -1
13949, 2892, 723, 2743, 758, 27898, 27989, 28082, 28173
3915 11 -1
13968, 2162, 1723, 2913, 1288, 27936, 28528, 29122, 29714
3931 11 -1
14012, 2427, 1657, 3516, 611, 28024, 29091, 30159, 31226
3947 11 -1
14035, 2922, 822, 2388, 638, 28069, 28427, 28787, 29145
3963 11 -1
14075, 3577, 223, 1872, 1984, 28150, 29882, 31616, 33348
3979 11 -1
14103, 2596, 1326, 2219, 1793, 28206, 28627, 29050, 29471
3995 11 -1
14140, 2994, 1154, 3112, 1541, 28279, 28531, 28784, 29036
4011 11 -1
14166, 2567, 1077, 2210, 799, 28332, 28649, 28967, 29284
4027 11 -1
14194, 2743, 943, 2486, 1115, 28387, 28601, 28816, 29030
4043 11 -1
14220, 1840, 740, 3369, 1075, 28439, 29370, 30303, 31234
4059 11 -1
14237, 3737, 697, 2491, 1139, 28474, 29317, 30162, 31005
4075 11 -1
14264, 2428, 1419, 2860, 487, 28528, 29209, 29892, 30573
4091 11 -1
14286, 3282, 1304, 2886, 1274, 28572, 28784, 28998, 29210
4107 11 -1
14308, 3271, 1816, 3176, 428, 28616, 29357, 30099, 30840
4123 11 -1
14323, 2710, 771, 3596, 606, 28646, 29171, 29697, 30222
4139 11 -1
14348, 2895, 1056, 1553, 373, 28695, 29707, 30720, 31732
4155 11 -1
14361, 3203, 534, 2160, 913, 28721, 29431, 30143, 30853
4171 11 -1
14376, 2890, 1392, 2750, 610, 28751, 29211, 29673, 30133
4187 11 -1
14406, 2761, 1755, 2332, 319, 28812, 29744, 30677, 31609
4203 11 -1
14424, 2731, 2111, 2803, 1446, 28848, 29216, 29585, 29953
4219 11 -1
14446, 2683, 965, 3493, 1284, 28892, 29456, 30021, 30585
4235 11 -1
14463, 2360, 1836, 2698, 558, 28926, 29733, 30542, 31349
4251 11 -1
14485, 3486, 792, 3069, 239, 28970, 29454, 29940, 30424
4267 11 -1
14512, 2750, 1623, 3159, 927, 29024, 29576, 30129, 30681
4283 11 -1
14527, 3606, 410, 1958, 1108, 29054, 30226, 31400, 32572
4299 11 -1
14547, 3751, 717, 3066, 1415, 29093, 29784, 30476, 31167
4315 11 -1
14576, 2757, 1149, 3306, 1031, 29152, 29485, 29819, 30152
4331 11 -1
14608, 2747, 1855, 2458, 664, 29215, 29954, 30695, 31434
4347 11 -1
14632, 3405, 1011, 2560, 1048, 29263, 29703, 30145, 30585
4363 11 -1
14652, 2634, 1382, 2349, 1895, 29304, 29702, 30102, 30500
4379 11 -1
14673, 3314, 791, 2712, 1345, 29345, 29922, 30501, 31078
4395 11 -1
14692, 2798, 420, 2431, 1186, 29383, 29949, 30516, 31082
4411 11 -1
14715, 2780, 1229, 2708, 1078, 29430, 29541, 29653, 29764
4427 11 -1
14745, 2629, 796, 2455, 1153, 29490, 29755, 30021, 30286
4443 11 -1
14759, 2801, 1464, 2052, 172, 29518, 30538, 31559, 32579
4459 11 -1
14791, 3119, 1380, 2984, 1004, 29582, 29837, 30093, 30348
4475 11 -1
14810, 1530, 790, 2836, 972, 29619, 30362, 31107, 31850
4491 11 -1
14837, 3200, 1641, 3267, 915, 29673, 30069, 30466, 30862
4507 11 -1
14867, 3468, 1258, 3113, 779, 29734, 30150, 30568, 30984
4523 11 -1
14901, 3022, 1026, 3540, 1063, 29802, 30079, 30357, 30634
4539 11 -1
14924, 2162, 567, 2019, 1664, 29847, 30466, 31087, 31706
4555 11 -1
14951, 3258, 587, 2690, 1561, 29902, 30672, 31444, 32214
4571 11 -1
14977, 3075, 544, 2967, 1391, 29954, 30431, 30909, 31386
4587 11 -1
14995, 3020, 1689, 2300, 727, 29990, 30830, 31672, 32512
4603 11 -1
15019, 2280, 939, 2549, 833, 30038, 30225, 30413, 30600
4619 11 -1
15040, 2119, 972, 3065, 766, 30079, 30654, 31231, 31806
4635 11 -1
15055, 4060, 499, 9999, 1064, 30109, 33360, 36613, 39864
4651 11 -1
15083, 2302, 692, 2417, 37, 30165, 30549, 30935, 31319
4667 11 -1
15103, 2247, 1333, 2347, 1032, 30206, 30406, 30607, 30807
4683 11 -1
15125, 3420, 1787, 2691, 922, 30250, 31046, 31844, 32640
4699 11 -1
15141, 3871, 1697, 3259, 587, 30281, 31141, 32003, 32863
4715 11 -1
15172, 2955, 1087, 2876, 1915, 30343, 30796, 31250, 31703
4731 11 -1
15195, 1900, 1073, 2065, 280, 30390, 30868, 31348, 31826
4747 11 -1
15213, 2753, 52, 3114, 1418, 30425, 31288, 32152, 33015
4763 11 -1
15237, 2847, 587, 3178, 1068, 30473, 30878, 31285, 31690
4779 11 -1
15256, 2788, 1273, 3307, 1607, 30511, 30937, 31364, 31790
4795 11 -1
15279, 3328, 476, 2726, 849, 30558, 31045, 31533, 32020
4811 11 -1
15294, 2752, 1120, 2713, 1477, 30587, 30784, 30983, 31180
4827 11 -1
15311, 2417, 792, 2780, 1198, 30622, 31006, 31391, 31775
4843 11 -1
15338, 2608, 1371, 9999, 174, 30676, 34969, 39264, 43557
4859 11 -1
15359, 3146, 329, 2637, 1338, 30717, 31475, 32235, 32993
4875 11 -1
15384, 3089, 990, 2296, 1006, 30767, 31171, 31576, 31980
4891 11 -1
15403, 3245, 1013, 1241, 574, 30805, 32026, 33248, 34469
4907 11 -1
15423, 2053, 356, 2928, 1768, 30845, 31988, 33132, 34275
4923 11 -1
15431, 2066, 303, 2476, 768, 30861, 31298, 31736, 32173
4939 11 -1
15458, 3410, 1561, 3024, 979, 30916, 31399, 31884, 32367
4955 11 -1
15495, 3079, 1518, 3668, 1033, 30989, 31525, 32063, 32599
4971 11 -1
15516, 2963, 543, 2560, 1114, 31031, 31517, 32005, 32491
4987 11 -1
15549, 3050, 901, 2826, 1996, 31097, 31756, 32416, 33075
5003 11 -1
15567, 3054, 1938, 3004, 478, 31134, 31888, 32644, 33398
5019 11 -1
15584, 2891, 1123, 2965, 1965, 31167, 31624, 32083, 32540
5035 11 -1
15603, 2711, 871, 1549, 1611, 31206, 32156, 33108, 34058
5051 11 -1
15628, 2566, 1219, 3010, 1690, 31256, 31713, 32171, 32628
5067 11 -1
15665, 2046, 880, 2760, 651, 31330, 31801, 32273, 32744
5083 11 -1
15686, 3047, 1008, 2078, 468, 31371, 32125, 32880, 33634
5099 11 -1
15702, 2689, 828, 3574, 1207, 31403, 32034, 32667, 33298
5115 11 -1
15724, 2605, 534, 2786, 1165, 31448, 31853, 32260, 32665
5131 11 -1
15744, 2903, 1596, 2409, 1730, 31488, 31801, 32116, 32429
5147 11 -1
15768, 3001, 751, 2378, 1031, 31536, 31987, 32439, 32890
5163 11 -1
15786, 2824, 1784, 2299, 2054, 31571, 31968, 32366, 32763
5179 11 -1
15806, 2276, 1175, 2518, 899, 31611, 31869, 32129, 32387
5195 11 -1
15820, 3174, 1159, 2463, 949, 31639, 32099, 32560, 33020
5211 11 -1
15856, 2999, 1590, 2344, 1258, 31711, 32204, 32698, 33191
5227 11 -1
15884, 3064, 1886, 3034, 1294, 31768, 32078, 32390, 32700
5243 11 -1
15904, 3215, 99, 2700, 424, 31807, 32226, 32647, 33066
5259 11 -1
15930, 2476, 822, 2871, 1161, 31860, 32226, 32594, 32960
5275 11 -1
15950, 2761, 2021, 1886, 932, 31899, 32880, 33863, 34844
5291 11 -1
15968, 3414, 251, 3165, 748, 31936, 32308, 32682, 33054
5307 11 -1
15992, 3385, 100, 3047, 2177, 31983, 33190, 34398, 35605
5323 11 -1
16013, 3373, 718, 2567, 338, 32025, 32617, 33211, 33803
5339 11 -1
16042, 1663, 602, 2766, 1331, 32084, 32999, 33916, 34831
5355 11 -1
16062, 3071, 1382, 2961, 963, 32124, 32388, 32653, 32917
5371 11 -1
16085, 2798, 415, 2494, 1510, 32169, 32868, 33568, 34267
5387 11 -1
16106, 3336, 542, 1880, 902, 32211, 33118, 34027, 34934
5403 11 -1
16126, 2619, 669, 3862, 1157, 32251, 33116, 33982, 34847
5419 11 -1
16153, 3107, 748, 2881, 1598, 32306, 32843, 33382, 33919
5435 11 -1
16170, 2313, 1100, 2145, 811, 32339, 32567, 32796, 33024
5451 11 -1
16204, 3074, 873, 2222, 1558, 32408, 33176, 33945, 34713
5467 11 -1
16230, 2827, 1157, 3379, 1393, 32460, 32853, 33248, 33641
5483 11 -1
16249, 3366, 551, 2204, 728, 32498, 33167, 33837, 34506
5499 11 -1
16273, 2633, 2062, 1818, 529, 32546, 33719, 34894, 36067
5515 11 -1
16294, 1678, 1046, 1816, 1531, 32587, 32898, 33210, 33521
5531 11 -1
16315, 2814, 740, 2953, 1222, 32629, 32939, 33250, 33560
5547 11 -1
16339, 2627, 1017, 2365, 724, 32678, 32955, 33233, 33510
5563 11 -1
16362, 2598, 1245, 2461, 945, 32723, 32941, 33160, 33378
5579 11 -1
16380, 1388, 1072, 3256, 610, 32759, 33923, 35089, 36253
5595 11 -1
16397, 2848, 920, 2301, 768, 32793, 33142, 33492, 33841
5611 11 -1
16411, 3135, 1017, 3054, 1100, 32822, 32903, 32986, 33067
5627 11 -1
16420, 3336, 873, 2532, 1590, 32839, 33599, 34360, 35120
5643 11 -1
16446, 2878, 1618, 2355, 997, 32891, 33462, 34035, 34606
5659 11 -1
16478, 2485, 438, 2827, 324, 32956, 33183, 33412, 33639
5675 11 -1
16502, 2895, 923, 2278, 1510, 33003, 33604, 34207, 34808
5691 11 -1
16530, 2177, 960, 2919, 1343, 33060, 33622, 34185, 34747
5707 11 -1
16551, 2465, 889, 2902, 616, 33101, 33455, 33811, 34165
5723 11 -1
16565, 2841, 1050, 2936, 864, 33130, 33270, 33411, 33551
5739 11 -1
16589, 3544, 592, 3768, 1481, 33178, 33734, 34291, 34847
5755 11 -1
16602, 3352, 928, 2451, 936, 33204, 33658, 34113, 34567
5771 11 -1
16625, 2951, 441, 3090, 1468, 33250, 33832, 34416, 34998
5787 11 -1
16643, 3051, 439, 3408, 624, 33285, 33555, 33827, 34097
5803 11 -1
16660, 3063, 1435, 2261, 1289, 33320, 33793, 34268, 34741
5819 11 -1
16679, 3218, 1543, 2034, 911, 33357, 34264, 35173, 36080
5835 11 -1
16703, 3034, 1749, 2836, 2819, 33406, 34039, 34674, 35307
5851 11 -1
16725, 2156, 619, 2677, 1280, 33449, 34039, 34631, 35221
5867 11 -1
16748, 2756, 1647, 2241, 1307, 33495, 33922, 34350, 34777
5883 11 -1
16765, 3198, 1016, 3361, 967, 33529, 33634, 33741, 33846
5899 11 -1
16784, 3182, 2038, 2471, 664, 33567, 34609, 35652, 36694
5915 11 -1
16806, 2615, 1361, 3520, 1282, 33611, 34102, 34595, 35086
5931 11 -1
16824, 2697, 224, 3307, 195, 33648, 33967, 34287, 34606
5947 11 -1
16842, 2035, 1410, 2823, 1533, 33683, 34138, 34594, 35049
5963 11 -1
16864, 2417, 715, 2913, 2305, 33728, 34770, 35814, 36856
5979 11 -1
16894, 2332, 828, 1683, 568, 33788, 34242, 34697, 35151
5995 11 -1
16912, 3126, 1072, 3206, 925, 33823, 33936, 34050, 34163
6011 11 -1
16940, 2779, 584, 1888, 1468, 33879, 34766, 35654, 36541
6027 11 -1
16967, 3367, 1467, 2049, 223, 33934, 35214, 36496, 37776
6043 11 -1
16983, 2012, 858, 2067, 789, 33966, 34027, 34090, 34151
6059 11 -1
16998, 1829, 562, 3561, 190, 33996, 35047, 36100, 37151
6075 11 -1
17014, 3507, 705, 2996, 564, 34028, 34353, 34680, 35005
6091 11 -1
17033, 3071, 2075, 3148, 1468, 34065, 34406, 34749, 35090
6107 11 -1
17054, 2311, 1492, 2737, 39, 34107, 35046, 35986, 36925
6123 11 -1
17076, 2886, 1034, 3459, 1264, 34151, 34552, 34954, 35355
6139 11 -1
17105, 3249, 882, 9999, 651, 34209, 37699, 41190, 44680
6155 11 -1
17124, 3268, 1032, 2294, 1737, 34248, 35087, 35927, 36766
6171 11 -1
17144, 3167, 632, 2260, 1172, 34287, 35010, 35734, 36457
6187 11 -1
17164, 3215, 1853, 2970, 315, 34328, 35219, 36111, 37002
6203 11 -1
17192, 2646, 1168, 3171, 1249, 34384, 34686, 34990, 35292
6219 11 -1
17211, 2699, 636, 2848, 1250, 34421, 34802, 35184, 35565
6235 11 -1
17232, 2366, 1669, 3413, 1430, 34463, 35105, 35749, 36391
6251 11 -1
17266, 2729, 1069, 2863, 1435, 34532, 34781, 35032, 35281
6267 11 -1
17281, 3351, 1087, 2235, 1691, 34561, 35420, 36281, 37140
6283 11 -1
17298, 2747, 1351, 2450, 1297, 34595, 34770, 34946, 35121
6299 11 -1
17321, 2565, 593, 2438, 1405, 34642, 35111, 35581, 36050
6315 11 -1
17346, 2430, 882, 239, 9250, 34692, 39971, 45251, 50530
6331 11 -1
17371, 2019, 540, 3809, 618, 34741, 35674, 36609, 37542
6347 11 -1
17385, 2340, 1271, 3321, 1029, 34770, 35381, 35993, 36604
6363 11 -1
17398, 3192, 1113, 2619, 347, 34795, 35464, 36134, 36803
6379 11 -1
17424, 2074, 1082, 3161, 728, 34848, 35568, 36289, 37009
6395 11 -1
17442, 3213, 1526, 3056, 1166, 34884, 35142, 35401, 35659
6411 11 -1
17468, 2382, 813, 3326, 1253, 34935, 35626, 36319, 37010
6427 11 -1
17482, 3032, 415, 3218, 705, 34964, 35201, 35440, 35677
6443 11 -1
17504, 2807, 790, 2416, 1284, 35008, 35450, 35893, 36335
6459 11 -1
17533, 2941, 1708, 3465, 1226, 35066, 35568, 36072, 36574
6475 11 -1
17560, 2916, 1411, 2177, 793, 35119, 35797, 36476, 37154
6491 11 -1
17581, 3376, 1366, 9999, 6145, 35161, 40861, 46563, 52263
6507 11 -1
17599, 2163, 554, 3085, 1504, 35198, 36133, 37070, 38005
6523 11 -1
17621, 2582, 1762, 2872, 741, 35241, 35896, 36552, 37207
6539 11 -1
17640, 3705, 1228, 3147, 1233, 35280, 35561, 35843, 36124
6555 11 -1
17668, 3332, 1147, 2609, 550, 35335, 35994, 36655, 37314
6571 11 -1
17690, 3119, 608, 2115, 1098, 35380, 36126, 36874, 37620
6587 11 -1
17715, 4094, 1821, 2016, 1151, 35429, 36802, 38177, 39550
6603 11 -1
17734, 3849, 920, 2427, 750, 35467, 36262, 37059, 37854
6619 11 -1
17758, 3275, 1478, 3440, 855, 35515, 35908, 36303, 36696
6635 11 -1
17778, 2632, 902, 1654, 1193, 35555, 36189, 36824, 37458
6651 11 -1
17797, 2829, 1226, 1282, 1262, 35594, 36385, 37177, 37968
6667 11 -1
17809, 2345, 1022, 3459, 946, 35618, 36212, 36808, 37402
6683 11 -1
17827, 1781, 1975, 2150, 1339, 35654, 36156, 36659, 37161
6699 11 -1
17851, 3430, 755, 2449, 2481, 35702, 37055, 38409, 39762
6715 11 -1
17870, 3209, 897, 2488, 1867, 35740, 36585, 37431, 38276
6731 11 -1
17892, 2679, 933, 2791, 1224, 35784, 35985, 36187, 36388
6747 11 -1
17911, 3309, 548, 2683, 1064, 35821, 36391, 36963, 37533
6763 11 -1
17928, 2969, 649, 9999, 640, 35856, 39375, 42895, 46414
6779 11 -1
17957, 2006, 1388, 2812, 2051, 35914, 36648, 37383, 38117
6795 11 -1
17985, 2957, 679, 2838, 1134, 35969, 36255, 36543, 36829
6811 11 -1
18010, 3315, 1653, 2354, 1123, 36019, 36764, 37510, 38255
6827 11 -1
18038, 2513, 455, 2227, 1686, 36076, 36834, 37593, 38351
6843 11 -1
18062, 2299, 1305, 3093, 2453, 36124, 37094, 38066, 39036
6859 11 -1
18081, 2576, 1251, 3141, 1368, 36162, 36502, 36844, 37184
6875 11 -1
18106, 2243, 1030, 2349, 1415, 36212, 36457, 36703, 36948
6891 11 -1
18124, 2645, 1568, 3065, 1268, 36247, 36606, 36967, 37326
6907 11 -1
18146, 2894, 993, 3504, 1378, 36292, 36789, 37287, 37784
6923 11 -1
18169, 3005, 247, 2856, 590, 36337, 36582, 36829, 37074
6939 11 -1
18193, 3382, 1059, 9999, 222, 36386, 40112, 43840, 47566
6955 11 -1
18212, 3174, 875, 2560, 256, 36423, 37039, 37656, 38272
6971 11 -1
18235, 3643, 1308, 3076, 1603, 36469, 36899, 37331, 37761
6987 11 -1
18266, 2896, 747, 3028, 1923, 36531, 37184, 37839, 38492
7003 11 -1
18286, 3298, 1447, 2939, 908, 36572, 37020, 37470, 37918
7019 11 -1
18313, 2029, 176, 1758, 580, 36626, 36963, 37301, 37638
7035 11 -1
18340, 3138, 1353, 2776, 1941, 36680, 37154, 37630, 38104
7051 11 -1
18362, 3657, 1984, 2809, 1194, 36723, 37541, 38361, 39179
7067 11 -1
18375, 2509, 1192, 2608, 579, 36750, 37105, 37462, 37817
7083 11 -1
18402, 3708, 466, 3420, 937, 36804, 37183, 37563, 37942
7099 11 -1
18428, 2350, 1248, 2843, 1116, 36856, 37168, 37481, 37793
7115 11 -1
18448, 3084, 176, 2932, 413, 36895, 37089, 37284, 37478
7131 11 -1
18469, 2298, 1031, 2895, 1628, 36938, 37534, 38132, 38728
7147 11 -1
18493, 2933, 302, 2724, 1373, 36985, 37624, 38265, 38904
7163 11 -1
18522, 3850, 1126, 2987, 830, 37044, 37623, 38203, 38782
7179 11 -1
18543, 2960, 617, 3461, 873, 37085, 37463, 37842, 38220
7195 11 -1
18571, 3108, 894, 2235, 610, 37141, 37719, 38298, 38876
7211 11 -1
18598, 2274, 1280, 2686, 1218, 37196, 37432, 37670, 37906
7227 11 -1
18629, 3556, 1641, 2780, 691, 37257, 38119, 38983, 39845
7243 11 -1
18656, 3940, 1248, 2869, 420, 37311, 38260, 39210, 40159
7259 11 -1
18675, 1742, 1220, 2488, 892, 37350, 37886, 38424, 38960
7275 11 -1
18693, 3011, 1885, 2772, 710, 37385, 38091, 38799, 39505
7291 11 -1
18718, 2331, 937, 1473, 1383, 37435, 38086, 38739, 39390
7307 11 -1
18749, 2480, 1554, 3072, 783, 37498, 38179, 38861, 39542
7323 11 -1
18778, 2198, 1816, 9999, 3616, 37555, 42355, 47156, 51956
7339 11 -1
18795, 1967, 1539, 3697, 1902, 37590, 38636, 39683, 40729
7355 11 -1
18811, 2711, 1085, 9999, 734, 37622, 41441, 45261, 49080
7371 11 -1
18835, 2485, 1555, 2942, 542, 37670, 38404, 39140, 39874
7387 11 -1
18856, 2819, 1061, 2966, 1038, 37712, 37796, 37882, 37966
7403 11 -1
18887, 2639, 1505, 2716, 496, 37774, 38316, 38860, 39402
7419 11 -1
18899, 3132, 510, 3098, 550, 37797, 37833, 37871, 37907
7435 11 -1
18920, 3522, 711, 2746, 582, 37839, 38291, 38744, 39196
7451 11 -1
18946, 2607, 413, 3377, 1303, 37891, 38720, 39551, 40380
7467 11 -1
18976, 2569, 104, 3381, 1488, 37951, 39048, 40147, 41244
7483 11 -1
19003, 3133, 746, 2488, 1922, 38006, 38916, 39827, 40737
7499 11 -1
19019, 1908, 717, 403, 89, 38037, 39103, 40170, 41236
7515 11 -1
19044, 3292, 1564, 2811, 1028, 38088, 38596, 39105, 39613
7531 11 -1
19074, 2312, 1091, 2930, 1301, 38148, 38561, 38976, 39389
7547 11 -1
19098, 3209, 1415, 2049, 1165, 38195, 38899, 39605, 40309
7563 11 -1
19132, 3119, 1680, 3710, 497, 38264, 39150, 40038, 40924
7579 11 -1
19161, 3307, 1419, 2898, 693, 38321, 38888, 39456, 40023
7595 11 -1
19186, 2249, 351, 2223, 1073, 38372, 38745, 39120, 39493
7611 11 -1
19210, 2684, 1022, 2755, 839, 38420, 38546, 38674, 38800
7627 11 -1
19236, 2369, 838, 2484, 723, 38471, 38585, 38701, 38815
7643 11 -1
19254, 3161, 762, 2041, 667, 38508, 39115, 39723, 40330
7659 11 -1
19270, 3445, 1090, 2499, 702, 38539, 39205, 39873, 40539
7675 11 -1
19289, 2346, 1575, 2637, 420, 38577, 39299, 40023, 40745
7691 11 -1
19320, 2668, 724, 3234, 758, 38639, 38938, 39239, 39538
7707 11 -1
19360, 2370, 1557, 3034, 761, 38719, 39448, 40179, 40908
7723 11 -1
19379, 2164, 1275, 3034, 606, 38758, 39527, 40297, 41066
7739 11 -1
19409, 2611, 1134, 2087, 1319, 38818, 39172, 39527, 39881
7755 11 -1
19422, 2805, 1143, 3275, 1212, 38843, 39112, 39382, 39651
7771 11 -1
19450, 2712, 650, 2840, 151, 38900, 39213, 39527, 39840
7787 11 -1
19480, 3209, 1274, 2994, 868, 38960, 39270, 39581, 39891
7803 11 -1
19502, 2908, 1406, 3127, 1042, 39004, 39295, 39587, 39878
7819 11 -1
19524, 1831, 692, 2956, 1850, 39047, 40188, 41330, 42471
7835 11 -1
19551, 2944, 31, 2027, 881, 39102, 39985, 40869, 41752
7851 11 -1
19572, 3171, 548, 1961, 1400, 39143, 40173, 41205, 42235
7867 11 -1
19593, 2874, 1204, 2569, 1528, 39186, 39500, 39815, 40129
7883 11 -1
19625, 2517, 1156, 3159, 927, 39249, 39684, 40120, 40555
7899 11 -1
19642, 2850, 1602, 1547, 952, 39283, 40259, 41236, 42212
7915 11 -1
19666, 3247, 1052, 2550, 1463, 39331, 39884, 40439, 40992
7931 11 -1
19689, 3358, 824, 3048, 798, 39377, 39544, 39713, 39880
7947 11 -1
19715, 2957, 639, 2321, 740, 39430, 39798, 40167, 40535
7963 11 -1
19737, 2556, 811, 3188, 1290, 39474, 40029, 40585, 41140
7979 11 -1
19774, 3372, 778, 3494, 1321, 39547, 39879, 40212, 40544
7995 11 -1
19798, 3224, 401, 679, 660, 39595, 40996, 42399, 43800
8011 11 -1
19836, 2809, 35, 494, 6887, 39672, 44255, 48839, 53422
8027 11 -1
19863, 2796, 1168, 2642, 1442, 39726, 39939, 40154, 40367
8043 11 -1
19884, 2918, 991, 2772, 1149, 39768, 39919, 40072, 40223
8059 11 -1
19914, 2375, 1910, 2330, 1565, 39828, 40022, 40218, 40412
8075 11 -1
19937, 3752, 1479, 1416, 891, 39874, 41335, 42798, 44259
8091 11 -1
19958, 1734, 1615, 2557, 1650, 39915, 40343, 40773, 41201
8107 11 -1
19986, 2786, 816, 2973, 952, 39972, 40133, 40295, 40456
8123 11 -1
20006, 2141, 1186, 2206, 823, 40011, 40224, 40439, 40652
8139 11 -1
20042, 3385, 1023, 3237, 808, 40084, 40265, 40447, 40628
8155 11 -1
20069, 2758, 950, 2911, 1214, 40138, 40346, 40555, 40763
8171 11 -1
20099, 3227, 488, 2823, 1096, 40198, 40703, 41210, 41715
8187 11 -1
20137, 2928, 978, 2827, 1458, 40274, 40564, 40855, 41145
8203 11 -1
20171, 2677, 708, 2892, 431, 40341, 40586, 40833, 41078
8219 11 -1
20186, 2419, 574, 3167, 735, 40371, 40825, 41280, 41734
8235 11 -1
20217, 1626, 1074, 3471, 1581, 40433, 41608, 42785, 43960
8251 11 -1
20247, 2319, 1335, 1580, 1600, 40494, 40995, 41498, 41999
8267 11 -1
20286, 2504, 1593, 2271, 830, 40571, 41068, 41567, 42064
8283 11 -1
20311, 2488, 599, 2147, 542, 40622, 40820, 41020, 41218
8299 11 -1
20344, 2686, 51, 2154, 1410, 40688, 41633, 42579, 43524
8315 11 -1
20377, 2562, 1021, 3506, 725, 40753, 41372, 41993, 42612
8331 11 -1
20393, 3316, 1059, 2494, 1921, 40786, 41627, 42470, 43311
8347 11 -1
20423, 2453, 551, 3960, 1353, 40846, 42000, 43155, 44309
8363 11 -1
20454, 3870, 907, 1987, 635, 40907, 41984, 43062, 44139
8379 11 -1
20484, 1795, 1715, 2449, 541, 40968, 41881, 42796, 43709
8395 11 -1
20515, 2620, 1813, 2724, 1448, 41030, 41264, 41499, 41733
8411 11 -1
20529, 2875, 1450, 3321, 123, 41057, 41943, 42830, 43716
8427 11 -1
20558, 2611, 1712, 2852, 1736, 41115, 41247, 41380, 41512
8443 11 -1
20597, 2604, 366, 2338, 1456, 41194, 41871, 42550, 43227
8459 11 -1
20617, 3388, 1093, 2153, 1100, 41233, 41853, 42475, 43095
8475 11 -1
20642, 3173, 965, 2898, 1544, 41283, 41709, 42137, 42563
8491 11 -1
20692, 2597, 1522, 2594, 1759, 41384, 41503, 41624, 41743
8507 11 -1
20711, 3095, 34, 3326, 1077, 41421, 42057, 42695, 43331
8523 11 -1
20752, 3935, 1122, 2727, 1073, 41504, 42132, 42761, 43389
8539 11 -1
20780, 2784, 692, 3458, 869, 41559, 41984, 42410, 42835
8555 11 -1
20797, 3085, 1165, 3127, 439, 41594, 41977, 42362, 42745
8571 11 -1
20831, 2593, 1314, 2307, 892, 41662, 42015, 42370, 42723
8587 11 -1
20855, 2427, 1172, 2769, 708, 41709, 42111, 42515, 42917
8603 11 -1
20889, 3141, 256, 2113, 321, 41777, 42323, 42870, 43416
8619 11 -1
20918, 3141, 1308, 2978, 1031, 41836, 42055, 42276, 42495
8635 11 -1
20948, 2448, 1124, 2938, 1550, 41895, 42352, 42811, 43268
8651 11 -1
20982, 2521, 1616, 3357, 544, 41963, 42916, 43871, 44824
8667 11 -1
21015, 2615, 1104, 3063, 1667, 42030, 42535, 43041, 43546
8683 11 -1
21045, 3679, 1648, 3133, 1076, 42090, 42648, 43208, 43766
8699 11 -1
21078, 2686, 1671, 2270, 1252, 42155, 42572, 42990, 43407
8715 11 -1
21112, 2427, 1473, 2195, 886, 42224, 42633, 43043, 43452
8731 11 -1
21132, 2100, 956, 2340, 896, 42263, 42412, 42563, 42712
8747 11 -1
21154, 3060, 527, 2247, 1083, 42307, 42991, 43676, 44360
8763 11 -1
21192, 2620, 1355, 3335, 281, 42383, 43277, 44172, 45066
8779 11 -1
21217, 2826, 784, 3047, 577, 42433, 42646, 42861, 43074
8795 11 -1
21240, 3692, 1079, 2703, 869, 42480, 43079, 43679, 44278
8811 11 -1
21274, 1725, 1123, 2897, 1237, 42547, 43189, 43833, 44475
8827 11 -1
21300, 2833, 1078, 3605, 445, 42600, 43302, 44005, 44707
8843 11 -1
21331, 2463, 1490, 2952, 829, 42661, 43235, 43811, 44385
8859 11 -1
21364, 3254, 1123, 2600, 639, 42728, 43296, 43866, 44434
8875 11 -1
21409, 2775, 1258, 3690, 1613, 42817, 43451, 44087, 44721
8891 11 -1
21439, 2504, 126, 2141, 1257, 42877, 43623, 44371, 45117
8907 11 -1
21468, 2120, 987, 2939, 761, 42935, 43457, 43980, 44502
8923 11 -1
21499, 3515, 966, 3033, 760, 42998, 43341, 43686, 44029
8939 11 -1
21537, 3491, 685, 3149, 1649, 43074, 43726, 44380, 45032
8955 11 -1
21569, 2720, 1125, 2039, 1504, 43137, 43666, 44197, 44726
8971 11 -1
21614, 3158, 1356, 3526, 256, 43227, 43960, 44695, 45428
8987 11 -1
21648, 2619, 979, 2895, 1112, 43296, 43500, 43705, 43909
9003 11 -1
21694, 2938, 1080, 2260, 609, 43388, 43962, 44537, 45111
9019 11 -1
21727, 2287, 533, 2516, 328, 43453, 43669, 43887, 44103
9035 11 -1
21758, 2593, 983, 2549, 1184, 43515, 43637, 43760, 43882
9051 11 -1
21781, 3230, 826, 2380, 583, 43562, 44108, 44655, 45201
9067 11 -1
21805, 3212, 1043, 2539, 606, 43609, 44163, 44719, 45273
9083 11 -1
21832, 2531, 1372, 2909, 920, 43664, 44078, 44494, 44908
9099 11 -1
21875, 3099, 1812, 2834, 775, 43750, 44400, 45052, 45702
9115 11 -1
21901, 2637, 1354, 2659, 687, 43802, 44146, 44491, 44835
9131 11 -1
21928, 3896, 1059, 1020, 886, 43855, 45379, 46904, 48428
9147 11 -1
21970, 2744, 729, 2884, 1343, 43940, 44316, 44694, 45070
9163 11 -1
21997, 2309, 1862, 3790, 976, 43993, 45176, 46360, 47543
9179 11 -1
22017, 2651, 1511, 2388, 1435, 44033, 44202, 44372, 44541
9195 11 -1
22043, 2635, 183, 3361, 494, 44085, 44603, 45122, 45640
9211 11 -1
22089, 3067, 1331, 2555, 966, 44178, 44616, 45055, 45493
9227 11 -1
22133, 3318, 1343, 3049, 1544, 44265, 44499, 44735, 44969
9243 11 -1
22164, 2594, 1192, 3654, 457, 44328, 45225, 46123, 47020
9259 11 -1
22210, 3012, 994, 2222, 2033, 44420, 45334, 46249, 47163
9275 11 -1
22240, 2774, 775, 2648, 951, 44480, 44630, 44782, 44932
9291 11 -1
22279, 2789, 1043, 2669, 1273, 44558, 44732, 44908, 45082
9307 11 -1
22312, 2567, 833, 2784, 452, 44624, 44922, 45222, 45520
9323 11 -1
22373, 2849, 1447, 3316, 1602, 44746, 45056, 45368, 45678
9339 11 -1
22413, 3379, 951, 2843, 1222, 44826, 45229, 45633, 46036
9355 11 -1
22454, 2950, 978, 3356, 844, 44907, 45176, 45447, 45716
9371 11 -1
22495, 2302, 234, 2788, 896, 44989, 45562, 46137, 46710
9387 11 -1
22532, 2807, 271, 2577, 723, 45064, 45404, 45746, 46086
9403 11 -1
22568, 3204, 1222, 3450, 1507, 45135, 45400, 45666, 45931
9419 11 -1
22620, 2820, 481, 2961, 524, 45240, 45331, 45424, 45515
9435 11 -1
22670, 2186, 1265, 2904, 554, 45339, 46053, 46768, 47482
9451 11 -1
22708, 3386, 28, 1975, 841, 45416, 46527, 47640, 48751
9467 11 -1
22745, 2823, 981, 2315, 1715, 45489, 46109, 46731, 47351
9483 11 -1
22807, 3305, 417, 3308, 1496, 45613, 46153, 46695, 47235
9499 11 -1
22842, 3108, 1418, 2599, 718, 45683, 46287, 46892, 47496
9515 11 -1
22878, 2969, 706, 2557, 1912, 45756, 46564, 47374, 48182
9531 11 -1
22944, 2155, 489, 3538, 1257, 45887, 46962, 48038, 49113
9547 11 -1
22981, 2756, 1634, 2556, 642, 45962, 46557, 47154, 47749
9563 11 -1
23021, 3473, 1173, 2815, 878, 46041, 46517, 46994, 47470
9579 11 -1
23067, 2939, 1487, 2385, 1309, 46134, 46499, 46866, 47231
9595 11 -1
23100, 3508, 642, 2967, 899, 46199, 46597, 46997, 47395
9611 11 -1
23176, 2281, 1304, 3014, 1519, 46351, 46824, 47299, 47772
9627 11 -1
23219, 1868, 1138, 2567, 1120, 46437, 46795, 47154, 47512
9643 11 -1
23253, 2637, 781, 2760, 794, 46505, 46572, 46641, 46708
9659 11 -1
23306, 3460, 1405, 3524, 160, 46612, 47266, 47921, 48575
9675 11 -1
23358, 2413, 1990, 2790, 1632, 46716, 47083, 47451, 47818
9691 11 -1
23400, 3836, 172, 2499, 674, 46800, 47719, 48639, 49558
9707 11 -1
23463, 3234, 352, 2056, 1249, 46926, 47963, 49001, 50038
9723 11 -1
23524, 2842, 1470, 2860, 1795, 47047, 47218, 47390, 47561
9739 11 -1
23560, 2443, 929, 2601, 334, 47120, 47496, 47873, 48249
9755 11 -1
23608, 2626, 475, 3447, 942, 47216, 47859, 48504, 49147
9771 11 -1
23645, 2707, 1141, 2407, 1073, 47289, 47472, 47657, 47840
9787 11 -1
23714, 3228, 928, 2946, 1673, 47427, 47940, 48454, 48967
9803 11 -1
23761, 2442, 1035, 2243, 1565, 47522, 47886, 48251, 48615
9819 11 -1
23810, 2993, 1265, 3022, 1329, 47619, 47665, 47712, 47758
9835 11 -1
23863, 2906, 552, 3085, 700, 47726, 47889, 48053, 48216
9851 11 -1
23909, 2648, 728, 2887, 934, 47817, 48039, 48262, 48484
9867 11 -1
23968, 3677, 1458, 3322, 1795, 47935, 48280, 48627, 48972
9883 11 -1
24027, 3223, 1151, 2958, 1065, 48053, 48228, 48404, 48579
9899 11 -1
24105, 3521, 1304, 2534, 1171, 48210, 48769, 49330, 49889
9915 11 -1
24157, 2449, 621, 3357, 1039, 48314, 48976, 49640, 50302
9931 11 -1
24223, 3327, 723, 3723, 1423, 48445, 48992, 49541, 50088
9947 11 -1
24297, 2657, 1674, 2322, 1859, 48593, 48852, 49113, 49372
9963 11 -1
24391, 3170, 1081, 2863, 1154, 48781, 48970, 49161, 49350
9979 11 -1
24518, 3409, 866, 2822, 971, 49035, 49380, 49727, 50072
9995 11 -1
24708, 2692, 1011, 2709, 1149, 49416, 49493, 49571, 49648
