10000 10000 50000
1
10 6250 3750
299
1 10 0 35632 5
0
2 10 0 35632 5
0
3 10 0 35632 5
0
4 10 0 35632 5
0
5 10 0 35632 5
0
6 10 0 35632 5
0
7 10 0 35632 5
0
8 10 0 35632 5
0
9 10 0 35632 5
0
10 10 0 35632 5
0
11 10 0 35632 5
0
12 10 0 35632 5
0
13 10 0 35632 5
0
14 10 0 35632 5
0
15 10 0 35632 5
0
16 10 0 35632 5
0
17 10 0 35632 5
0
18 10 0 35632 5
0
19 10 0 35632 5
0
20 10 0 35632 5
0
21 10 0 35632 5
0
22 10 0 35632 5
0
23 10 0 35632 5
0
24 10 0 35632 5
0
25 10 0 35632 5
0
26 10 0 35632 5
0
27 10 0 35632 5
0
28 10 0 35632 5
0
29 10 0 35632 5
0
30 10 0 35632 5
0
31 10 0 35632 5
0
32 10 0 35632 5
0
33 10 0 35632 5
0
34 10 0 35632 5
0
35 10 0 35632 5
0
36 10 0 35632 5
0
37 10 0 35632 5
0
38 10 0 35632 5
0
39 10 0 35632 5
0
40 10 0 35632 5
0
41 10 0 35632 5
0
42 10 0 35632 5
0
43 10 0 35632 5
0
44 10 0 35632 5
0
45 10 0 35632 5
0
46 10 0 35632 5
0
47 10 0 35632 5
0
48 10 0 35632 5
0
49 10 0 35632 5
0
50 10 0 35632 5
0
51 10 0 35632 5
0
52 10 0 35632 5
0
53 10 0 35632 5
0
54 10 0 35632 5
0
55 10 0 35632 5
0
56 10 0 35632 5
0
57 10 0 35632 5
0
58 10 0 35632 5
0
59 10 0 35632 5
0
60 10 0 35632 5
0
61 10 0 35632 5
0
62 10 0 35632 5
0
63 10 0 35632 5
0
64 10 0 35632 5
0
65 10 0 35632 5
0
66 10 0 35632 5
0
67 10 0 35632 5
0
68 10 0 35632 5
0
69 10 0 35632 5
0
70 10 0 35632 5
0
71 10 0 35632 5
0
72 10 0 35632 5
0
73 10 0 35632 5
0
74 10 0 35632 5
0
75 10 0 35632 5
0
76 10 0 35632 5
0
77 10 0 35632 5
0
78 10 0 35632 5
0
79 10 0 35632 5
0
80 10 0 35632 5
0
81 10 0 35632 5
0
82 10 0 35632 5
0
83 10 0 35632 5
0
84 10 0 35632 5
0
85 10 0 35632 5
0
86 10 0 35632 5
0
87 10 0 35632 5
0
88 10 0 35632 5
0
89 10 0 35632 5
0
90 10 0 35632 5
0
91 10 0 35632 5
0
92 10 0 35632 5
0
93 10 0 35632 5
0
94 10 0 35632 5
0
95 10 0 35632 5
0
96 10 0 35632 5
0
97 10 0 35632 5
0
98 10 0 35632 5
0
99 10 0 35632 5
0
100 10 0 35632 5
0
101 10 0 35632 5
0
102 10 0 35632 5
0
103 10 0 35632 5
0
104 10 0 35632 5
0
105 10 0 35632 5
0
106 10 0 35632 5
0
107 10 0 35632 5
0
108 10 0 35632 5
0
109 10 0 35632 5
0
110 10 0 35632 5
0
111 10 0 35632 5
0
112 10 0 35632 5
0
113 10 0 35632 5
0
114 10 0 35632 5
0
115 10 0 35632 5
0
116 10 0 35632 5
0
117 10 0 35632 5
0
118 10 0 35632 5
0
119 10 0 35632 5
0
120 10 0 35632 5
0
121 10 0 35632 5
0
122 10 0 35632 5
0
123 10 0 35632 5
0
124 10 0 35632 5
0
125 10 0 35632 5
0
126 10 0 35632 5
0
127 10 0 35632 5
0
128 10 0 35632 5
0
129 10 0 35632 5
0
130 10 0 35632 5
0
131 10 0 35632 5
0
132 10 0 35632 5
0
133 10 0 35632 5
0
134 10 0 35632 5
0
135 10 0 35632 5
0
136 10 0 35632 5
0
137 10 0 35632 5
0
138 10 0 35632 5
0
139 10 0 35632 5
0
140 10 0 35632 5
0
141 10 0 35632 5
0
142 10 0 35632 5
0
143 10 0 35632 5
0
144 10 0 35632 5
0
145 10 0 35632 5
0
146 10 0 35632 5
0
147 10 0 35632 5
0
148 10 0 35632 5
0
149 10 0 35632 5
0
150 10 0 35632 5
0
151 10 0 35632 5
0
152 10 0 35632 5
0
153 10 0 35632 5
0
154 10 0 35632 5
0
155 10 0 35632 5
0
156 10 0 35632 5
0
157 10 0 35632 5
0
158 10 0 35632 5
0
159 10 0 35632 5
0
160 10 0 35632 5
0
161 10 0 35632 5
0
162 10 0 35632 5
0
163 10 0 35632 5
0
164 10 0 35632 5
0
165 10 0 35632 5
0
166 10 0 35632 5
0
167 10 0 35632 5
0
168 10 0 35632 5
0
169 10 0 35632 5
0
170 10 0 35632 5
0
171 10 0 35632 5
0
172 10 0 35632 5
0
173 10 0 35632 5
0
174 10 0 35632 5
0
175 10 0 35632 5
0
176 10 0 35632 5
0
177 10 0 35632 5
0
178 10 0 35632 5
0
179 10 0 35632 5
0
180 10 0 35632 5
0
181 10 0 35632 5
0
182 10 0 35632 5
0
183 10 0 35632 5
0
184 10 0 35632 5
0
185 10 0 35632 5
0
186 10 0 35632 5
0
187 10 0 35632 5
0
188 10 0 35632 5
0
189 10 0 35632 5
0
190 10 0 35632 5
0
191 10 0 35632 5
0
192 10 0 35632 5
0
193 10 0 35632 5
0
194 10 0 35632 5
0
195 10 0 35632 5
0
196 10 0 35632 5
0
197 10 0 35632 5
0
198 10 0 35632 5
0
199 10 0 35632 5
0
200 10 0 35632 5
0
201 10 0 35632 5
0
202 10 0 35632 5
0
203 10 0 35632 5
0
204 10 0 35632 5
0
205 10 0 35632 5
0
206 10 0 35632 5
0
207 10 0 35632 5
0
208 10 0 35632 5
0
209 10 0 35632 5
0
210 10 0 35632 5
0
211 10 0 35632 5
0
212 10 0 35632 5
0
213 10 0 35632 5
0
214 10 0 35632 5
0
215 10 0 35632 5
0
216 10 0 35632 5
0
217 10 0 35632 5
0
218 10 0 35632 5
0
219 10 0 35632 5
0
220 10 0 35632 5
0
221 10 0 35632 5
0
222 10 0 35632 5
0
223 10 0 35632 5
0
224 10 0 35632 5
0
225 10 0 35632 5
0
226 10 0 35632 5
0
227 10 0 35632 5
0
228 10 0 35632 5
0
229 10 0 35632 5
0
230 10 0 35632 5
0
231 10 0 35632 5
0
232 10 0 35632 5
0
233 10 0 35632 5
0
234 10 0 35632 5
0
235 10 0 35632 5
0
236 10 0 35632 5
0
237 10 0 35632 5
0
238 10 0 35632 5
0
239 10 0 35632 5
0
240 10 0 35632 5
0
241 10 0 35632 5
0
242 10 0 35632 5
0
243 10 0 35632 5
0
244 10 0 35632 5
0
245 10 0 35632 5
0
246 10 0 35632 5
0
247 10 0 35632 5
0
248 10 0 35632 5
0
249 10 0 35632 5
0
250 10 0 35632 5
0
251 10 0 35632 5
0
252 10 0 35632 5
0
253 10 0 35632 5
0
254 10 0 35632 5
0
255 10 0 35632 5
0
256 10 0 35632 5
0
257 10 0 35632 5
0
258 10 0 35632 5
0
259 10 0 35632 5
0
260 10 0 35632 5
0
261 10 0 35632 5
0
262 10 0 35632 5
0
263 10 0 35632 5
0
264 10 0 35632 5
0
265 10 0 35632 5
0
266 10 0 35632 5
0
267 10 0 35632 5
0
268 10 0 35632 5
0
269 10 0 35632 5
0
270 10 0 35632 5
0
271 10 0 35632 5
0
272 10 0 35632 5
0
273 10 0 35632 5
0
274 10 0 35632 5
0
275 10 0 35632 5
0
276 10 0 35632 5
0
277 10 0 35632 5
0
278 10 0 35632 5
0
279 10 0 35632 5
0
280 10 0 35632 5
0
281 10 0 35632 5
0
282 10 0 35632 5
0
283 10 0 35632 5
0
284 10 0 35632 5
0
285 10 0 35632 5
0
286 10 0 35632 5
0
287 10 0 35632 5
0
288 10 0 35632 5
0
289 10 0 35632 5
0
290 10 0 35632 5
0
291 10 0 35632 5
0
292 10 0 35632 5
0
293 10 0 35632 5
0
294 10 0 35632 5
0
295 10 0 35632 5
0
296 10 0 35632 5
0
297 10 0 35632 5
0
298 10 0 35632 5
0
299 10 0 35632 5
0
625
10 10 -1
1, 2301, 602, 3503, 723, 1, 662, 1324, 1985
26 10 -1
1, 2584, 2148, 3774, 1375, 1, 982, 1964, 2945
42 10 -1
1, 2909, 1262, 2202, 1342, 1, 394, 788, 1181
58 10 -1
1, 3112, 910, 4030, 381, 1, 724, 1448, 2171
74 10 -1
1, 3571, 1738, 3203, 554, 1, 776, 1553, 2328
90 10 -1
195, 2034, 52, 2623, 1494, 390, 1405, 2421, 3436
106 10 -1
619, 2999, 562, 1731, 1495, 1237, 2337, 3438, 4538
122 10 -1
1022, 3053, 1102, 3193, 589, 2043, 2369, 2696, 3022
138 10 -1
1267, 2526, 1631, 2819, 1298, 2534, 2846, 3160, 3472
154 10 -1
1610, 3218, 602, 2949, 1492, 3220, 3799, 4379, 4958
170 10 -1
1979, 3091, 1480, 9999, 8971, 3958, 11157, 18357, 25556
186 10 -1
2141, 3096, 1443, 2746, 790, 4282, 4783, 5285, 5786
202 10 -1
2325, 2914, 764, 3268, 629, 4649, 4893, 5138, 5382
218 10 -1
2538, 3368, 751, 3024, 596, 5076, 5325, 5575, 5824
234 10 -1
2751, 3109, 448, 2129, 680, 5501, 6106, 6713, 7318
250 10 -1
2919, 3013, 1127, 2828, 729, 5837, 6128, 6420, 6711
266 10 -1
3145, 3198, 1234, 3043, 1753, 6290, 6626, 6964, 7300
282 10 -1
3318, 3355, 1910, 3281, 1432, 6636, 6911, 7188, 7463
298 10 -1
3455, 2191, 1481, 3390, 396, 6910, 8051, 9194, 10335
314 10 -1
3574, 2823, 719, 2610, 636, 7148, 7295, 7444, 7591
330 10 -1
3744, 3458, 389, 3044, 734, 7488, 7867, 8247, 8626
346 10 -1
3926, 2562, 1204, 2486, 263, 7851, 8359, 8868, 9376
362 10 -1
4083, 3103, 1392, 1818, 3859, 8165, 10040, 11917, 13792
378 10 -1
4212, 2337, 1582, 2752, 2043, 8423, 8860, 9299, 9736
394 10 -1
4389, 2867, 312, 2007, 1793, 8778, 9948, 11119, 12289
410 10 -1
4586, 2887, 1232, 2351, 1504, 9171, 9574, 9979, 10382
426 10 -1
4695, 2269, 345, 3571, 1134, 9389, 10434, 11480, 12525
442 10 -1
4825, 2289, 1520, 3132, 1921, 9650, 10271, 10894, 11515
458 10 -1
4918, 3241, 1295, 3212, 1534, 9836, 9969, 10104, 10237
474 10 -1
5086, 3291, 2425, 2736, 1364, 10171, 10978, 11787, 12594
490 10 -1
5203, 3259, 1775, 3258, 983, 10406, 10802, 11199, 11595
506 10 -1
5297, 2106, 1419, 3331, 658, 10593, 11585, 12579, 13571
522 10 -1
5426, 3067, 2, 1855, 1043, 10852, 11978, 13105, 14231
538 10 -1
5514, 2815, 985, 479, 30, 11028, 12673, 14319, 15964
554 10 -1
5599, 2930, 767, 2818, 1448, 11197, 11593, 11990, 12386
570 10 -1
5730, 2520, 1260, 2591, 1024, 11460, 11613, 11767, 11920
586 10 -1
5883, 2916, 1329, 3827, 714, 11766, 12528, 13292, 14054
602 10 -1
5997, 2765, 928, 3168, 695, 11994, 12311, 12630, 12947
618 10 -1
6084, 2782, 912, 2405, 564, 12167, 12529, 12892, 13254
634 10 -1
6164, 2176, 1615, 2218, 1171, 12327, 12569, 12813, 13055
650 10 -1
6257, 2548, 1574, 3488, 1688, 12513, 13039, 13567, 14093
666 10 -1
6336, 2697, 12, 2983, 870, 12671, 13242, 13815, 14386
682 10 -1
6430, 2444, 1933, 2713, 332, 12860, 13794, 14730, 15664
698 10 -1
6514, 3031, 678, 2276, 1402, 13028, 13767, 14507, 15246
714 10 -1
6614, 2337, 689, 2936, 1155, 13228, 13760, 14293, 14825
730 10 -1
6680, 3895, 1347, 2000, 300, 13360, 14830, 16302, 17772
746 10 -1
6778, 2555, 1037, 1995, 1327, 13555, 13979, 14405, 14829
762 10 -1
6830, 2930, 1123, 2424, 662, 13660, 14143, 14627, 15110
778 10 -1
6884, 3190, 1801, 9999, 8992, 13767, 20766, 27767, 34766
794 10 -1
6952, 3133, 691, 2713, 1177, 13904, 14356, 14810, 15262
810 10 -1
7042, 3116, 1376, 2414, 462, 14084, 14891, 15700, 16507
826 10 -1
7117, 1939, 1440, 3159, 1279, 14233, 14923, 15614, 16304
842 10 -1
7198, 2530, 1611, 2701, 2001, 14396, 14676, 14957, 15237
858 10 -1
7304, 2994, 972, 1881, 1213, 14608, 15284, 15962, 16638
874 10 -1
7388, 2140, 720, 2734, 1519, 14775, 15471, 16168, 16864
890 10 -1
7428, 2972, 1122, 3484, 1222, 14856, 15161, 15468, 15773
906 10 -1
7482, 2616, 860, 3232, 1861, 14964, 15772, 16581, 17389
922 10 -1
7534, 2918, 388, 2097, 1536, 15068, 16052, 17037, 18021
938 10 -1
7615, 3427, 1501, 3061, 1266, 15229, 15529, 15830, 16130
954 10 -1
7669, 1718, 795, 2831, 385, 15338, 16099, 16861, 17622
970 10 -1
7734, 2191, 590, 3404, 1064, 15468, 16311, 17155, 17998
986 10 -1
7804, 2798, 1322, 2782, 1573, 15608, 15741, 15875, 16008
1002 10 -1
7855, 2998, 1142, 2529, 1, 15710, 16514, 17320, 18124
1018 10 -1
7890, 2572, 893, 2710, 956, 15780, 15880, 15981, 16081
1034 10 -1
7946, 2953, 1950, 3520, 1477, 15892, 16411, 16932, 17451
1050 10 -1
7979, 2220, 1462, 9999, 2665, 15958, 20448, 24940, 29430
1066 10 -1
8019, 3436, 871, 3107, 1820, 16037, 16675, 17315, 17953
1082 10 -1
8079, 3013, 1201, 2400, 1266, 16158, 16496, 16836, 17174
1098 10 -1
8134, 2702, 357, 1944, 1313, 16267, 17123, 17981, 18837
1114 10 -1
8186, 3134, 231, 2785, 657, 16372, 16759, 17147, 17534
1130 10 -1
8248, 3383, 121, 3032, 1232, 16496, 17226, 17958, 18688
1146 10 -1
8301, 2372, 1020, 3019, 380, 16602, 17245, 17889, 18532
1162 10 -1
8339, 2994, 1449, 893, 4314, 16678, 19160, 21644, 24126
1178 10 -1
8358, 3141, 1033, 3329, 1076, 16715, 16830, 16946, 17061
1194 10 -1
8390, 3272, 1379, 3083, 1439, 16779, 16903, 17028, 17152
1210 10 -1
8444, 2603, 2043, 9999, 5359, 16887, 22242, 27599, 32954
1226 10 -1
8483, 2667, 1018, 2173, 743, 16966, 17350, 17735, 18119
1242 10 -1
8530, 2405, 135, 2749, 1170, 17060, 17749, 18439, 19128
1258 10 -1
8571, 1984, 366, 3418, 1621, 17141, 18485, 19830, 21174
1274 10 -1
8620, 3226, 1318, 3268, 1427, 17239, 17314, 17390, 17465
1290 10 -1
8683, 2987, 1103, 3127, 873, 17365, 17549, 17735, 17919
1306 10 -1
8731, 2688, 1058, 1748, 1125, 17462, 17965, 18469, 18972
1322 10 -1
8782, 3033, 1251, 2625, 974, 17564, 17906, 18249, 18591
1338 10 -1
8838, 2336, 1192, 2182, 607, 17675, 18044, 18414, 18783
1354 10 -1
8880, 2858, 1221, 3089, 749, 17760, 18111, 18463, 18814
1370 10 -1
8921, 3225, 1767, 3674, 639, 17842, 18630, 19419, 20207
1386 10 -1
8954, 2969, 441, 9999, 4424, 17908, 23414, 28921, 34427
1402 10 -1
8988, 2362, 900, 2955, 1081, 17976, 18362, 18750, 19136
1418 10 -1
9039, 3346, 1442, 2828, 97, 18077, 19008, 19940, 20871
1434 10 -1
9081, 2671, 847, 3070, 597, 18162, 18486, 18811, 19135
1450 10 -1
9109, 3357, 1038, 3160, 1051, 18217, 18321, 18427, 18531
1466 10 -1
9155, 3143, 1225, 2369, 1293, 18309, 18729, 19151, 19571
1482 10 -1
9192, 2822, 1743, 3109, 1002, 18384, 18897, 19412, 19925
1498 10 -1
9232, 3097, 866, 1316, 9973, 18463, 23906, 29351, 34794
1514 10 -1
9279, 2674, 1201, 3220, 1612, 18557, 19035, 19514, 19992
1530 10 -1
9338, 2348, 1047, 2306, 280, 18676, 19080, 19485, 19889
1546 10 -1
9378, 3073, 652, 2206, 851, 18755, 19287, 19821, 20353
1562 10 -1
9421, 3267, 2249, 3601, 1507, 18842, 19379, 19918, 20455
1578 10 -1
9470, 1776, 963, 1530, 1207, 18939, 19183, 19429, 19673
1594 10 -1
9504, 3250, 1942, 2789, 1725, 19008, 19346, 19686, 20024
1610 10 -1
9555, 2391, 1968, 2291, 705, 19109, 19790, 20472, 21153
1626 10 -1
9602, 2322, 654, 2577, 1175, 19204, 19591, 19980, 20367
1642 10 -1
9658, 2757, 1618, 2764, 1005, 19316, 19625, 19936, 20245
1658 10 -1
9715, 2984, 1850, 2531, 996, 19429, 20082, 20736, 21389
1674 10 -1
9765, 3524, 1443, 2628, 741, 19529, 20327, 21127, 21925
1690 10 -1
9790, 2637, 1244, 3115, 563, 19579, 20158, 20738, 21317
1706 10 -1
9841, 2052, 1788, 3141, 1169, 19681, 20534, 21389, 22242
1722 10 -1
9875, 2724, 973, 3045, 528, 19750, 20132, 20516, 20898
1738 10 -1
9918, 2448, 681, 2321, 1351, 19836, 20234, 20633, 21031
1754 10 -1
9955, 2769, 894, 2741, 915, 19910, 19934, 19959, 19983
1770 10 -1
10012, 2602, 876, 2347, 1041, 20023, 20232, 20443, 20652
1786 10 -1
10046, 2777, 1824, 3020, 1430, 20091, 20409, 20728, 21046
1802 10 -1
10101, 2414, 1742, 2978, 978, 20201, 20864, 21529, 22192
1818 10 -1
10130, 3161, 896, 3601, 1852, 20260, 20957, 21656, 22353
1834 10 -1
10162, 2030, 506, 2698, 601, 20323, 20704, 21086, 21467
1850 10 -1
10217, 3269, 1327, 2840, 1163, 20434, 20730, 21027, 21323
1866 10 -1
10235, 2346, 777, 2779, 979, 20469, 20786, 21104, 21421
1882 10 -1
10288, 2501, 1465, 2520, 2005, 20575, 20854, 21134, 21413
1898 10 -1
10322, 2936, 1000, 2327, 661, 20644, 21117, 21592, 22065
1914 10 -1
10367, 2805, 1458, 2216, 498, 20734, 21508, 22283, 23057
1930 10 -1
10417, 2385, 1869, 2808, 453, 20834, 21753, 22673, 23592
1946 10 -1
10441, 2236, 1321, 2985, 1400, 20882, 21295, 21710, 22123
1962 10 -1
10476, 2635, 603, 3587, 844, 20952, 21548, 22145, 22741
1978 10 -1
10514, 2364, 1185, 2195, 911, 21027, 21248, 21470, 21691
1994 10 -1
10546, 3537, 1219, 2226, 995, 21091, 21858, 22626, 23393
2010 10 -1
10571, 3398, 1526, 2909, 555, 21141, 21870, 22601, 23330
2026 10 -1
10600, 3162, 277, 2775, 1455, 21200, 21982, 22765, 23547
2042 10 -1
10634, 2073, 753, 2783, 1443, 21267, 21966, 22667, 23366
2058 10 -1
10651, 2962, 492, 3343, 2545, 21301, 22517, 23735, 24951
2074 10 -1
10677, 2145, 1666, 2143, 268, 21354, 22053, 22754, 23453
2090 10 -1
10706, 3465, 240, 2672, 474, 21411, 21924, 22438, 22951
2106 10 -1
10742, 2389, 829, 2845, 1165, 21484, 21879, 22276, 22671
2122 10 -1
10768, 2197, 980, 2627, 1168, 21536, 21844, 22154, 22462
2138 10 -1
10798, 2949, 597, 3447, 1252, 21595, 22171, 22748, 23324
2154 10 -1
10844, 2975, 1238, 2551, 947, 21687, 22044, 22402, 22759
2170 10 -1
10886, 3061, 1447, 2968, 531, 21772, 22276, 22781, 23285
2186 10 -1
10912, 2861, 1158, 9999, 8334, 21824, 28980, 36138, 43294
2202 10 -1
10966, 2473, 1331, 3347, 1483, 21931, 22443, 22957, 23469
2218 10 -1
10986, 2365, 978, 3112, 1485, 21971, 22597, 23225, 23851
2234 10 -1
11020, 3120, 1320, 2118, 1573, 22039, 22666, 23294, 23921
2250 10 -1
11051, 3913, 772, 2490, 1136, 22101, 22994, 23888, 24781
2266 10 -1
11097, 2994, 1583, 2906, 1069, 22193, 22493, 22795, 23095
2282 10 -1
11126, 1664, 492, 9999, 6724, 22252, 29535, 36819, 44102
2298 10 -1
11154, 2885, 1790, 3082, 1311, 22308, 22645, 22984, 23321
2314 10 -1
11187, 3202, 1359, 3226, 1606, 22374, 22509, 22645, 22780
2330 10 -1
11224, 2676, 1600, 2800, 1105, 22448, 22757, 23067, 23376
2346 10 -1
11254, 2585, 1421, 3777, 1629, 22508, 23207, 23908, 24607
2362 10 -1
11278, 2743, 1432, 1697, 1056, 22555, 23265, 23977, 24687
2378 10 -1
11320, 2768, 1539, 2040, 417, 22639, 23563, 24489, 25413
2394 10 -1
11356, 3527, 1223, 2739, 1377, 22711, 23181, 23653, 24123
2410 10 -1
11376, 2816, 755, 2622, 354, 22751, 23048, 23346, 23643
2426 10 -1
11419, 3146, 850, 3136, 637, 22837, 22948, 23060, 23171
2442 10 -1
11449, 2898, 1019, 1723, 1423, 22898, 23687, 24477, 25266
2458 10 -1
11475, 3645, 548, 1813, 525, 22950, 23877, 24805, 25732
2474 10 -1
11511, 2224, 376, 3390, 515, 23021, 23673, 24326, 24978
2490 10 -1
11548, 3418, 1600, 22, 1057, 23095, 25064, 27034, 29003
2506 10 -1
11572, 2356, 936, 2573, 1169, 23144, 23368, 23594, 23818
2522 10 -1
11607, 3544, 346, 1502, 1260, 23213, 24690, 26169, 27646
2538 10 -1
11631, 3518, 1614, 2681, 1195, 23261, 23888, 24517, 25144
2554 10 -1
11663, 2588, 1135, 3040, 1071, 23325, 23582, 23841, 24098
2570 10 -1
11692, 3059, 786, 2611, 1113, 23384, 23771, 24159, 24546
2586 10 -1
11720, 3029, 1806, 2732, 984, 23440, 23999, 24559, 25118
2602 10 -1
11755, 3057, 947, 2900, 1094, 23509, 23660, 23813, 23964
2618 10 -1
11791, 3078, 1698, 3400, 1514, 23582, 23834, 24088, 24340
2634 10 -1
11819, 3603, 1493, 3781, 1577, 23637, 23767, 23899, 24029
2650 10 -1
11842, 2893, 1167, 3857, 1059, 23683, 24218, 24755, 25290
2666 10 -1
11884, 3118, 984, 2800, 283, 23768, 24277, 24787, 25296
2682 10 -1
11912, 2867, 1626, 3907, 433, 23824, 24940, 26057, 27173
2698 10 -1
11955, 2638, 367, 2734, 310, 23910, 23986, 24063, 24139
2714 10 -1
11974, 2509, 1363, 2570, 1145, 23947, 24086, 24226, 24365
2730 10 -1
12010, 2483, 1384, 2616, 1252, 24019, 24151, 24284, 24416
2746 10 -1
12047, 1843, 1748, 2758, 400, 24094, 25225, 26357, 27488
2762 10 -1
12077, 2443, 1432, 9999, 551, 24153, 28371, 32590, 36808
2778 10 -1
12102, 3126, 611, 3030, 1590, 24203, 24740, 25278, 25815
2794 10 -1
12140, 2211, 590, 2591, 628, 24280, 24488, 24698, 24906
2810 10 -1
12159, 2977, 1369, 2898, 1044, 24318, 24519, 24722, 24923
2826 10 -1
12193, 2392, 407, 1022, 658, 24385, 25195, 26006, 26816
2842 10 -1
12216, 2046, 1005, 2502, 686, 24432, 24819, 25207, 25594
2858 10 -1
12248, 2675, 510, 2700, 1110, 24496, 24808, 25121, 25433
2874 10 -1
12273, 2605, 85, 3286, 1452, 24546, 25569, 26594, 27617
2890 10 -1
12311, 3118, 932, 2128, 444, 24621, 25359, 26099, 26837
2906 10 -1
12331, 2014, 1428, 2478, 1200, 24661, 25006, 25353, 25698
2922 10 -1
12356, 2160, 1416, 2415, 1783, 24711, 25021, 25333, 25643
2938 10 -1
12382, 3326, 872, 1854, 949, 24764, 25538, 26313, 27087
2954 10 -1
12401, 2132, 1021, 2795, 1296, 24801, 25269, 25739, 26207
2970 10 -1
12425, 1741, 1628, 2764, 1040, 24849, 25654, 26460, 27265
2986 10 -1
12463, 3227, 890, 3383, 1059, 24925, 25087, 25250, 25412
3002 10 -1
12488, 1767, 1177, 2911, 1001, 24975, 25634, 26295, 26954
3018 10 -1
12509, 3214, 585, 2488, 1255, 25018, 25715, 26414, 27111
3034 10 -1
12541, 3145, 387, 2343, 853, 25082, 25715, 26350, 26983
3050 10 -1
12559, 3514, 1002, 2854, 1074, 25117, 25482, 25849, 26214
3066 10 -1
12580, 2514, 1753, 2490, 853, 25159, 25620, 26083, 26544
3082 10 -1
12604, 2875, 834, 3234, 1533, 25207, 25735, 26265, 26793
3098 10 -1
12636, 2970, 1237, 2969, 298, 25271, 25740, 26211, 26680
3114 10 -1
12673, 2208, 1489, 2950, 1465, 25345, 25727, 26111, 26493
3130 10 -1
12702, 2641, 1168, 2699, 1928, 25404, 25812, 26222, 26630
3146 10 -1
12729, 2852, 1160, 2767, 1403, 25458, 25621, 25786, 25949
3162 10 -1
12752, 2937, 1413, 3504, 699, 25504, 26144, 26785, 27425
3178 10 -1
12779, 2727, 1160, 3111, 1790, 25557, 26063, 26571, 27077
3194 10 -1
12807, 2349, 1722, 2911, 1004, 25614, 26253, 26894, 27533
3210 10 -1
12821, 2531, 1179, 2401, 1145, 25642, 25723, 25806, 25887
3226 10 -1
12839, 2051, 1185, 2580, 547, 25678, 26261, 26845, 27428
3242 10 -1
12861, 2100, 889, 3301, 489, 25722, 26522, 27323, 28123
3258 10 -1
12890, 1528, 696, 2608, 436, 25779, 26448, 27119, 27788
3274 10 -1
12908, 2271, 787, 2932, 217, 25815, 26430, 27046, 27661
3290 10 -1
12932, 2050, 514, 2941, 1375, 25864, 26739, 27616, 28491
3306 10 -1
12956, 2937, 1142, 3279, 304, 25911, 26500, 27091, 27680
3322 10 -1
12987, 2401, 1368, 1988, 1228, 25974, 26250, 26527, 26803
3338 10 -1
13010, 2889, 1071, 2368, 1122, 26020, 26305, 26592, 26877
3354 10 -1
13031, 2987, 215, 2775, 1445, 26062, 26782, 27504, 28224
3370 10 -1
13059, 1566, 579, 2778, 514, 26118, 26756, 27395, 28033
3386 10 -1
13080, 2847, 1313, 2570, 1272, 26159, 26317, 26477, 26635
3402 10 -1
13102, 3164, 1759, 3420, 1507, 26204, 26457, 26712, 26965
3418 10 -1
13139, 3502, 1495, 1855, 1833, 26278, 27270, 28263, 29255
3434 10 -1
13152, 3263, 47, 3100, 1415, 26303, 27068, 27834, 28599
3450 10 -1
13178, 2139, 1150, 3082, 525, 26356, 27139, 27924, 28707
3466 10 -1
13205, 3050, 1044, 1918, 725, 26409, 27134, 27860, 28585
3482 10 -1
13233, 3206, 1155, 3292, 337, 26466, 26917, 27370, 27821
3498 10 -1
13272, 3223, 1003, 1763, 104, 26544, 27723, 28903, 30082
3514 10 -1
13308, 3403, 763, 2099, 839, 26615, 27304, 27995, 28684
3530 10 -1
13342, 2568, 619, 1729, 363, 26683, 27230, 27778, 28325
3546 10 -1
13370, 2833, 687, 3329, 1191, 26739, 27238, 27739, 28238
3562 10 -1
13391, 2321, 1481, 1938, 963, 26781, 27231, 27682, 28132
3578 10 -1
13414, 2250, 1501, 2730, 781, 26827, 27426, 28027, 28626
3594 10 -1
13434, 3203, 1529, 2592, 345, 26867, 27764, 28662, 29559
3610 10 -1
13466, 1650, 1080, 2147, 850, 26932, 27295, 27659, 28022
3626 10 -1
13489, 2075, 312, 3856, 367, 26978, 27895, 28814, 29731
3642 10 -1
13511, 3208, 693, 2839, 1484, 27021, 27600, 28181, 28760
3658 10 -1
13533, 2338, 990, 3004, 2039, 27066, 27923, 28781, 29638
3674 10 -1
13561, 2397, 719, 30, 247, 27122, 28541, 29961, 31380
3690 10 -1
13590, 3920, 1666, 2632, 1565, 27180, 27874, 28569, 29263
3706 10 -1
13615, 3227, 1238, 735, 1145, 27229, 28521, 29814, 31106
3722 10 -1
13637, 2904, 1833, 3198, 1392, 27273, 27640, 28008, 28375
3738 10 -1
13667, 2122, 646, 1765, 1549, 27334, 27963, 28594, 29223
3754 10 -1
13694, 2724, 1005, 2750, 580, 27388, 27613, 27839, 28064
3770 10 -1
13721, 3160, 831, 2177, 743, 27441, 27976, 28512, 29047
3786 10 -1
13745, 3154, 1154, 2402, 1419, 27490, 27998, 28507, 29015
3802 10 -1
13787, 2265, 904, 3002, 1060, 27573, 28019, 28466, 28912
3818 10 -1
13809, 3034, 1720, 2847, 2004, 27617, 27852, 28088, 28323
3834 10 -1
13841, 3027, 488, 2932, 426, 27682, 27760, 27839, 27917
3850 10 -1
13871, 2393, 700, 3297, 1069, 27742, 28378, 29015, 29651
3866 10 -1
13895, 2917, 1200, 3368, 1431, 27790, 28130, 28472, 28812
3882 10 -1
13923, 3282, 1336, 2706, 1533, 27845, 28231, 28618, 29004
3898 10 -1
13948, 2800, 1385, 3084, 1028, 27896, 28216, 28537, 28857
3914 10 -1
13967, 2596, 891, 3506, 1414, 27934, 28650, 29367, 30083
3930 10 -1
14011, 2740, 1320, 2693, 328, 28022, 28541, 29061, 29580
3946 10 -1
14034, 2168, 303, 2059, 1048, 28068, 28494, 28922, 29348
3962 10 -1
14072, 3248, 513, 3094, 712, 28144, 28320, 28497, 28673
3978 10 -1
14102, 2406, 554, 3592, 2244, 28204, 29641, 31080, 32517
3994 10 -1
14137, 2339, 479, 2054, 556, 28274, 28454, 28636, 28816
4010 10 -1
14161, 1744, 1900, 2443, 583, 28321, 29328, 30337, 31344
4026 10 -1
14193, 2715, 1718, 9999, 413, 28385, 32679, 36974, 41268
4042 10 -1
14216, 2953, 978, 2968, 1272, 28431, 28585, 28740, 28894
4058 10 -1
14234, 2012, 1326, 2264, 1553, 28468, 28707, 28947, 29186
4074 10 -1
14262, 3202, 631, 2586, 1790, 28524, 29411, 30299, 31186
4090 10 -1
14286, 2658, 1035, 2621, 775, 28571, 28719, 28868, 29016
4106 10 -1
14306, 3055, 2022, 2883, 291, 28612, 29563, 30515, 31466
4122 10 -1
14323, 2149, 876, 2479, 1330, 28646, 29037, 29430, 29821
4138 10 -1
14347, 2838, 2204, 2951, 804, 28693, 29449, 30206, 30962
4154 10 -1
14361, 3002, 1037, 2640, 451, 28722, 29195, 29670, 30143
4170 10 -1
14375, 3222, 1135, 2207, 695, 28749, 29476, 30204, 30931
4186 10 -1
14404, 2957, 1452, 3260, 1424, 28807, 28972, 29138, 29303
4202 10 -1
14423, 2409, 1047, 2855, 805, 28845, 29188, 29533, 29876
4218 10 -1
14445, 3071, 747, 9999, 4910, 28889, 34434, 39980, 45525
4234 10 -1
14461, 2963, 273, 2637, 1031, 28921, 29462, 30005, 30546
4250 10 -1
14485, 3264, 1286, 2732, 962, 28969, 29396, 29825, 30252
4266 10 -1
14511, 1699, 619, 2861, 1014, 29022, 29800, 30579, 31357
4282 10 -1
14527, 3188, 2126, 2485, 1158, 29053, 29888, 30724, 31559
4298 10 -1
14546, 2430, 1300, 2505, 980, 29091, 29288, 29486, 29683
4314 10 -1
14576, 2438, 1097, 3505, 1520, 29152, 29896, 30642, 31386
4330 10 -1
14608, 2693, 1435, 2739, 1385, 29216, 29263, 29312, 29359
4346 10 -1
14629, 3434, 1686, 3132, 189, 29258, 30157, 31057, 31956
4362 10 -1
14651, 2392, 1826, 9999, 8344, 29301, 36363, 43426, 50488
4378 10 -1
14673, 2544, 55, 3261, 420, 29345, 29885, 30427, 30967
4394 10 -1
14691, 3484, 1156, 2519, 1246, 29382, 29909, 30437, 30964
4410 10 -1
14714, 3716, 2548, 4039, 726, 29428, 30500, 31573, 32645
4426 10 -1
14744, 2762, 1834, 3571, 379, 29488, 30619, 31752, 32883
4442 10 -1
14759, 2577, 667, 3912, 1127, 29518, 30415, 31313, 32210
4458 10 -1
14789, 3049, 982, 2640, 1590, 29577, 30085, 30594, 31102
4474 10 -1
14809, 2674, 1262, 2271, 1299, 29618, 29837, 30058, 30277
4490 10 -1
14836, 2880, 833, 1764, 1820, 29671, 30722, 31774, 32825
4506 10 -1
14865, 3298, 1711, 3067, 1385, 29730, 30008, 30287, 30565
4522 10 -1
14899, 2786, 1079, 3748, 501, 29797, 30566, 31337, 32106
4538 10 -1
14921, 2651, 596, 2621, 428, 29841, 29939, 30039, 30137
4554 10 -1
14949, 3499, 925, 2767, 1090, 29898, 30346, 30795, 31243
4570 10 -1
14974, 3576, 1432, 3046, 1086, 29947, 30384, 30823, 31260
4586 10 -1
14995, 2141, 272, 2622, 1482, 29990, 30835, 31681, 32526
4602 10 -1
15018, 3366, 1525, 2870, 920, 30036, 30586, 31137, 31687
4618 10 -1
15039, 2451, 1242, 3493, 1175, 30077, 30631, 31186, 31740
4634 10 -1
15049, 3446, 593, 2279, 1079, 30097, 30923, 31750, 32576
4650 10 -1
15082, 2502, 1477, 2459, 1831, 30163, 30361, 30560, 30758
4666 10 -1
15098, 3483, 1384, 2893, 1570, 30195, 30582, 30971, 31358
4682 10 -1
15124, 2487, 1033, 2742, 1688, 30247, 30701, 31157, 31611
4698 10 -1
15139, 2691, 338, 3126, 647, 30278, 30649, 31022, 31393
4714 10 -1
15171, 2473, 983, 2785, 1490, 30341, 30750, 31160, 31569
4730 10 -1
15194, 2114, 1297, 2556, 892, 30388, 30811, 31235, 31658
4746 10 -1
15212, 3155, 1849, 3265, 804, 30423, 31000, 31578, 32155
4762 10 -1
15237, 2312, 366, 2883, 1136, 30473, 31143, 31814, 32484
4778 10 -1
15256, 2519, 807, 2838, 1513, 30512, 31024, 31537, 32049
4794 10 -1
15279, 2741, 1643, 2999, 896, 30557, 31059, 31562, 32064
4810 10 -1
15294, 2572, 1358, 9999, 5532, 30588, 36388, 42189, 47989
4826 10 -1
15309, 3605, 1757, 2633, 985, 30617, 31488, 32361, 33232
4842 10 -1
15337, 2580, 2138, 2530, 943, 30674, 31296, 31919, 32541
4858 10 -1
15358, 2564, 1205, 2522, 223, 30716, 31227, 31740, 32251
4874 10 -1
15382, 2569, 1617, 2604, 610, 30763, 31283, 31805, 32325
4890 10 -1
15399, 3083, 1033, 3069, 788, 30797, 30926, 31056, 31185
4906 10 -1
15419, 3720, 686, 3060, 315, 30837, 31352, 31868, 32383
4922 10 -1
15431, 2030, 995, 3302, 271, 30862, 31859, 32858, 33855
4938 10 -1
15458, 2656, 622, 3306, 1456, 30916, 31657, 32400, 33141
4954 10 -1
15493, 2411, 767, 2295, 833, 30986, 31076, 31168, 31258
4970 10 -1
15515, 3433, 1319, 2138, 1116, 31030, 31778, 32528, 33276
4986 10 -1
15549, 1961, 1085, 2713, 1182, 31098, 31522, 31947, 32371
5002 10 -1
15566, 3060, 770, 2973, 1148, 31132, 31364, 31597, 31829
5018 10 -1
15583, 3088, 1804, 1706, 925, 31166, 32296, 33427, 34557
5034 10 -1
15603, 1866, 969, 1650, 685, 31205, 31454, 31705, 31954
5050 10 -1
15626, 2934, 1292, 3760, 793, 31252, 31914, 32577, 33239
5066 10 -1
15663, 2669, 1114, 2542, 376, 31326, 31758, 32191, 32623
5082 10 -1
15684, 3333, 659, 312, 696, 31367, 32895, 34425, 35953
5098 10 -1
15700, 3320, 1687, 2146, 505, 31399, 32576, 33755, 34932
5114 10 -1
15724, 2547, 961, 3476, 1231, 31447, 32046, 32646, 33245
5130 10 -1
15743, 2560, 1220, 3095, 1800, 31485, 32042, 32600, 33157
5146 10 -1
15767, 3238, 154, 3659, 651, 31533, 31991, 32451, 32909
5162 10 -1
15784, 2615, 532, 2827, 726, 31567, 31769, 31973, 32175
5178 10 -1
15804, 1714, 895, 2809, 1302, 31607, 32357, 33109, 33859
5194 10 -1
15820, 2978, 1630, 2286, 1199, 31640, 32201, 32763, 33324
5210 10 -1
15855, 3534, 1727, 9999, 538, 31709, 35535, 39363, 43189
5226 10 -1
15882, 3754, 937, 3194, 1480, 31764, 32315, 32867, 33418
5242 10 -1
15903, 2132, 1324, 3786, 1094, 31805, 32746, 33689, 34630
5258 10 -1
15928, 2044, 1336, 2350, 1144, 31855, 32103, 32353, 32601
5274 10 -1
15950, 2694, 572, 2831, 1002, 31900, 32183, 32467, 32750
5290 10 -1
15968, 2508, 1356, 2951, 1541, 31935, 32248, 32563, 32876
5306 10 -1
15992, 2949, 198, 1788, 978, 31983, 32953, 33924, 34894
5322 10 -1
16013, 3240, 1624, 2504, 1182, 32026, 32614, 33204, 33792
5338 10 -1
16041, 3247, 1673, 2511, 443, 32081, 33063, 34047, 35029
5354 10 -1
16062, 2262, 1638, 3146, 392, 32123, 33187, 34253, 35317
5370 10 -1
16085, 1986, 1506, 1929, 748, 32169, 32576, 32984, 33391
5386 10 -1
16102, 3271, 832, 2194, 2131, 32203, 33390, 34579, 35766
5402 10 -1
16125, 3061, 961, 3595, 942, 32249, 32525, 32802, 33078
5418 10 -1
16150, 2815, 1898, 2467, 1179, 32300, 32833, 33367, 33900
5434 10 -1
16169, 3513, 1067, 1808, 832, 32338, 33307, 34278, 35247
5450 10 -1
16199, 3061, 1089, 2336, 183, 32398, 33213, 34029, 34844
5466 10 -1
16230, 2392, 1272, 2369, 1457, 32459, 32562, 32667, 32770
5482 10 -1
16247, 3212, 1276, 2982, 912, 32493, 32789, 33087, 33383
5498 10 -1
16271, 2268, 258, 3041, 1034, 32541, 33315, 34090, 34864
5514 10 -1
16293, 2747, 796, 2638, 1019, 32585, 32750, 32917, 33082
5530 10 -1
16311, 2547, 1172, 2777, 1057, 32621, 32793, 32966, 33138
5546 10 -1
16336, 2677, 1432, 2686, 364, 32672, 33210, 33749, 34287
5562 10 -1
16361, 3235, 1559, 2951, 1460, 32721, 32912, 33104, 33295
5578 10 -1
16379, 2881, 2042, 1925, 1244, 32758, 33634, 34512, 35388
5594 10 -1
16396, 2853, 684, 2601, 1523, 32791, 33336, 33882, 34427
5610 10 -1
16409, 2970, 988, 3298, 1010, 32818, 32992, 33168, 33342
5626 10 -1
16420, 3249, 1388, 2548, 243, 32840, 33762, 34686, 35608
5642 10 -1
16446, 2168, 1069, 3176, 1468, 32892, 33595, 34299, 35002
5658 10 -1
16478, 1922, 1589, 2518, 1814, 32955, 33365, 33776, 34186
5674 10 -1
16499, 2298, 373, 116, 204, 32998, 34173, 35349, 36524
5690 10 -1
16529, 3347, 1049, 3119, 1858, 33058, 33576, 34095, 34613
5706 10 -1
16551, 2027, 1033, 1106, 214, 33101, 33970, 34841, 35710
5722 10 -1
16564, 2150, 390, 2911, 341, 33127, 33531, 33937, 34341
5738 10 -1
16589, 3120, 1243, 3114, 1764, 33178, 33441, 33705, 33968
5754 10 -1
16602, 2391, 427, 1950, 1714, 33204, 34067, 34932, 35795
5770 10 -1
16625, 2264, 1277, 3776, 978, 33249, 34154, 35060, 35965
5786 10 -1
16643, 2955, 1541, 2698, 1066, 33286, 33651, 34018, 34383
5802 10 -1
16657, 2903, 867, 2644, 882, 33314, 33450, 33588, 33724
5818 10 -1
16678, 3105, 105, 2842, 573, 33355, 33720, 34086, 34451
5834 10 -1
16703, 1805, 1225, 2991, 62, 33406, 34580, 35755, 36929
5850 10 -1
16722, 2989, 838, 3409, 705, 33443, 33719, 33996, 34272
5866 10 -1
16743, 2827, 804, 9999, 7834, 33486, 40586, 47688, 54788
5882 10 -1
16763, 2944, 1138, 2845, 1157, 33525, 33583, 33643, 33701
5898 10 -1
16782, 2827, 1375, 3511, 1034, 33564, 34076, 34589, 35101
5914 10 -1
16806, 2023, 1888, 2642, 1828, 33612, 33951, 34291, 34630
5930 10 -1
16823, 2863, 1707, 3344, 1057, 33645, 34210, 34776, 35341
5946 10 -1
16841, 1991, 1636, 2374, 818, 33681, 34281, 34882, 35482
5962 10 -1
16863, 2818, 1411, 2949, 1265, 33726, 33864, 34003, 34141
5978 10 -1
16893, 3321, 303, 3491, 799, 33785, 34117, 34451, 34783
5994 10 -1
16911, 2724, 1052, 2216, 579, 33821, 34311, 34802, 35292
6010 10 -1
16934, 3148, 1953, 2684, 1053, 33867, 34548, 35231, 35912
6026 10 -1
16965, 3539, 814, 2616, 508, 33930, 34544, 35159, 35773
6042 10 -1
16982, 3168, 1298, 3322, 1417, 33963, 34099, 34236, 34372
6058 10 -1
16997, 3619, 1063, 3380, 1254, 33994, 34208, 34424, 34638
6074 10 -1
17014, 3052, 1046, 3032, 994, 34027, 34062, 34099, 34134
6090 10 -1
17032, 3005, 548, 2463, 749, 34064, 34435, 34807, 35178
6106 10 -1
17053, 2105, 688, 2320, 800, 34106, 34269, 34433, 34596
6122 10 -1
17076, 1636, 1577, 2734, 1559, 34151, 34708, 35267, 35824
6138 10 -1
17103, 2913, 1168, 2427, 264, 34206, 34900, 35596, 36290
6154 10 -1
17123, 3225, 891, 2204, 72, 34246, 35165, 36086, 37005
6170 10 -1
17144, 2839, 700, 2527, 1801, 34287, 34993, 35700, 36406
6186 10 -1
17163, 2562, 789, 2644, 1391, 34326, 34667, 35010, 35351
6202 10 -1
17183, 3229, 801, 2755, 550, 34366, 34728, 35091, 35453
6218 10 -1
17210, 3027, 1062, 3758, 1029, 34420, 34801, 35184, 35565
6234 10 -1
17231, 3244, 753, 3543, 1193, 34462, 34831, 35201, 35570
6250 10 -1
17263, 2435, 1018, 3148, 397, 34525, 35191, 35859, 36525
6266 10 -1
17278, 3921, 155, 2380, 558, 34556, 35527, 36500, 37471
6282 10 -1
17295, 3314, 1524, 3303, 1446, 34589, 34633, 34678, 34722
6298 10 -1
17315, 2699, 1244, 3201, 915, 34629, 35044, 35460, 35875
6314 10 -1
17342, 3016, 1053, 2641, 692, 34683, 35050, 35419, 35786
6330 10 -1
17370, 3315, 785, 2647, 671, 34740, 35130, 35522, 35912
6346 10 -1
17384, 3201, 523, 3128, 1113, 34768, 35099, 35431, 35762
6362 10 -1
17397, 2733, 236, 3202, 1326, 34793, 35572, 36352, 37131
6378 10 -1
17423, 3048, 1014, 2966, 1174, 34845, 34965, 35087, 35207
6394 10 -1
17442, 2596, 1110, 2205, 1499, 34884, 35273, 35664, 36053
6410 10 -1
17467, 2568, 1020, 3783, 814, 34934, 35644, 36355, 37065
6426 10 -1
17482, 3003, 881, 2970, 1090, 34963, 35083, 35205, 35325
6442 10 -1
17503, 1818, 322, 3436, 795, 35005, 36050, 37096, 38141
6458 10 -1
17531, 3108, 988, 2683, 1482, 35061, 35520, 35980, 36439
6474 10 -1
17557, 2452, 930, 2213, 1074, 35113, 35304, 35496, 35687
6490 10 -1
17581, 2590, 162, 3019, 1716, 35162, 36153, 37145, 38136
6506 10 -1
17598, 2575, 1317, 2705, 1448, 35196, 35326, 35457, 35587
6522 10 -1
17619, 2608, 466, 1742, 1067, 35237, 35970, 36704, 37437
6538 10 -1
17638, 3052, 754, 3335, 1470, 35275, 35774, 36274, 36773
6554 10 -1
17668, 1869, 655, 2916, 1043, 35335, 36052, 36770, 37487
6570 10 -1
17689, 2297, 1371, 3584, 1254, 35378, 36079, 36782, 37483
6586 10 -1
17714, 3807, 1131, 2827, 601, 35428, 36182, 36938, 37692
6602 10 -1
17734, 2734, 1547, 2299, 918, 35468, 35999, 36532, 37063
6618 10 -1
17758, 3199, 2173, 3138, 1189, 35516, 36038, 36561, 37083
6634 10 -1
17777, 2290, 897, 1198, 721, 35554, 36187, 36822, 37455
6650 10 -1
17797, 2192, 794, 2392, 946, 35594, 35769, 35946, 36121
6666 10 -1
17807, 3243, 1676, 2873, 953, 35614, 36160, 36707, 37253
6682 10 -1
17825, 3107, 2282, 1758, 1120, 35649, 36904, 38160, 39415
6698 10 -1
17851, 3257, 640, 2881, 1015, 35701, 36076, 36452, 36827
6714 10 -1
17868, 3630, 1304, 2908, 821, 35735, 36337, 36940, 37542
6730 10 -1
17891, 3058, 805, 2799, 1135, 35781, 36075, 36370, 36664
6746 10 -1
17909, 3258, 316, 2912, 1961, 35817, 36812, 37808, 38803
6762 10 -1
17927, 2879, 1423, 3138, 1069, 35853, 36159, 36466, 36772
6778 10 -1
17953, 3101, 30, 2793, 840, 35905, 36463, 37023, 37581
6794 10 -1
17983, 2722, 888, 2833, 1285, 35966, 36219, 36474, 36727
6810 10 -1
18010, 1573, 833, 2874, 1800, 36020, 37153, 38288, 39421
6826 10 -1
18037, 2614, 1529, 2415, 804, 36073, 36534, 36997, 37458
6842 10 -1
18061, 3400, 1387, 3102, 1429, 36122, 36291, 36462, 36631
6858 10 -1
18081, 2423, 1343, 2022, 638, 36161, 36713, 37267, 37819
6874 10 -1
18106, 2133, 379, 2950, 1152, 36211, 37005, 37801, 38595
6890 10 -1
18121, 2397, 2141, 3239, 1509, 36242, 36978, 37716, 38452
6906 10 -1
18146, 2648, 1937, 2007, 1051, 36292, 37055, 37819, 38582
6922 10 -1
18168, 2616, 1384, 3068, 322, 36336, 37092, 37850, 38606
6938 10 -1
18191, 2707, 1893, 2103, 1149, 36382, 37055, 37730, 38403
6954 10 -1
18210, 3761, 1653, 3004, 1753, 36420, 36848, 37277, 37705
6970 10 -1
18235, 2648, 1117, 3441, 749, 36469, 37049, 37630, 38210
6986 10 -1
18266, 2620, 934, 1955, 912, 36531, 36874, 37218, 37561
7002 10 -1
18286, 2055, 740, 1112, 8105, 36572, 40725, 44880, 49033
7018 10 -1
18312, 2618, 1780, 2191, 1443, 36623, 37004, 37387, 37768
7034 10 -1
18339, 4514, 1562, 2914, 1843, 36678, 37618, 38559, 39499
7050 10 -1
18362, 1500, 599, 1124, 1368, 36723, 37295, 37868, 38440
7066 10 -1
18374, 2857, 1499, 2595, 1612, 36748, 36935, 37123, 37310
7082 10 -1
18400, 2098, 1066, 3175, 1078, 36799, 37343, 37888, 38432
7098 10 -1
18424, 3475, 636, 2637, 1739, 36847, 37817, 38788, 39758
7114 10 -1
18447, 3028, 1379, 2403, 1029, 36894, 37381, 37869, 38356
7130 10 -1
18468, 3110, 1579, 3433, 694, 36936, 37539, 38144, 38747
7146 10 -1
18491, 3061, 1934, 2672, 1727, 36981, 37278, 37577, 37874
7162 10 -1
18522, 3173, 548, 328, 9716, 37044, 43050, 49057, 55063
7178 10 -1
18543, 2685, 873, 2619, 1414, 37086, 37389, 37693, 37996
7194 10 -1
18568, 2703, 1247, 2283, 1423, 37136, 37433, 37732, 38029
7210 10 -1
18597, 3244, 1578, 2664, 824, 37194, 37860, 38528, 39194
7226 10 -1
18629, 3104, 1324, 2316, 840, 37257, 37892, 38529, 39164
7242 10 -1
18655, 3418, 995, 3070, 1498, 37309, 37734, 38160, 38585
7258 10 -1
18674, 1780, 869, 4069, 804, 37348, 38524, 39702, 40878
7274 10 -1
18692, 2773, 561, 2571, 444, 37383, 37542, 37702, 37861
7290 10 -1
18716, 2480, 1255, 2615, 1705, 37432, 37724, 38017, 38309
7306 10 -1
18748, 2914, 336, 3864, 1119, 37495, 38361, 39228, 40094
7322 10 -1
18776, 3239, 1152, 1779, 4, 37551, 38854, 40159, 41462
7338 10 -1
18794, 2405, 1450, 2527, 1016, 37587, 37864, 38143, 38420
7354 10 -1
18811, 2607, 633, 2307, 632, 37622, 37772, 37923, 38073
7370 10 -1
18834, 2531, 1446, 3424, 1072, 37668, 38301, 38935, 39568
7386 10 -1
18856, 1580, 971, 2383, 565, 37711, 38315, 38920, 39524
7402 10 -1
18886, 3705, 551, 2149, 1901, 37772, 39224, 40678, 42130
7418 10 -1
18899, 2731, 1006, 3167, 983, 37797, 38026, 38256, 38485
7434 10 -1
18920, 3475, 1034, 2682, 1231, 37839, 38333, 38829, 39323
7450 10 -1
18946, 2146, 654, 2214, 913, 37891, 38054, 38218, 38381
7466 10 -1
18974, 2483, 663, 3154, 947, 37947, 38424, 38902, 39379
7482 10 -1
19003, 2678, 408, 3348, 591, 38005, 38431, 38858, 39284
7498 10 -1
19017, 2647, 1529, 3329, 459, 38034, 38909, 39786, 40661
7514 10 -1
19044, 2815, 798, 3231, 1251, 38087, 38521, 38956, 39390
7530 10 -1
19072, 3852, 797, 2471, 1561, 38143, 39215, 40288, 41360
7546 10 -1
19098, 2729, 1159, 1310, 254, 38196, 39357, 40520, 41681
7562 10 -1
19132, 2628, 662, 3881, 1249, 38264, 39183, 40104, 41023
7578 10 -1
19159, 3377, 968, 1769, 298, 38317, 39455, 40595, 41733
7594 10 -1
19185, 2471, 977, 2874, 790, 38370, 38664, 38960, 39254
7610 10 -1
19207, 2808, 246, 3030, 1235, 38414, 39019, 39625, 40230
7626 10 -1
19235, 2678, 1422, 2723, 1003, 38469, 38700, 38933, 39164
7642 10 -1
19253, 2732, 1874, 2931, 1186, 38505, 38948, 39392, 39835
7658 10 -1
19270, 3001, 1246, 3443, 1338, 38539, 38805, 39073, 39339
7674 10 -1
19288, 3050, 1596, 2644, 308, 38575, 39421, 40269, 41115
7690 10 -1
19318, 2659, 657, 2870, 613, 38635, 38762, 38890, 39017
7706 10 -1
19359, 3407, 804, 3607, 1444, 38717, 39136, 39557, 39976
7722 10 -1
19377, 3537, 879, 522, 8894, 38753, 44267, 49783, 55297
7738 10 -1
19408, 4247, 1067, 3166, 1124, 38816, 39384, 39954, 40522
7754 10 -1
19421, 2564, 1959, 2889, 1476, 38842, 39245, 39650, 40053
7770 10 -1
19449, 3407, 1405, 3159, 1898, 38897, 39267, 39638, 40008
7786 10 -1
19479, 3004, 963, 2000, 852, 38958, 39515, 40073, 40630
7802 10 -1
19502, 2612, 1512, 9999, 983, 39003, 42960, 46919, 50876
7818 10 -1
19523, 3149, 1294, 3608, 1978, 39045, 39616, 40188, 40759
7834 10 -1
19549, 2090, 1290, 3322, 73, 39097, 40321, 41546, 42770
7850 10 -1
19572, 3167, 981, 1179, 1043, 39144, 40168, 41194, 42218
7866 10 -1
19591, 2203, 1570, 3003, 1094, 39182, 39819, 40458, 41095
7882 10 -1
19622, 3194, 532, 3044, 927, 39244, 39516, 39789, 40061
7898 10 -1
19641, 3269, 973, 2318, 453, 39282, 40017, 40753, 41488
7914 10 -1
19662, 3604, 1195, 2827, 1418, 39323, 39822, 40323, 40822
7930 10 -1
19688, 2377, 1331, 2443, 1110, 39375, 39518, 39662, 39805
7946 10 -1
19714, 3385, 365, 1986, 5892, 39427, 42889, 46353, 49815
7962 10 -1
19736, 3214, 515, 2921, 1216, 39472, 39968, 40466, 40962
7978 10 -1
19774, 2904, 398, 2574, 479, 39547, 39752, 39958, 40163
7994 10 -1
19798, 2599, 741, 2810, 1004, 39595, 39831, 40069, 40305
8010 10 -1
19836, 2552, 824, 3039, 687, 39671, 39982, 40295, 40606
8026 10 -1
19857, 2792, 610, 2329, 1016, 39713, 40147, 40582, 41016
8042 10 -1
19884, 2325, 518, 3391, 393, 39767, 40362, 40958, 41553
8058 10 -1
19912, 2558, 48, 2649, 1231, 39823, 40459, 41097, 41733
8074 10 -1
19937, 2454, 200, 2675, 1162, 39873, 40464, 41056, 41647
8090 10 -1
19956, 2853, 1243, 3076, 1770, 39912, 40286, 40662, 41036
8106 10 -1
19986, 2544, 2216, 2875, 836, 39971, 40826, 41682, 42537
8122 10 -1
20002, 3079, 1097, 3462, 1976, 40004, 40634, 41266, 41896
8138 10 -1
20041, 3476, 949, 3478, 615, 40082, 40249, 40418, 40585
8154 10 -1
20069, 2529, 1149, 458, 264, 40138, 41615, 43094, 44571
8170 10 -1
20097, 3321, 686, 2642, 1295, 40193, 40836, 41481, 42124
8186 10 -1
20137, 2721, 2107, 2035, 792, 40273, 41273, 42274, 43274
8202 10 -1
20171, 1909, 1604, 9999, 537, 40341, 44919, 49498, 54076
8218 10 -1
20185, 3043, 1196, 2330, 539, 40370, 41054, 41740, 42424
8234 10 -1
20213, 3048, 743, 3456, 1103, 40426, 40809, 41194, 41577
8250 10 -1
20246, 2111, 1322, 3490, 896, 40491, 41393, 42296, 43198
8266 10 -1
20284, 2762, 465, 3294, 862, 40567, 41031, 41496, 41960
8282 10 -1
20310, 2826, 1266, 2148, 1373, 40619, 41011, 41404, 41796
8298 10 -1
20341, 2613, 1297, 2786, 1024, 40682, 40904, 41128, 41350
8314 10 -1
20373, 2714, 943, 2540, 498, 40746, 41055, 41365, 41674
8330 10 -1
20393, 2876, 1034, 2410, 2500, 40785, 41750, 42717, 43682
8346 10 -1
20422, 2992, 41, 3317, 876, 40843, 41422, 42003, 42582
8362 10 -1
20454, 3327, 1028, 2910, 833, 40907, 41212, 41519, 41824
8378 10 -1
20484, 1555, 792, 2322, 1329, 40967, 41618, 42271, 42922
8394 10 -1
20513, 2170, 841, 2805, 231, 41025, 41647, 42270, 42892
8410 10 -1
20529, 2835, 1442, 3140, 982, 41057, 41439, 41822, 42204
8426 10 -1
20556, 3355, 474, 3157, 1052, 41111, 41498, 41887, 42274
8442 10 -1
20588, 3401, 1229, 9999, 454, 41176, 44862, 48549, 52235
8458 10 -1
20616, 3642, 1167, 2616, 337, 41232, 42159, 43088, 44015
8474 10 -1
20642, 2589, 1190, 2781, 689, 41283, 41629, 41976, 42322
8490 10 -1
20685, 2848, 1289, 3156, 1468, 41369, 41612, 41856, 42099
8506 10 -1
20711, 2494, 1828, 3421, 1420, 41421, 42088, 42756, 43423
8522 10 -1
20751, 3349, 1329, 3496, 1157, 41502, 41661, 41821, 41980
8538 10 -1
20778, 2723, 1244, 3076, 1326, 41556, 41773, 41991, 42208
8554 10 -1
20792, 3222, 286, 3231, 1259, 41583, 42073, 42565, 43055
8570 10 -1
20830, 2390, 1827, 2871, 1561, 41659, 42032, 42406, 42779
8586 10 -1
20854, 2615, 1025, 3368, 1010, 41708, 42091, 42476, 42859
8602 10 -1
20888, 2239, 394, 2357, 909, 41776, 42092, 42409, 42725
8618 10 -1
20912, 2803, 968, 2736, 753, 41824, 41964, 42106, 42246
8634 10 -1
20947, 2507, 1269, 3202, 1292, 41894, 42252, 42612, 42970
8650 10 -1
20981, 2756, 878, 2749, 964, 41962, 42008, 42055, 42101
8666 10 -1
21013, 2838, 1286, 3430, 1251, 42025, 42338, 42652, 42965
8682 10 -1
21044, 2663, 1284, 2746, 1229, 42088, 42156, 42226, 42294
8698 10 -1
21074, 2731, 789, 3286, 835, 42147, 42447, 42748, 43048
8714 10 -1
21112, 1606, 1130, 3424, 507, 42223, 43443, 44664, 45884
8730 10 -1
21131, 2719, 961, 2556, 1739, 42262, 42732, 43203, 43673
8746 10 -1
21153, 3026, 1859, 2992, 504, 42306, 43000, 43695, 44389
8762 10 -1
21192, 2601, 1347, 2093, 1413, 42383, 42669, 42957, 43243
8778 10 -1
21214, 2313, 630, 3006, 494, 42427, 42841, 43256, 43670
8794 10 -1
21239, 3180, 1721, 2100, 1630, 42477, 43062, 43648, 44233
8810 10 -1
21270, 2607, 1195, 2957, 335, 42539, 43143, 43749, 44353
8826 10 -1
21299, 4027, 1121, 3080, 1072, 42598, 43095, 43594, 44091
8842 10 -1
21330, 2431, 1505, 3260, 1179, 42660, 43237, 43815, 44392
8858 10 -1
21364, 2997, 545, 2701, 569, 42727, 42886, 43047, 43206
8874 10 -1
21407, 2855, 1142, 2806, 1355, 42814, 42944, 43076, 43206
8890 10 -1
21439, 2160, 651, 2401, 1337, 42877, 43340, 43804, 44267
8906 10 -1
21465, 2511, 1437, 2581, 1334, 42929, 43015, 43102, 43188
8922 10 -1
21499, 2838, 1310, 2979, 530, 42997, 43457, 43918, 44378
8938 10 -1
21536, 2330, 1281, 2832, 185, 43071, 43869, 44669, 45467
8954 10 -1
21568, 1628, 1325, 3316, 919, 43135, 44181, 45229, 46275
8970 10 -1
21613, 3112, 1920, 2383, 1037, 43225, 44030, 44837, 45642
8986 10 -1
21642, 2636, 861, 3913, 1389, 43283, 44185, 45088, 45990
9002 10 -1
21687, 2204, 986, 2849, 832, 43373, 43772, 44172, 44571
9018 10 -1
21718, 2508, 1413, 2220, 728, 43436, 43922, 44409, 44895
9034 10 -1
21750, 3273, 589, 1882, 1282, 43499, 44540, 45583, 46624
9050 10 -1
21781, 2680, 1161, 2231, 1538, 43561, 43973, 44387, 44799
9066 10 -1
21803, 2823, 745, 2323, 911, 43605, 43937, 44271, 44603
9082 10 -1
21831, 3076, 1038, 2949, 1329, 43661, 43869, 44079, 44287
9098 10 -1
21872, 3020, 1142, 3544, 1142, 43744, 44005, 44268, 44529
9114 10 -1
21899, 3632, 668, 1827, 797, 43798, 44764, 45732, 46698
9130 10 -1
21928, 3629, 988, 3063, 1443, 43855, 44365, 44876, 45386
9146 10 -1
21969, 2268, 466, 3597, 486, 43938, 44612, 45287, 45961
9162 10 -1
21994, 3382, 1167, 2568, 411, 43987, 44771, 45557, 46341
9178 10 -1
22016, 2798, 510, 2574, 1643, 44031, 44709, 45388, 46066
9194 10 -1
22039, 2656, 1287, 1986, 1187, 44078, 44462, 44848, 45232
9210 10 -1
22086, 3170, 1200, 2703, 988, 44172, 44511, 44851, 45190
9226 10 -1
22133, 2705, 762, 2979, 642, 44265, 44461, 44659, 44855
9242 10 -1
22163, 2810, 720, 2950, 341, 44326, 44585, 44845, 45104
9258 10 -1
22206, 2662, 1482, 2293, 1457, 44412, 44608, 44806, 45002
9274 10 -1
22238, 2778, 216, 2974, 1043, 44475, 44986, 45498, 46009
9290 10 -1
22277, 3526, 362, 2932, 541, 44554, 44940, 45327, 45713
9306 10 -1
22309, 2444, 1194, 2773, 1130, 44617, 44813, 45010, 45206
9322 10 -1
22365, 2402, 1030, 1878, 1119, 44730, 45036, 45343, 45649
9338 10 -1
22413, 3284, 681, 1438, 1088, 44825, 45951, 47078, 48204
9354 10 -1
22451, 2866, 1903, 2509, 1413, 44902, 45325, 45749, 46172
9370 10 -1
22494, 2571, 494, 2732, 1008, 44988, 45325, 45663, 46000
9386 10 -1
22531, 3984, 1113, 2677, 1350, 45061, 45832, 46605, 47376
9402 10 -1
22568, 2105, 968, 2674, 1217, 45136, 45544, 45954, 46362
9418 10 -1
22612, 3256, 1277, 2755, 1100, 45224, 45562, 45902, 46240
9434 10 -1
22665, 3158, 1011, 3229, 1114, 45329, 45415, 45503, 45589
9450 10 -1
22705, 2460, 1655, 2832, 1403, 45409, 45720, 46033, 46344
9466 10 -1
22744, 2460, 1059, 2447, 1482, 45488, 45705, 45924, 46141
9482 10 -1
22807, 2160, 1625, 2640, 532, 45614, 46400, 47187, 47973
9498 10 -1
22842, 1791, 1141, 2243, 1166, 45684, 45922, 46161, 46399
9514 10 -1
22876, 2337, 546, 2509, 1638, 45751, 46382, 47015, 47646
9530 10 -1
22942, 2873, 1184, 2924, 1175, 45884, 45913, 45944, 45973
9546 10 -1
22979, 3201, 1067, 2681, 1319, 45958, 46343, 46730, 47115
9562 10 -1
23013, 2768, 978, 4009, 1407, 46026, 46860, 47696, 48530
9578 10 -1
23061, 2416, 1187, 2527, 1358, 46121, 46261, 46403, 46543
9594 10 -1
23096, 2232, 1073, 3276, 215, 46192, 47142, 48094, 49044
9610 10 -1
23173, 3518, 2075, 2842, 271, 46345, 47584, 48825, 50064
9626 10 -1
23217, 2479, 154, 3514, 1247, 46433, 47496, 48561, 49624
9642 10 -1
23250, 2440, 596, 3132, 2233, 46500, 47664, 48829, 49993
9658 10 -1
23301, 3281, 683, 3374, 959, 46602, 46786, 46971, 47155
9674 10 -1
23353, 3186, 589, 2308, 759, 46706, 47229, 47754, 48277
9690 10 -1
23397, 2311, 950, 2302, 1518, 46794, 47082, 47371, 47659
9706 10 -1
23456, 3160, 1089, 3999, 955, 46912, 47398, 47885, 48371
9722 10 -1
23522, 2799, 1250, 2707, 549, 47043, 47439, 47836, 48232
9738 10 -1
23559, 3516, 921, 3037, 1336, 47118, 47564, 48012, 48458
9754 10 -1
23598, 3039, 846, 2211, 825, 47196, 47620, 48045, 48469
9770 10 -1
23643, 2918, 906, 2389, 782, 47285, 47611, 47938, 48264
9786 10 -1
23714, 2587, 902, 2544, 679, 47427, 47559, 47693, 47825
9802 10 -1
23745, 2888, 846, 2737, 778, 47489, 47598, 47708, 47817
9818 10 -1
23810, 1684, 1434, 2507, 804, 47619, 48345, 49072, 49798
9834 10 -1
23863, 2104, 582, 3029, 897, 47725, 48344, 48965, 49584
9850 10 -1
23902, 2433, 841, 2381, 1036, 47803, 47926, 48050, 48173
9866 10 -1
23964, 2046, 441, 2306, 1154, 47927, 48413, 48900, 49386
9882 10 -1
24023, 2668, 1580, 3067, 1673, 48046, 48291, 48538, 48783
9898 10 -1
24102, 3225, 837, 3310, 1883, 48203, 48768, 49334, 49899
9914 10 -1
24141, 2547, 1772, 3011, 768, 48282, 49015, 49750, 50483
9930 10 -1
24223, 2878, 836, 2825, 1505, 48446, 48806, 49168, 49528
9946 10 -1
24295, 2605, 860, 3110, 1152, 48589, 48987, 49386, 49784
9962 10 -1
24374, 2774, 213, 2558, 496, 48747, 48996, 49246, 49495
9978 10 -1
24504, 2597, 1459, 2918, 1776, 49007, 49325, 49645, 49963
9994 10 -1
24666, 3442, 968, 3384, 1507, 49332, 49630, 49929, 50227
