-------------------------------------------------------------------------
TPs satisfied = 134; Total TPs = 625; Percentage Satisfied + 21.4%
-------------------------------------------------------------------------

-------------------------------------------------------------------------

EVs

-------------------------------------------------------------------------
--------------------------------------
EV1
--------------------------------------
Num TPs served = 2
TPs served = 527 751
Total energy used = 28470
--------------------------------------
Schedule:
0 5455 8750 6250 8750 6250 0 0 35632 35632 0 5455 0
5455 17569 8750 6250 2132 754 0 1 35632 23518 527 456 12114
17569 18905 2132 754 3465 751 1 2 23518 22182 751 535 1336
18905 30575 3465 751 9999 5887 2 1 22182 10512 -751 535 11670
30575 31807 9999 5887 9999 7119 1 0 10512 9280 -527 450 1232
31807 47882 9999 7119 9999 7119 0 0 9280 9280 0 16075 0
47882 50000 9999 7119 8750 6250 0 0 9280 7162 1000000000 0 2118
--------------------------------------
--------------------------------------
EV2
--------------------------------------
Num TPs served = 1
TPs served = 607
Total energy used = 31892
--------------------------------------
Schedule:
0 6018 8750 6250 8750 6250 0 0 35632 35632 0 6018 0
6018 16713 8750 6250 3206 1099 0 1 35632 24937 607 523 10695
16713 27115 3206 1099 1128 9423 1 0 24937 14535 -607 523 10402
27115 39205 1128 9423 1128 9423 0 0 14535 14535 0 12090 0
39205 50000 1128 9423 8750 6250 0 0 14535 3740 1000000000 0 10795
--------------------------------------
--------------------------------------
EV3
--------------------------------------
Num TPs served = 2
TPs served = 1023 1791
Total energy used = 31040
--------------------------------------
Schedule:
0 7900 8750 6250 8750 6250 0 0 35632 35632 0 7900 0
7900 19790 8750 6250 2720 390 0 1 35632 23742 1023 651 11890
19790 19810 2720 390 2720 390 1 1 23742 23742 0 20 0
19810 20124 2720 390 2926 498 1 2 23742 23428 1791 276 314
20124 20678 2926 498 2794 920 2 1 23428 22874 -1791 276 554
20678 29506 2794 920 42 6996 1 0 22874 14046 -1023 219 8828
29506 40546 42 6996 42 6996 0 0 14046 14046 0 11040 0
40546 50000 42 6996 8750 6250 0 0 14046 4592 1000000000 0 9454
--------------------------------------
--------------------------------------
EV4
--------------------------------------
Num TPs served = 4
TPs served = 1215 1519 1871 1951
Total energy used = 28360
--------------------------------------
Schedule:
0 8453 8750 6250 8750 6250 0 0 35632 35632 0 8453 0
8453 20340 8750 6250 2239 874 0 1 35632 23745 1215 662 11887
20340 20628 2239 874 2336 683 1 2 23745 23457 1519 1908 288
20628 20711 2336 683 2336 683 2 2 23457 23457 0 83 0
20711 20900 2336 683 2355 853 2 3 23457 23268 1951 4248 189
20900 21972 2355 853 3389 815 3 4 23268 22196 1871 1879 1072
21972 28648 3389 815 9999 749 4 3 22196 15520 -1871 1879 6676
28648 28952 9999 749 9999 445 3 2 15520 15216 -1519 1485 304
28952 28957 9999 445 9999 440 2 1 15216 15211 -1215 239 5
28957 29397 9999 440 9999 0 1 0 15211 14771 -1951 4248 440
29397 42501 9999 0 9999 0 0 0 14771 14771 0 13104 0
42501 50000 9999 0 8750 6250 0 0 14771 7272 1000000000 0 7499
--------------------------------------
--------------------------------------
EV5
--------------------------------------
Num TPs served = 6
TPs served = 1263 1439 1919 1983 2079 2735
Total energy used = 34280
--------------------------------------
Schedule:
0 8583 8750 6250 8750 6250 0 0 35632 35632 0 8583 0
8583 18034 8750 6250 4175 1374 0 1 35632 26181 1263 220 9451
18034 19729 4175 1374 3354 500 1 2 26181 24486 1439 3481 1695
19729 20212 3354 500 3019 352 2 1 24486 24003 -1263 220 483
20212 20787 3019 352 2925 833 1 2 24003 23428 1919 242 575
20787 20867 2925 833 2925 833 2 2 23428 23428 0 80 0
20867 21054 2925 833 2739 834 2 3 23428 23241 1983 130 187
21054 21316 2739 834 2541 898 3 2 23241 22979 -1983 130 262
21316 21567 2541 898 2412 776 2 1 22979 22728 -1919 32 251
21567 21884 2412 776 2572 933 1 2 22728 22411 2079 46 317
21884 23016 2572 933 1592 1085 2 1 22411 21279 -2079 46 1132
23016 23034 1592 1085 1592 1085 1 1 21279 21279 0 18 0
23034 24032 1592 1085 2564 1059 1 2 21279 20281 2735 261 998
24032 24555 2564 1059 2826 1320 2 1 20281 19758 -2735 261 523
24555 33261 2826 1320 1527 8727 1 0 19758 11052 -1439 3 8706
33261 40300 1527 8727 1527 8727 0 0 11052 11052 0 7039 0
40300 50000 1527 8727 8750 6250 0 0 11052 1352 1000000000 0 9700
--------------------------------------
--------------------------------------
EV6
--------------------------------------
Num TPs served = 6
TPs served = 1727 1903 1967 2415 2495 2575
Total energy used = 34768
--------------------------------------
Schedule:
0 9892 8750 6250 8750 6250 0 0 35632 35632 0 9892 0
9892 19899 8750 6250 3687 1306 0 1 35632 25625 1727 360 10007
19899 20853 3687 1306 2959 1080 1 0 25625 24671 -1727 360 954
20853 21318 2959 1080 3120 776 0 1 24671 24206 1967 104 465
21318 22239 3120 776 2661 314 1 0 24206 23285 -1967 104 921
22239 22370 2661 314 2661 314 0 0 23285 23285 0 131 0
22370 22780 2661 314 2306 369 0 1 23285 22875 2415 1147 410
22780 23654 2306 369 2844 705 1 2 22875 22001 2495 3377 874
23654 24799 2844 705 3067 1627 2 3 22001 20856 1903 115 1145
24799 25131 3067 1627 3371 1599 3 2 20856 20524 -2415 1091 332
25131 25283 3371 1599 3321 1497 2 3 20524 20372 2575 4795 152
25283 33383 3321 1497 9999 75 3 2 20372 12272 -1903 15 8100
33383 33447 9999 75 9999 11 2 1 12272 12208 -2495 1433 64
33447 41614 9999 11 9999 8178 1 0 12208 4041 -2575 1823 8167
41614 46823 9999 8178 9999 8178 0 0 4041 4041 0 5209 0
46823 50000 9999 8178 8750 6250 0 0 4041 864 1000000000 0 3177
--------------------------------------
--------------------------------------
EV7
--------------------------------------
Num TPs served = 5
TPs served = 2031 2431 2591 2991 3167
Total energy used = 31488
--------------------------------------
Schedule:
0 11469 8750 6250 8750 6250 0 0 35632 35632 0 11469 0
11469 21226 8750 6250 4439 804 0 1 35632 25875 2031 844 9757
21226 22916 4439 804 2866 687 1 0 25875 24185 -2031 844 1690
22916 23890 2866 687 3222 1305 0 1 24185 23211 2591 80 974
23890 24895 3222 1305 2477 1045 1 0 23211 22206 -2591 80 1005
24895 25264 2477 1045 2175 1112 0 1 22206 21837 2991 105 369
25264 26105 2175 1112 2973 1155 1 0 21837 20996 -2991 105 841
26105 26939 2973 1155 3170 1792 0 1 20996 20162 2431 204 834
26939 27529 3170 1792 3471 1503 1 2 20162 19572 3167 1925 590
27529 35401 3471 1503 9999 159 2 1 19572 11700 -3167 1925 7872
35401 35509 9999 159 9999 51 1 0 11700 11592 -2431 204 108
35509 42552 9999 51 9999 51 0 0 11592 11592 0 7043 0
42552 50000 9999 51 8750 6250 0 0 11592 4144 1000000000 0 7448
--------------------------------------
--------------------------------------
EV8
--------------------------------------
Num TPs served = 5
TPs served = 2047 2223 2399 2927 3199
Total energy used = 32152
--------------------------------------
Schedule:
0 11270 8750 6250 8750 6250 0 0 35632 35632 0 11270 0
11270 21274 8750 6250 3326 1670 0 1 35632 25628 2047 419 10004
21274 21678 3326 1670 3326 1670 1 1 25628 25628 0 404 0
21678 22005 3326 1670 3050 1619 1 2 25628 25301 2223 367 327
22005 22517 3050 1619 2863 1294 2 1 25301 24789 -2047 15 512
22517 22937 2863 1294 2952 963 1 2 24789 24369 2399 528 420
22937 22955 2952 963 2955 978 2 1 24369 24351 -2223 153 18
22955 24421 2955 978 4043 1356 1 0 24351 22885 -2399 528 1466
24421 26183 4043 1356 2945 2020 0 1 22885 21123 3199 70 1762
26183 27450 2945 2020 2226 1472 1 0 21123 19856 -3199 70 1267
27450 28379 2226 1472 2202 567 0 1 19856 18927 2927 431 929
28379 36535 2202 567 9999 208 1 0 18927 10771 -2927 431 8156
36535 42709 9999 208 9999 208 0 0 10771 10771 0 6174 0
42709 50000 9999 208 8750 6250 0 0 10771 3480 1000000000 0 7291
--------------------------------------
--------------------------------------
EV9
--------------------------------------
Num TPs served = 11
TPs served = 2063 2319 2351 3023 3327 3743 4495 4783 5471 5999 6911
Total energy used = 34912
--------------------------------------
Schedule:
0 10660 8750 6250 8750 6250 0 0 35632 35632 0 10660 0
10660 21980 8750 6250 1975 1705 0 1 35632 24312 2063 622 11320
21980 22674 1975 1705 2347 1383 1 2 24312 23618 2351 624 694
22674 22849 2347 1383 2334 1545 2 3 23618 23443 2319 17 175
22849 23805 2334 1545 2407 662 3 2 23443 22487 -2319 17 956
23805 24783 2407 662 3284 763 2 1 22487 21509 -2351 72 978
24783 25099 3284 763 3534 697 1 0 21509 21193 -2063 70 316
25099 25752 3534 697 3592 102 0 1 21193 20540 3023 523 653
25752 26613 3592 102 3469 840 1 2 20540 19679 3327 377 861
26613 27487 3469 840 2868 1113 2 3 19679 18805 3743 705 874
27487 28235 2868 1113 2463 1456 3 2 18805 18057 -3023 523 748
28235 28620 2463 1456 2312 1690 2 1 18057 17672 -3327 377 385
28620 29420 2312 1690 1640 1562 1 0 17672 16872 -3743 449 800
29420 30087 1640 1562 2184 1439 0 1 16872 16205 4495 526 667
30087 30256 2184 1439 2184 1439 1 1 16205 16205 0 169 0
30256 30528 2184 1439 2067 1284 1 2 16205 15933 4783 470 272
30528 31470 2067 1284 2859 1134 2 1 15933 14991 -4783 470 942
31470 32318 2859 1134 3086 513 1 0 14991 14143 -4495 123 848
32318 32925 3086 513 2624 368 0 1 14143 13536 5471 4 607
32925 33840 2624 368 2862 1045 1 0 13536 12621 -5471 4 915
33840 34019 2862 1045 2688 1040 0 1 12621 12442 5999 328 179
34019 35044 2688 1040 2911 1842 1 0 12442 11417 -5999 328 1025
35044 35605 2911 1842 2911 1842 0 0 11417 11417 0 561 0
35605 36305 2911 1842 3441 2012 0 1 11417 10717 6911 112 700
36305 36530 3441 2012 3336 1892 1 0 10717 10492 -6911 112 225
36530 40228 3336 1892 3336 1892 0 0 10492 10492 0 3698 0
40228 50000 3336 1892 8750 6250 0 0 10492 720 1000000000 0 9772
--------------------------------------
--------------------------------------
EV10
--------------------------------------
Num TPs served = 9
TPs served = 2095 2559 2783 3151 5135 5247 5935 6239 6879
Total energy used = 35632
--------------------------------------
Schedule:
0 10784 8750 6250 8750 6250 0 0 35632 35632 0 10784 0
10784 21427 8750 6250 3269 1088 0 1 35632 24989 2095 844 10643
21427 23117 3269 1088 1618 1049 1 0 24989 23299 -2095 844 1690
23117 24006 1618 1049 2099 1457 0 1 23299 22410 2559 315 889
24006 24415 2099 1457 2330 1635 1 2 22410 22001 2783 130 409
24415 25027 2330 1635 2908 1669 2 1 22001 21389 -2783 130 612
25027 25236 2908 1669 2908 1669 1 1 21389 21389 0 209 0
25236 25476 2908 1669 3002 1815 1 2 21389 21149 3151 1741 240
25476 26192 3002 1815 3281 2252 2 1 21149 20433 -2559 106 716
26192 30391 3281 2252 1010 324 1 0 20433 16234 -3151 309 4199
30391 31664 1010 324 2140 467 0 1 16234 14961 5135 625 1273
31664 32016 2140 467 2267 692 1 2 14961 14609 5247 369 352
32016 33126 2267 692 2586 1483 2 1 14609 13499 -5247 369 1110
33126 33257 2586 1483 2630 1570 1 0 13499 13368 -5135 625 131
33257 33694 2630 1570 2698 1201 0 1 13368 12931 5935 133 437
33694 34046 2698 1201 2674 1529 1 0 12931 12579 -5935 133 352
34046 34356 2674 1529 2674 1529 0 0 12579 12579 0 310 0
34356 34476 2674 1529 2571 1546 0 1 12579 12459 6239 479 120
34476 35435 2571 1546 2742 758 1 0 12459 11500 -6239 479 959
35435 35816 2742 758 2742 758 0 0 11500 11500 0 381 0
35816 36218 2742 758 2934 968 0 1 11500 11098 6879 354 402
36218 36928 2934 968 2972 1640 1 0 11098 10388 -6879 354 710
36928 39612 2972 1640 2972 1640 0 0 10388 10388 0 2684 0
39612 50000 2972 1640 8750 6250 0 0 10388 0 1000000000 0 10388
--------------------------------------
--------------------------------------
EV11
--------------------------------------
Num TPs served = 10
TPs served = 2111 2655 2943 3535 3823 4063 4527 4735 5727 6079
Total energy used = 35318
--------------------------------------
Schedule:
0 10751 8750 6250 8750 6250 0 0 35632 35632 0 10751 0
10751 21842 8750 6250 2997 912 0 1 35632 24541 2111 236 11091
21842 22997 2997 912 3387 147 1 0 24541 23386 -2111 236 1155
22997 24271 3387 147 2695 729 0 1 23386 22112 2655 52 1274
24271 24861 2695 729 2414 1038 1 2 22112 21522 2943 557 590
24861 25440 2414 1038 2218 1421 2 1 21522 20943 -2655 52 579
25440 26546 2218 1421 2561 2184 1 0 20943 19837 -2943 165 1106
26546 27483 2561 2184 2522 1286 0 1 19837 18900 3535 144 937
27483 27851 2522 1286 2472 968 1 2 18900 18532 3823 103 368
27851 28491 2472 968 2900 756 2 1 18532 17892 -3823 103 640
28491 28600 2900 756 2946 693 1 2 17892 17783 4063 165 109
28600 29147 2946 693 3411 611 2 1 17783 17236 -4063 165 547
29147 29415 3411 611 3442 374 1 0 17236 16968 -3535 44 268
29415 30208 3442 374 3847 762 0 1 16968 16175 4527 803 793
30208 30982 3847 762 3640 1329 1 2 16175 15401 4735 94 774
30982 32346 3640 1329 2423 1182 2 1 15401 14037 -4735 94 1364
32346 32891 2423 1182 1931 1235 1 0 14037 13492 -4527 509 545
32891 33428 1931 1235 1792 837 0 1 13492 12955 5727 377 537
33428 34344 1792 837 2573 702 1 2 12955 12039 6079 406 916
34344 35036 2573 702 2856 1111 2 1 12039 11347 -5727 107 692
35036 35781 2856 1111 3398 1314 1 0 11347 10602 -6079 406 745
35781 39712 3398 1314 3398 1314 0 0 10602 10602 0 3931 0
39712 50000 3398 1314 8750 6250 0 0 10602 314 1000000000 0 10288
--------------------------------------
--------------------------------------
EV12
--------------------------------------
Num TPs served = 9
TPs served = 2159 2607 2751 3183 4031 4671 5887 6031 6543
Total energy used = 35450
--------------------------------------
Schedule:
0 10854 8750 6250 8750 6250 0 0 35632 35632 0 10854 0
10854 21740 8750 6250 3134 980 0 1 35632 24746 2159 416 10886
21740 22639 3134 980 3024 191 1 0 24746 23847 -2159 416 899
22639 22746 3024 191 3024 191 0 0 23847 23847 0 107 0
22746 23534 3024 191 2917 872 0 1 23847 23059 2607 262 788
23534 24060 2917 872 3260 689 1 0 23059 22533 -2607 262 526
24060 24598 3260 689 3099 312 0 1 22533 21995 2751 128 538
24598 25831 3099 312 2749 1195 1 0 21995 20762 -2751 128 1233
25831 26430 2749 1195 2516 1561 0 1 20762 20163 3183 17 599
26430 28195 2516 1561 3038 318 1 0 20163 18398 -3183 17 1765
28195 28777 3038 318 3087 851 0 1 18398 17816 4031 561 582
28777 30647 3087 851 1544 524 1 0 17816 15946 -4031 561 1870
30647 31263 1544 524 1394 990 0 1 15946 15330 4671 38 616
31263 33435 1394 990 3059 1497 1 0 15330 13158 -4671 38 2172
33435 33899 3059 1497 3305 1279 0 1 13158 12694 5887 8 464
33899 34024 3305 1279 3198 1261 1 2 12694 12569 6031 363 125
34024 34639 3198 1261 2719 1125 2 1 12569 11954 -5887 8 615
34639 34965 2719 1125 2411 1143 1 0 11954 11628 -6031 327 326
34965 35443 2411 1143 2505 1527 0 1 11628 11150 6543 560 478
35443 36850 2505 1527 3390 2049 1 0 11150 9743 -6543 560 1407
36850 40439 3390 2049 3390 2049 0 0 9743 9743 0 3589 0
40439 50000 3390 2049 8750 6250 0 0 9743 182 1000000000 0 9561
--------------------------------------
--------------------------------------
EV13
--------------------------------------
Num TPs served = 9
TPs served = 2191 2479 3039 3247 3359 4191 4575 5039 5631
Total energy used = 35388
--------------------------------------
Schedule:
0 10929 8750 6250 8750 6250 0 0 35632 35632 0 10929 0
10929 22328 8750 6250 2610 991 0 1 35632 24233 2191 331 11399
22328 22475 2610 991 2610 991 1 1 24233 24233 0 147 0
22475 23036 2610 991 3104 1058 1 2 24233 23672 2479 538 561
23036 24114 3104 1058 3406 1834 2 1 23672 22594 -2479 538 1078
24114 24205 3406 1834 3434 1771 1 0 22594 22503 -2191 58 91
24205 24868 3434 1771 3434 1771 0 0 22503 22503 0 663 0
24868 25091 3434 1771 3575 1853 0 1 22503 22280 3039 1391 223
25091 25892 3575 1853 3103 1524 1 2 22280 21479 3247 241 801
25892 25926 3103 1524 3103 1524 2 2 21479 21479 0 34 0
25926 26083 3103 1524 3035 1435 2 3 21479 21322 3359 683 157
26083 26703 3035 1435 2496 1354 3 2 21322 20702 -3247 207 620
26703 27451 2496 1354 1866 1236 2 1 20702 19954 -3359 683 748
27451 27909 1866 1236 1498 1146 1 0 19954 19496 -3039 1357 458
27909 28313 1498 1146 1498 1146 0 0 19496 19496 0 404 0
28313 28821 1498 1146 1905 1045 0 1 19496 18988 4191 530 508
28821 29883 1905 1045 2571 1441 1 0 18988 17926 -4191 530 1062
29883 30529 2571 1441 3205 1429 0 1 17926 17280 4575 131 646
30529 31934 3205 1429 2676 553 1 0 17280 15875 -4575 131 1405
31934 32404 2676 553 2676 553 0 0 15875 15875 0 470 0
32404 32849 2676 553 2693 981 0 1 15875 15430 5631 358 445
32849 33189 2693 981 2376 1004 1 2 15430 15090 5039 1461 340
33189 33566 2376 1004 2034 1039 2 1 15090 14713 -5631 358 377
33566 40048 2034 1039 846 6333 1 0 14713 8231 -5039 1461 6482
40048 42013 846 6333 846 6333 0 0 8231 8231 0 1965 0
42013 50000 846 6333 8750 6250 0 0 8231 244 1000000000 0 7987
--------------------------------------
--------------------------------------
EV14
--------------------------------------
Num TPs served = 9
TPs served = 2239 2623 2703 3071 3967 4511 4703 6063 6351
Total energy used = 35396
--------------------------------------
Schedule:
0 11030 8750 6250 8750 6250 0 0 35632 35632 0 11030 0
11030 22374 8750 6250 3209 447 0 1 35632 24288 2239 192 11344
22374 23387 3209 447 2722 973 1 0 24288 23275 -2239 192 1013
23387 23744 2722 973 2458 880 0 1 23275 22918 2623 0 357
23744 24010 2458 880 2343 729 1 0 22918 22652 -2623 0 266
24010 25114 2343 729 1901 67 0 1 22652 21548 2703 182 1104
25114 25652 1901 67 2062 444 1 2 21548 21010 3071 27 538
25652 26652 2062 444 2396 1110 2 1 21010 20010 -3071 27 1000
26652 27857 2396 1110 3408 1303 1 0 20010 18805 -2703 182 1205
27857 28997 3408 1303 3666 2185 0 1 18805 17665 3967 1085 1140
28997 29031 3666 2185 3666 2185 1 1 17665 17665 0 34 0
29031 29747 3666 2185 3186 1949 1 2 17665 16949 4511 1083 716
29747 30441 3186 1949 2933 1508 2 3 16949 16255 4703 738 694
30441 31914 2933 1508 2758 210 3 2 16255 14782 -4511 1083 1473
31914 32857 2758 210 2132 527 2 1 14782 13839 -4703 104 943
32857 33488 2132 527 1632 396 1 0 13839 13208 -3967 417 631
33488 34318 1632 396 2152 706 0 1 13208 12378 6063 153 830
34318 34809 2152 706 2588 761 1 2 12378 11887 6351 356 491
34809 35260 2588 761 2594 1206 2 1 11887 11436 -6063 153 451
35260 35585 2594 1206 2814 1311 1 0 11436 11111 -6351 356 325
35585 39125 2814 1311 2814 1311 0 0 11111 11111 0 3540 0
39125 50000 2814 1311 8750 6250 0 0 11111 236 1000000000 0 10875
--------------------------------------
--------------------------------------
EV15
--------------------------------------
Num TPs served = 7
TPs served = 2287 2527 2863 4271 5215 6015 6383
Total energy used = 35220
--------------------------------------
Schedule:
0 11678 8750 6250 8750 6250 0 0 35632 35632 0 11678 0
11678 22272 8750 6250 2666 1740 0 1 35632 25038 2287 345 10594
22272 22964 2666 1740 2384 1330 1 0 25038 24346 -2287 345 692
22964 23915 2384 1330 3004 1661 0 1 24346 23395 2527 92 951
23915 25461 3004 1661 3183 294 1 0 23395 21849 -2527 92 1546
25461 25705 3183 294 3112 121 0 1 21849 21605 2863 150 244
25705 28386 3112 121 2473 2163 1 0 21605 18924 -2863 150 2681
28386 29534 2473 2163 2427 1061 0 1 18924 17776 4271 194 1148
29534 30927 2427 1061 1799 296 1 0 17776 16383 -4271 194 1393
30927 32004 1799 296 2831 251 0 1 16383 15306 5215 414 1077
32004 33411 2831 251 3171 1318 1 0 15306 13899 -5215 414 1407
33411 33561 3171 1318 3171 1318 0 0 13899 13899 0 150 0
33561 33885 3171 1318 3301 1124 0 1 13899 13575 6015 291 324
33885 34469 3301 1124 3325 564 1 0 13575 12991 -6015 291 584
34469 35290 3325 564 2591 651 0 1 12991 12170 6383 13 821
35290 36191 2591 651 2882 1261 1 0 12170 11269 -6383 13 901
36191 39143 2882 1261 2882 1261 0 0 11269 11269 0 2952 0
39143 50000 2882 1261 8750 6250 0 0 11269 412 1000000000 0 10857
--------------------------------------
--------------------------------------
EV16
--------------------------------------
Num TPs served = 10
TPs served = 2303 2383 2879 3119 3343 3791 4399 5151 5567 5791
Total energy used = 33234
--------------------------------------
Schedule:
0 12118 8750 6250 8750 6250 0 0 35632 35632 0 12118 0
12118 22317 8750 6250 3027 1774 0 1 35632 25433 2303 506 10199
22317 22804 3027 1774 3042 1302 1 2 25433 24946 2383 438 487
22804 23360 3042 1302 2516 1272 2 1 24946 24390 -2303 476 556
23360 24057 2516 1272 1980 1433 1 0 24390 23693 -2383 378 697
24057 24675 1980 1433 2490 1325 0 1 23693 23075 2879 82 618
24675 25072 2490 1325 2674 1538 1 0 23075 22678 -2879 82 397
25072 25173 2674 1538 2674 1538 0 0 22678 22678 0 101 0
25173 25357 2674 1538 2696 1700 0 1 22678 22494 3119 382 184
25357 26123 2696 1700 2634 996 1 0 22494 21728 -3119 382 766
26123 26847 2634 996 3210 848 0 1 21728 21004 3343 185 724
26847 27711 3210 848 2462 964 1 2 21004 20140 3791 225 864
27711 28564 2462 964 1644 929 2 1 20140 19287 -3791 225 853
28564 28922 1644 929 1549 1192 1 0 19287 18929 -3343 115 358
28922 29786 1549 1192 2334 1113 0 1 18929 18065 4399 224 864
29786 31024 2334 1113 2123 86 1 0 18065 16827 -4399 224 1238
31024 32213 2123 86 3277 121 0 1 16827 15638 5151 276 1189
32213 32453 3277 121 3277 121 1 1 15638 15638 0 240 0
32453 33292 3277 121 2538 221 1 2 15638 14799 5791 896 839
33292 33569 2538 221 2458 418 2 3 14799 14522 5567 560 277
33569 34354 2458 418 2467 1194 3 2 14522 13737 -5151 18 785
34354 35245 2467 1194 3233 1319 2 1 13737 12846 -5791 736 891
35245 36369 3233 1319 3736 1940 1 0 12846 11722 -5567 560 1124
36369 40676 3736 1940 3736 1940 0 0 11722 11722 0 4307 0
40676 50000 3736 1940 8750 6250 0 0 11722 2398 1000000000 0 9324
--------------------------------------
--------------------------------------
EV17
--------------------------------------
Num TPs served = 9
TPs served = 2335 2959 3311 4015 4079 5295 6095 6415 7823
Total energy used = 35374
--------------------------------------
Schedule:
0 11233 8750 6250 8750 6250 0 0 35632 35632 0 11233 0
11233 23049 8750 6250 2581 603 0 1 35632 23816 2335 106 11816
23049 24428 2581 603 3810 453 1 0 23816 22437 -2335 106 1379
24428 24947 3810 453 3368 530 0 1 22437 21918 2959 344 519
24947 25905 3368 530 2807 927 1 0 21918 20960 -2959 344 958
25905 26650 2807 927 2788 1653 0 1 20960 20215 3311 33 745
26650 28178 2788 1653 3515 852 1 0 20215 18687 -3311 33 1528
28178 28785 3515 852 3256 1200 0 1 18687 18080 4015 53 607
28785 29223 3256 1200 3074 944 1 2 18080 17642 4079 203 438
29223 29780 3074 944 2969 492 2 1 17642 17085 -4015 53 557
29780 30992 2969 492 1922 327 1 0 17085 15873 -4079 203 1212
30992 32403 1922 327 2915 745 0 1 15873 14462 5295 53 1411
32403 33408 2915 745 2649 1484 1 0 14462 13457 -5295 53 1005
33408 34351 2649 1484 3555 1521 0 1 13457 12514 6095 254 943
34351 34469 3555 1521 3555 1521 1 1 12514 12514 0 118 0
34469 34939 3555 1521 3312 1294 1 2 12514 12044 6415 219 470
34939 35378 3312 1294 3332 875 2 1 12044 11605 -6415 219 439
35378 35563 3332 875 3211 811 1 0 11605 11420 -6095 96 185
35563 38601 3211 811 3211 811 0 0 11420 11420 0 3038 0
38601 39059 3211 811 3396 1084 0 1 11420 10962 7823 122 458
39059 39305 3396 1084 3550 992 1 0 10962 10716 -7823 122 246
39305 39542 3550 992 3550 992 0 0 10716 10716 0 237 0
39542 50000 3550 992 8750 6250 0 0 10716 258 1000000000 0 10458
--------------------------------------
--------------------------------------
EV18
--------------------------------------
Num TPs served = 10
TPs served = 2367 2767 3487 3567 3935 4751 4767 5263 5439 5647
Total energy used = 35060
--------------------------------------
Schedule:
0 12650 8750 6250 8750 6250 0 0 35632 35632 0 12650 0
12650 22577 8750 6250 3352 1721 0 1 35632 25705 2367 496 9927
22577 23571 3352 1721 2666 2029 1 0 25705 24711 -2367 496 994
23571 24621 2666 2029 2796 1109 0 1 24711 23661 2767 156 1050
24621 25847 2796 1109 3655 742 1 0 23661 22435 -2767 156 1226
25847 26175 3655 742 3655 742 0 0 22435 22435 0 328 0
26175 26487 3655 742 3530 555 0 1 22435 22123 3487 513 312
26487 27291 3530 555 2795 486 1 2 22123 21319 3567 111 804
27291 27652 2795 486 2544 596 2 1 21319 20958 -3487 375 361
27652 28398 2544 596 2157 955 1 2 20958 20212 3935 305 746
28398 28509 2157 955 2084 993 2 1 20212 20101 -3567 111 111
28509 29745 2084 993 1911 2056 1 0 20101 18865 -3935 305 1236
29745 30607 1911 2056 2636 1919 0 1 18865 18003 4767 113 862
30607 30748 2636 1919 2733 1963 1 2 18003 17862 4751 114 141
30748 31158 2733 1963 2850 1670 2 1 17862 17452 -4767 25 410
31158 31612 2850 1670 2912 1278 1 0 17452 16998 -4751 114 454
31612 31659 2912 1278 2912 1278 0 0 16998 16998 0 47 0
31659 31866 2912 1278 3024 1373 0 1 16998 16791 5263 602 207
31866 32436 3024 1373 2739 1088 1 2 16791 16221 5439 570 570
32436 33002 2739 1088 2939 722 2 3 16221 15655 5647 3526 566
33002 33642 2939 722 3048 191 3 2 15655 15015 -5263 32 640
33642 33749 3048 191 3063 99 2 1 15015 14908 -5439 570 107
33749 41119 3063 99 9999 533 1 0 14908 7538 -5647 2658 7370
41119 43034 9999 533 9999 533 0 0 7538 7538 0 1915 0
43034 50000 9999 533 8750 6250 0 0 7538 572 1000000000 0 6966
--------------------------------------
--------------------------------------
EV19
--------------------------------------
Num TPs served = 10
TPs served = 2447 3055 3263 3999 4559 4607 5167 5519 5855 6783
Total energy used = 34740
--------------------------------------
Schedule:
0 12314 8750 6250 8750 6250 0 0 35632 35632 0 12314 0
12314 22912 8750 6250 3243 1159 0 1 35632 25034 2447 785 10598
22912 24484 3243 1159 2714 116 1 0 25034 23462 -2447 785 1572
24484 25298 2714 116 2516 732 0 1 23462 22648 3055 165 814
25298 25942 2516 732 2835 407 1 0 22648 22004 -3055 165 644
25942 26535 2835 407 3287 266 0 1 22004 21411 3263 97 593
26535 28218 3287 266 1977 639 1 0 21411 19728 -3263 97 1683
28218 28802 1977 639 2074 1126 0 1 19728 19144 3999 37 584
28802 29891 2074 1126 2673 636 1 0 19144 18055 -3999 37 1089
29891 30049 2673 636 2637 758 0 1 18055 17897 4559 273 158
30049 30245 2637 758 2539 856 1 2 17897 17701 4607 332 196
30245 30873 2539 856 2176 1121 2 1 17701 17073 -4559 273 628
30873 31536 2176 1121 2283 1677 1 0 17073 16410 -4607 118 663
31536 31629 2283 1677 2320 1733 0 1 16410 16317 5167 530 93
31629 31753 2320 1733 2320 1733 1 1 16317 16317 0 124 0
31753 32592 2320 1733 3074 1648 1 2 16317 15478 5519 838 839
32592 33219 3074 1648 2926 1169 2 1 15478 14851 -5167 110 627
33219 33277 2926 1169 2926 1169 1 1 14851 14851 0 58 0
33277 33461 2926 1169 2965 1024 1 2 14851 14667 5855 347 184
33461 34157 2965 1024 2782 511 2 1 14667 13971 -5855 347 696
34157 34989 2782 511 3227 124 1 0 13971 13139 -5519 118 832
34989 35947 3227 124 3276 1033 0 1 13139 12181 6783 484 958
35947 36926 3276 1033 2977 1713 1 0 12181 11202 -6783 484 979
36926 39690 2977 1713 2977 1713 0 0 11202 11202 0 2764 0
39690 50000 2977 1713 8750 6250 0 0 11202 892 1000000000 0 10310
--------------------------------------

-------------------------------------------------------------------------

TPs

-------------------------------------------------------------------------

----------------------
TP15 not allocated
----------------------

----------------------
TP31 not allocated
----------------------

----------------------
TP47 not allocated
----------------------

----------------------
TP63 not allocated
----------------------

----------------------
TP79 not allocated
----------------------

----------------------
TP95 not allocated
----------------------

----------------------
TP111 not allocated
----------------------

----------------------
TP127 not allocated
----------------------

----------------------
TP143 not allocated
----------------------

----------------------
TP159 not allocated
----------------------

----------------------
TP175 not allocated
----------------------

----------------------
TP191 not allocated
----------------------

----------------------
TP207 not allocated
----------------------

----------------------
TP223 not allocated
----------------------

----------------------
TP239 not allocated
----------------------

----------------------
TP255 not allocated
----------------------

----------------------
TP271 not allocated
----------------------

----------------------
TP287 not allocated
----------------------

----------------------
TP303 not allocated
----------------------

----------------------
TP319 not allocated
----------------------

----------------------
TP335 not allocated
----------------------

----------------------
TP351 not allocated
----------------------

----------------------
TP367 not allocated
----------------------

----------------------
TP383 not allocated
----------------------

----------------------
TP399 not allocated
----------------------

----------------------
TP415 not allocated
----------------------

----------------------
TP431 not allocated
----------------------

----------------------
TP447 not allocated
----------------------

----------------------
TP463 not allocated
----------------------

----------------------
TP479 not allocated
----------------------

----------------------
TP495 not allocated
----------------------

----------------------
TP511 not allocated
----------------------

----------------------
TP527 allocated to 1
----------------------

----------------------
TP543 not allocated
----------------------

----------------------
TP559 not allocated
----------------------

----------------------
TP575 not allocated
----------------------

----------------------
TP591 not allocated
----------------------

----------------------
TP607 allocated to 2
----------------------

----------------------
TP623 not allocated
----------------------

----------------------
TP639 not allocated
----------------------

----------------------
TP655 not allocated
----------------------

----------------------
TP671 not allocated
----------------------

----------------------
TP687 not allocated
----------------------

----------------------
TP703 not allocated
----------------------

----------------------
TP719 not allocated
----------------------

----------------------
TP735 not allocated
----------------------

----------------------
TP751 allocated to 1
----------------------

----------------------
TP767 not allocated
----------------------

----------------------
TP783 not allocated
----------------------

----------------------
TP799 not allocated
----------------------

----------------------
TP815 not allocated
----------------------

----------------------
TP831 not allocated
----------------------

----------------------
TP847 not allocated
----------------------

----------------------
TP863 not allocated
----------------------

----------------------
TP879 not allocated
----------------------

----------------------
TP895 not allocated
----------------------

----------------------
TP911 not allocated
----------------------

----------------------
TP927 not allocated
----------------------

----------------------
TP943 not allocated
----------------------

----------------------
TP959 not allocated
----------------------

----------------------
TP975 not allocated
----------------------

----------------------
TP991 not allocated
----------------------

----------------------
TP1007 not allocated
----------------------

----------------------
TP1023 allocated to 3
----------------------

----------------------
TP1039 not allocated
----------------------

----------------------
TP1055 not allocated
----------------------

----------------------
TP1071 not allocated
----------------------

----------------------
TP1087 not allocated
----------------------

----------------------
TP1103 not allocated
----------------------

----------------------
TP1119 not allocated
----------------------

----------------------
TP1135 not allocated
----------------------

----------------------
TP1151 not allocated
----------------------

----------------------
TP1167 not allocated
----------------------

----------------------
TP1183 not allocated
----------------------

----------------------
TP1199 not allocated
----------------------

----------------------
TP1215 allocated to 4
----------------------

----------------------
TP1231 not allocated
----------------------

----------------------
TP1247 not allocated
----------------------

----------------------
TP1263 allocated to 5
----------------------

----------------------
TP1279 not allocated
----------------------

----------------------
TP1295 not allocated
----------------------

----------------------
TP1311 not allocated
----------------------

----------------------
TP1327 not allocated
----------------------

----------------------
TP1343 not allocated
----------------------

----------------------
TP1359 not allocated
----------------------

----------------------
TP1375 not allocated
----------------------

----------------------
TP1391 not allocated
----------------------

----------------------
TP1407 not allocated
----------------------

----------------------
TP1423 not allocated
----------------------

----------------------
TP1439 allocated to 5
----------------------

----------------------
TP1455 not allocated
----------------------

----------------------
TP1471 not allocated
----------------------

----------------------
TP1487 not allocated
----------------------

----------------------
TP1503 not allocated
----------------------

----------------------
TP1519 allocated to 4
----------------------

----------------------
TP1535 not allocated
----------------------

----------------------
TP1551 not allocated
----------------------

----------------------
TP1567 not allocated
----------------------

----------------------
TP1583 not allocated
----------------------

----------------------
TP1599 not allocated
----------------------

----------------------
TP1615 not allocated
----------------------

----------------------
TP1631 not allocated
----------------------

----------------------
TP1647 not allocated
----------------------

----------------------
TP1663 not allocated
----------------------

----------------------
TP1679 not allocated
----------------------

----------------------
TP1695 not allocated
----------------------

----------------------
TP1711 not allocated
----------------------

----------------------
TP1727 allocated to 6
----------------------

----------------------
TP1743 not allocated
----------------------

----------------------
TP1759 not allocated
----------------------

----------------------
TP1775 not allocated
----------------------

----------------------
TP1791 allocated to 3
----------------------

----------------------
TP1807 not allocated
----------------------

----------------------
TP1823 not allocated
----------------------

----------------------
TP1839 not allocated
----------------------

----------------------
TP1855 not allocated
----------------------

----------------------
TP1871 allocated to 4
----------------------

----------------------
TP1887 not allocated
----------------------

----------------------
TP1903 allocated to 6
----------------------

----------------------
TP1919 allocated to 5
----------------------

----------------------
TP1935 not allocated
----------------------

----------------------
TP1951 allocated to 4
----------------------

----------------------
TP1967 allocated to 6
----------------------

----------------------
TP1983 allocated to 5
----------------------

----------------------
TP1999 not allocated
----------------------

----------------------
TP2015 not allocated
----------------------

----------------------
TP2031 allocated to 7
----------------------

----------------------
TP2047 allocated to 8
----------------------

----------------------
TP2063 allocated to 9
----------------------

----------------------
TP2079 allocated to 5
----------------------

----------------------
TP2095 allocated to 10
----------------------

----------------------
TP2111 allocated to 11
----------------------

----------------------
TP2127 not allocated
----------------------

----------------------
TP2143 not allocated
----------------------

----------------------
TP2159 allocated to 12
----------------------

----------------------
TP2175 not allocated
----------------------

----------------------
TP2191 allocated to 13
----------------------

----------------------
TP2207 not allocated
----------------------

----------------------
TP2223 allocated to 8
----------------------

----------------------
TP2239 allocated to 14
----------------------

----------------------
TP2255 not allocated
----------------------

----------------------
TP2271 not allocated
----------------------

----------------------
TP2287 allocated to 15
----------------------

----------------------
TP2303 allocated to 16
----------------------

----------------------
TP2319 allocated to 9
----------------------

----------------------
TP2335 allocated to 17
----------------------

----------------------
TP2351 allocated to 9
----------------------

----------------------
TP2367 allocated to 18
----------------------

----------------------
TP2383 allocated to 16
----------------------

----------------------
TP2399 allocated to 8
----------------------

----------------------
TP2415 allocated to 6
----------------------

----------------------
TP2431 allocated to 7
----------------------

----------------------
TP2447 allocated to 19
----------------------

----------------------
TP2463 not allocated
----------------------

----------------------
TP2479 allocated to 13
----------------------

----------------------
TP2495 allocated to 6
----------------------

----------------------
TP2511 not allocated
----------------------

----------------------
TP2527 allocated to 15
----------------------

----------------------
TP2543 not allocated
----------------------

----------------------
TP2559 allocated to 10
----------------------

----------------------
TP2575 allocated to 6
----------------------

----------------------
TP2591 allocated to 7
----------------------

----------------------
TP2607 allocated to 12
----------------------

----------------------
TP2623 allocated to 14
----------------------

----------------------
TP2639 not allocated
----------------------

----------------------
TP2655 allocated to 11
----------------------

----------------------
TP2671 not allocated
----------------------

----------------------
TP2687 not allocated
----------------------

----------------------
TP2703 allocated to 14
----------------------

----------------------
TP2719 not allocated
----------------------

----------------------
TP2735 allocated to 5
----------------------

----------------------
TP2751 allocated to 12
----------------------

----------------------
TP2767 allocated to 18
----------------------

----------------------
TP2783 allocated to 10
----------------------

----------------------
TP2799 not allocated
----------------------

----------------------
TP2815 not allocated
----------------------

----------------------
TP2831 not allocated
----------------------

----------------------
TP2847 not allocated
----------------------

----------------------
TP2863 allocated to 15
----------------------

----------------------
TP2879 allocated to 16
----------------------

----------------------
TP2895 not allocated
----------------------

----------------------
TP2911 not allocated
----------------------

----------------------
TP2927 allocated to 8
----------------------

----------------------
TP2943 allocated to 11
----------------------

----------------------
TP2959 allocated to 17
----------------------

----------------------
TP2975 not allocated
----------------------

----------------------
TP2991 allocated to 7
----------------------

----------------------
TP3007 not allocated
----------------------

----------------------
TP3023 allocated to 9
----------------------

----------------------
TP3039 allocated to 13
----------------------

----------------------
TP3055 allocated to 19
----------------------

----------------------
TP3071 allocated to 14
----------------------

----------------------
TP3087 not allocated
----------------------

----------------------
TP3103 not allocated
----------------------

----------------------
TP3119 allocated to 16
----------------------

----------------------
TP3135 not allocated
----------------------

----------------------
TP3151 allocated to 10
----------------------

----------------------
TP3167 allocated to 7
----------------------

----------------------
TP3183 allocated to 12
----------------------

----------------------
TP3199 allocated to 8
----------------------

----------------------
TP3215 not allocated
----------------------

----------------------
TP3231 not allocated
----------------------

----------------------
TP3247 allocated to 13
----------------------

----------------------
TP3263 allocated to 19
----------------------

----------------------
TP3279 not allocated
----------------------

----------------------
TP3295 not allocated
----------------------

----------------------
TP3311 allocated to 17
----------------------

----------------------
TP3327 allocated to 9
----------------------

----------------------
TP3343 allocated to 16
----------------------

----------------------
TP3359 allocated to 13
----------------------

----------------------
TP3375 not allocated
----------------------

----------------------
TP3391 not allocated
----------------------

----------------------
TP3407 not allocated
----------------------

----------------------
TP3423 not allocated
----------------------

----------------------
TP3439 not allocated
----------------------

----------------------
TP3455 not allocated
----------------------

----------------------
TP3471 not allocated
----------------------

----------------------
TP3487 allocated to 18
----------------------

----------------------
TP3503 not allocated
----------------------

----------------------
TP3519 not allocated
----------------------

----------------------
TP3535 allocated to 11
----------------------

----------------------
TP3551 not allocated
----------------------

----------------------
TP3567 allocated to 18
----------------------

----------------------
TP3583 not allocated
----------------------

----------------------
TP3599 not allocated
----------------------

----------------------
TP3615 not allocated
----------------------

----------------------
TP3631 not allocated
----------------------

----------------------
TP3647 not allocated
----------------------

----------------------
TP3663 not allocated
----------------------

----------------------
TP3679 not allocated
----------------------

----------------------
TP3695 not allocated
----------------------

----------------------
TP3711 not allocated
----------------------

----------------------
TP3727 not allocated
----------------------

----------------------
TP3743 allocated to 9
----------------------

----------------------
TP3759 not allocated
----------------------

----------------------
TP3775 not allocated
----------------------

----------------------
TP3791 allocated to 16
----------------------

----------------------
TP3807 not allocated
----------------------

----------------------
TP3823 allocated to 11
----------------------

----------------------
TP3839 not allocated
----------------------

----------------------
TP3855 not allocated
----------------------

----------------------
TP3871 not allocated
----------------------

----------------------
TP3887 not allocated
----------------------

----------------------
TP3903 not allocated
----------------------

----------------------
TP3919 not allocated
----------------------

----------------------
TP3935 allocated to 18
----------------------

----------------------
TP3951 not allocated
----------------------

----------------------
TP3967 allocated to 14
----------------------

----------------------
TP3983 not allocated
----------------------

----------------------
TP3999 allocated to 19
----------------------

----------------------
TP4015 allocated to 17
----------------------

----------------------
TP4031 allocated to 12
----------------------

----------------------
TP4047 not allocated
----------------------

----------------------
TP4063 allocated to 11
----------------------

----------------------
TP4079 allocated to 17
----------------------

----------------------
TP4095 not allocated
----------------------

----------------------
TP4111 not allocated
----------------------

----------------------
TP4127 not allocated
----------------------

----------------------
TP4143 not allocated
----------------------

----------------------
TP4159 not allocated
----------------------

----------------------
TP4175 not allocated
----------------------

----------------------
TP4191 allocated to 13
----------------------

----------------------
TP4207 not allocated
----------------------

----------------------
TP4223 not allocated
----------------------

----------------------
TP4239 not allocated
----------------------

----------------------
TP4255 not allocated
----------------------

----------------------
TP4271 allocated to 15
----------------------

----------------------
TP4287 not allocated
----------------------

----------------------
TP4303 not allocated
----------------------

----------------------
TP4319 not allocated
----------------------

----------------------
TP4335 not allocated
----------------------

----------------------
TP4351 not allocated
----------------------

----------------------
TP4367 not allocated
----------------------

----------------------
TP4383 not allocated
----------------------

----------------------
TP4399 allocated to 16
----------------------

----------------------
TP4415 not allocated
----------------------

----------------------
TP4431 not allocated
----------------------

----------------------
TP4447 not allocated
----------------------

----------------------
TP4463 not allocated
----------------------

----------------------
TP4479 not allocated
----------------------

----------------------
TP4495 allocated to 9
----------------------

----------------------
TP4511 allocated to 14
----------------------

----------------------
TP4527 allocated to 11
----------------------

----------------------
TP4543 not allocated
----------------------

----------------------
TP4559 allocated to 19
----------------------

----------------------
TP4575 allocated to 13
----------------------

----------------------
TP4591 not allocated
----------------------

----------------------
TP4607 allocated to 19
----------------------

----------------------
TP4623 not allocated
----------------------

----------------------
TP4639 not allocated
----------------------

----------------------
TP4655 not allocated
----------------------

----------------------
TP4671 allocated to 12
----------------------

----------------------
TP4687 not allocated
----------------------

----------------------
TP4703 allocated to 14
----------------------

----------------------
TP4719 not allocated
----------------------

----------------------
TP4735 allocated to 11
----------------------

----------------------
TP4751 allocated to 18
----------------------

----------------------
TP4767 allocated to 18
----------------------

----------------------
TP4783 allocated to 9
----------------------

----------------------
TP4799 not allocated
----------------------

----------------------
TP4815 not allocated
----------------------

----------------------
TP4831 not allocated
----------------------

----------------------
TP4847 not allocated
----------------------

----------------------
TP4863 not allocated
----------------------

----------------------
TP4879 not allocated
----------------------

----------------------
TP4895 not allocated
----------------------

----------------------
TP4911 not allocated
----------------------

----------------------
TP4927 not allocated
----------------------

----------------------
TP4943 not allocated
----------------------

----------------------
TP4959 not allocated
----------------------

----------------------
TP4975 not allocated
----------------------

----------------------
TP4991 not allocated
----------------------

----------------------
TP5007 not allocated
----------------------

----------------------
TP5023 not allocated
----------------------

----------------------
TP5039 allocated to 13
----------------------

----------------------
TP5055 not allocated
----------------------

----------------------
TP5071 not allocated
----------------------

----------------------
TP5087 not allocated
----------------------

----------------------
TP5103 not allocated
----------------------

----------------------
TP5119 not allocated
----------------------

----------------------
TP5135 allocated to 10
----------------------

----------------------
TP5151 allocated to 16
----------------------

----------------------
TP5167 allocated to 19
----------------------

----------------------
TP5183 not allocated
----------------------

----------------------
TP5199 not allocated
----------------------

----------------------
TP5215 allocated to 15
----------------------

----------------------
TP5231 not allocated
----------------------

----------------------
TP5247 allocated to 10
----------------------

----------------------
TP5263 allocated to 18
----------------------

----------------------
TP5279 not allocated
----------------------

----------------------
TP5295 allocated to 17
----------------------

----------------------
TP5311 not allocated
----------------------

----------------------
TP5327 not allocated
----------------------

----------------------
TP5343 not allocated
----------------------

----------------------
TP5359 not allocated
----------------------

----------------------
TP5375 not allocated
----------------------

----------------------
TP5391 not allocated
----------------------

----------------------
TP5407 not allocated
----------------------

----------------------
TP5423 not allocated
----------------------

----------------------
TP5439 allocated to 18
----------------------

----------------------
TP5455 not allocated
----------------------

----------------------
TP5471 allocated to 9
----------------------

----------------------
TP5487 not allocated
----------------------

----------------------
TP5503 not allocated
----------------------

----------------------
TP5519 allocated to 19
----------------------

----------------------
TP5535 not allocated
----------------------

----------------------
TP5551 not allocated
----------------------

----------------------
TP5567 allocated to 16
----------------------

----------------------
TP5583 not allocated
----------------------

----------------------
TP5599 not allocated
----------------------

----------------------
TP5615 not allocated
----------------------

----------------------
TP5631 allocated to 13
----------------------

----------------------
TP5647 allocated to 18
----------------------

----------------------
TP5663 not allocated
----------------------

----------------------
TP5679 not allocated
----------------------

----------------------
TP5695 not allocated
----------------------

----------------------
TP5711 not allocated
----------------------

----------------------
TP5727 allocated to 11
----------------------

----------------------
TP5743 not allocated
----------------------

----------------------
TP5759 not allocated
----------------------

----------------------
TP5775 not allocated
----------------------

----------------------
TP5791 allocated to 16
----------------------

----------------------
TP5807 not allocated
----------------------

----------------------
TP5823 not allocated
----------------------

----------------------
TP5839 not allocated
----------------------

----------------------
TP5855 allocated to 19
----------------------

----------------------
TP5871 not allocated
----------------------

----------------------
TP5887 allocated to 12
----------------------

----------------------
TP5903 not allocated
----------------------

----------------------
TP5919 not allocated
----------------------

----------------------
TP5935 allocated to 10
----------------------

----------------------
TP5951 not allocated
----------------------

----------------------
TP5967 not allocated
----------------------

----------------------
TP5983 not allocated
----------------------

----------------------
TP5999 allocated to 9
----------------------

----------------------
TP6015 allocated to 15
----------------------

----------------------
TP6031 allocated to 12
----------------------

----------------------
TP6047 not allocated
----------------------

----------------------
TP6063 allocated to 14
----------------------

----------------------
TP6079 allocated to 11
----------------------

----------------------
TP6095 allocated to 17
----------------------

----------------------
TP6111 not allocated
----------------------

----------------------
TP6127 not allocated
----------------------

----------------------
TP6143 not allocated
----------------------

----------------------
TP6159 not allocated
----------------------

----------------------
TP6175 not allocated
----------------------

----------------------
TP6191 not allocated
----------------------

----------------------
TP6207 not allocated
----------------------

----------------------
TP6223 not allocated
----------------------

----------------------
TP6239 allocated to 10
----------------------

----------------------
TP6255 not allocated
----------------------

----------------------
TP6271 not allocated
----------------------

----------------------
TP6287 not allocated
----------------------

----------------------
TP6303 not allocated
----------------------

----------------------
TP6319 not allocated
----------------------

----------------------
TP6335 not allocated
----------------------

----------------------
TP6351 allocated to 14
----------------------

----------------------
TP6367 not allocated
----------------------

----------------------
TP6383 allocated to 15
----------------------

----------------------
TP6399 not allocated
----------------------

----------------------
TP6415 allocated to 17
----------------------

----------------------
TP6431 not allocated
----------------------

----------------------
TP6447 not allocated
----------------------

----------------------
TP6463 not allocated
----------------------

----------------------
TP6479 not allocated
----------------------

----------------------
TP6495 not allocated
----------------------

----------------------
TP6511 not allocated
----------------------

----------------------
TP6527 not allocated
----------------------

----------------------
TP6543 allocated to 12
----------------------

----------------------
TP6559 not allocated
----------------------

----------------------
TP6575 not allocated
----------------------

----------------------
TP6591 not allocated
----------------------

----------------------
TP6607 not allocated
----------------------

----------------------
TP6623 not allocated
----------------------

----------------------
TP6639 not allocated
----------------------

----------------------
TP6655 not allocated
----------------------

----------------------
TP6671 not allocated
----------------------

----------------------
TP6687 not allocated
----------------------

----------------------
TP6703 not allocated
----------------------

----------------------
TP6719 not allocated
----------------------

----------------------
TP6735 not allocated
----------------------

----------------------
TP6751 not allocated
----------------------

----------------------
TP6767 not allocated
----------------------

----------------------
TP6783 allocated to 19
----------------------

----------------------
TP6799 not allocated
----------------------

----------------------
TP6815 not allocated
----------------------

----------------------
TP6831 not allocated
----------------------

----------------------
TP6847 not allocated
----------------------

----------------------
TP6863 not allocated
----------------------

----------------------
TP6879 allocated to 10
----------------------

----------------------
TP6895 not allocated
----------------------

----------------------
TP6911 allocated to 9
----------------------

----------------------
TP6927 not allocated
----------------------

----------------------
TP6943 not allocated
----------------------

----------------------
TP6959 not allocated
----------------------

----------------------
TP6975 not allocated
----------------------

----------------------
TP6991 not allocated
----------------------

----------------------
TP7007 not allocated
----------------------

----------------------
TP7023 not allocated
----------------------

----------------------
TP7039 not allocated
----------------------

----------------------
TP7055 not allocated
----------------------

----------------------
TP7071 not allocated
----------------------

----------------------
TP7087 not allocated
----------------------

----------------------
TP7103 not allocated
----------------------

----------------------
TP7119 not allocated
----------------------

----------------------
TP7135 not allocated
----------------------

----------------------
TP7151 not allocated
----------------------

----------------------
TP7167 not allocated
----------------------

----------------------
TP7183 not allocated
----------------------

----------------------
TP7199 not allocated
----------------------

----------------------
TP7215 not allocated
----------------------

----------------------
TP7231 not allocated
----------------------

----------------------
TP7247 not allocated
----------------------

----------------------
TP7263 not allocated
----------------------

----------------------
TP7279 not allocated
----------------------

----------------------
TP7295 not allocated
----------------------

----------------------
TP7311 not allocated
----------------------

----------------------
TP7327 not allocated
----------------------

----------------------
TP7343 not allocated
----------------------

----------------------
TP7359 not allocated
----------------------

----------------------
TP7375 not allocated
----------------------

----------------------
TP7391 not allocated
----------------------

----------------------
TP7407 not allocated
----------------------

----------------------
TP7423 not allocated
----------------------

----------------------
TP7439 not allocated
----------------------

----------------------
TP7455 not allocated
----------------------

----------------------
TP7471 not allocated
----------------------

----------------------
TP7487 not allocated
----------------------

----------------------
TP7503 not allocated
----------------------

----------------------
TP7519 not allocated
----------------------

----------------------
TP7535 not allocated
----------------------

----------------------
TP7551 not allocated
----------------------

----------------------
TP7567 not allocated
----------------------

----------------------
TP7583 not allocated
----------------------

----------------------
TP7599 not allocated
----------------------

----------------------
TP7615 not allocated
----------------------

----------------------
TP7631 not allocated
----------------------

----------------------
TP7647 not allocated
----------------------

----------------------
TP7663 not allocated
----------------------

----------------------
TP7679 not allocated
----------------------

----------------------
TP7695 not allocated
----------------------

----------------------
TP7711 not allocated
----------------------

----------------------
TP7727 not allocated
----------------------

----------------------
TP7743 not allocated
----------------------

----------------------
TP7759 not allocated
----------------------

----------------------
TP7775 not allocated
----------------------

----------------------
TP7791 not allocated
----------------------

----------------------
TP7807 not allocated
----------------------

----------------------
TP7823 allocated to 17
----------------------

----------------------
TP7839 not allocated
----------------------

----------------------
TP7855 not allocated
----------------------

----------------------
TP7871 not allocated
----------------------

----------------------
TP7887 not allocated
----------------------

----------------------
TP7903 not allocated
----------------------

----------------------
TP7919 not allocated
----------------------

----------------------
TP7935 not allocated
----------------------

----------------------
TP7951 not allocated
----------------------

----------------------
TP7967 not allocated
----------------------

----------------------
TP7983 not allocated
----------------------

----------------------
TP7999 not allocated
----------------------

----------------------
TP8015 not allocated
----------------------

----------------------
TP8031 not allocated
----------------------

----------------------
TP8047 not allocated
----------------------

----------------------
TP8063 not allocated
----------------------

----------------------
TP8079 not allocated
----------------------

----------------------
TP8095 not allocated
----------------------

----------------------
TP8111 not allocated
----------------------

----------------------
TP8127 not allocated
----------------------

----------------------
TP8143 not allocated
----------------------

----------------------
TP8159 not allocated
----------------------

----------------------
TP8175 not allocated
----------------------

----------------------
TP8191 not allocated
----------------------

----------------------
TP8207 not allocated
----------------------

----------------------
TP8223 not allocated
----------------------

----------------------
TP8239 not allocated
----------------------

----------------------
TP8255 not allocated
----------------------

----------------------
TP8271 not allocated
----------------------

----------------------
TP8287 not allocated
----------------------

----------------------
TP8303 not allocated
----------------------

----------------------
TP8319 not allocated
----------------------

----------------------
TP8335 not allocated
----------------------

----------------------
TP8351 not allocated
----------------------

----------------------
TP8367 not allocated
----------------------

----------------------
TP8383 not allocated
----------------------

----------------------
TP8399 not allocated
----------------------

----------------------
TP8415 not allocated
----------------------

----------------------
TP8431 not allocated
----------------------

----------------------
TP8447 not allocated
----------------------

----------------------
TP8463 not allocated
----------------------

----------------------
TP8479 not allocated
----------------------

----------------------
TP8495 not allocated
----------------------

----------------------
TP8511 not allocated
----------------------

----------------------
TP8527 not allocated
----------------------

----------------------
TP8543 not allocated
----------------------

----------------------
TP8559 not allocated
----------------------

----------------------
TP8575 not allocated
----------------------

----------------------
TP8591 not allocated
----------------------

----------------------
TP8607 not allocated
----------------------

----------------------
TP8623 not allocated
----------------------

----------------------
TP8639 not allocated
----------------------

----------------------
TP8655 not allocated
----------------------

----------------------
TP8671 not allocated
----------------------

----------------------
TP8687 not allocated
----------------------

----------------------
TP8703 not allocated
----------------------

----------------------
TP8719 not allocated
----------------------

----------------------
TP8735 not allocated
----------------------

----------------------
TP8751 not allocated
----------------------

----------------------
TP8767 not allocated
----------------------

----------------------
TP8783 not allocated
----------------------

----------------------
TP8799 not allocated
----------------------

----------------------
TP8815 not allocated
----------------------

----------------------
TP8831 not allocated
----------------------

----------------------
TP8847 not allocated
----------------------

----------------------
TP8863 not allocated
----------------------

----------------------
TP8879 not allocated
----------------------

----------------------
TP8895 not allocated
----------------------

----------------------
TP8911 not allocated
----------------------

----------------------
TP8927 not allocated
----------------------

----------------------
TP8943 not allocated
----------------------

----------------------
TP8959 not allocated
----------------------

----------------------
TP8975 not allocated
----------------------

----------------------
TP8991 not allocated
----------------------

----------------------
TP9007 not allocated
----------------------

----------------------
TP9023 not allocated
----------------------

----------------------
TP9039 not allocated
----------------------

----------------------
TP9055 not allocated
----------------------

----------------------
TP9071 not allocated
----------------------

----------------------
TP9087 not allocated
----------------------

----------------------
TP9103 not allocated
----------------------

----------------------
TP9119 not allocated
----------------------

----------------------
TP9135 not allocated
----------------------

----------------------
TP9151 not allocated
----------------------

----------------------
TP9167 not allocated
----------------------

----------------------
TP9183 not allocated
----------------------

----------------------
TP9199 not allocated
----------------------

----------------------
TP9215 not allocated
----------------------

----------------------
TP9231 not allocated
----------------------

----------------------
TP9247 not allocated
----------------------

----------------------
TP9263 not allocated
----------------------

----------------------
TP9279 not allocated
----------------------

----------------------
TP9295 not allocated
----------------------

----------------------
TP9311 not allocated
----------------------

----------------------
TP9327 not allocated
----------------------

----------------------
TP9343 not allocated
----------------------

----------------------
TP9359 not allocated
----------------------

----------------------
TP9375 not allocated
----------------------

----------------------
TP9391 not allocated
----------------------

----------------------
TP9407 not allocated
----------------------

----------------------
TP9423 not allocated
----------------------

----------------------
TP9439 not allocated
----------------------

----------------------
TP9455 not allocated
----------------------

----------------------
TP9471 not allocated
----------------------

----------------------
TP9487 not allocated
----------------------

----------------------
TP9503 not allocated
----------------------

----------------------
TP9519 not allocated
----------------------

----------------------
TP9535 not allocated
----------------------

----------------------
TP9551 not allocated
----------------------

----------------------
TP9567 not allocated
----------------------

----------------------
TP9583 not allocated
----------------------

----------------------
TP9599 not allocated
----------------------

----------------------
TP9615 not allocated
----------------------

----------------------
TP9631 not allocated
----------------------

----------------------
TP9647 not allocated
----------------------

----------------------
TP9663 not allocated
----------------------

----------------------
TP9679 not allocated
----------------------

----------------------
TP9695 not allocated
----------------------

----------------------
TP9711 not allocated
----------------------

----------------------
TP9727 not allocated
----------------------

----------------------
TP9743 not allocated
----------------------

----------------------
TP9759 not allocated
----------------------

----------------------
TP9775 not allocated
----------------------

----------------------
TP9791 not allocated
----------------------

----------------------
TP9807 not allocated
----------------------

----------------------
TP9823 not allocated
----------------------

----------------------
TP9839 not allocated
----------------------

----------------------
TP9855 not allocated
----------------------

----------------------
TP9871 not allocated
----------------------

----------------------
TP9887 not allocated
----------------------

----------------------
TP9903 not allocated
----------------------

----------------------
TP9919 not allocated
----------------------

----------------------
TP9935 not allocated
----------------------

----------------------
TP9951 not allocated
----------------------

----------------------
TP9967 not allocated
----------------------

----------------------
TP9983 not allocated
----------------------

----------------------
TP9999 not allocated
----------------------

-------------------------------------------------------------------------

Ride-sharing vs Individual Mode - Num Vehicles and Distance Comparisson 

-------------------------------------------------------------------------
Individual Mode = 625 vehicles.
Ride-sharing Mode = 510 vehicles. The 19 ride-sharing vehicles + 491 vehicles of the individuals not served by the ride-sharing service.
-------------------------------------------------------------------------
Individual Mode = 935814 distance.
Ride-sharing Mode = 1269186 distance. 638174 from the EV fleet + 631012 from the distance of the trips not covered individuals had to do with their own vehicle.
-------------------------------------------------------------------------
